1.391448020000000000e+08
1.361003170000000000e+08
1.162815550000000000e+08
1.487816890000000000e+08
1.543590900000000000e+08
1.005202200000000000e+08
1.163064720000000000e+08
1.254444050000000000e+08
1.290464870000000000e+08
1.295340300000000000e+08
1.201218607000000000e+09
1.292040230000000000e+08
1.271237667000000000e+09
1.196549210000000000e+08
1.291319460000000000e+08
1.196546440000000000e+08
1.283444440000000000e+08
1.194867640000000000e+08
1.381478970000000000e+08
1.374493370000000000e+08
1.292826130000000000e+08
1.294523180000000000e+08
1.255242710000000000e+08
1.543047840000000000e+08
1.540873900000000000e+08
1.378344490000000000e+08
1.288251280000000000e+08
1.400921376000000000e+09
1.487647010000000000e+08
1.273083050000000000e+08
1.372709920000000000e+08
1.065521300000000000e+07
1.295638950000000000e+08
1.543594270000000000e+08
1.194002950000000000e+08
1.288211120000000000e+08
1.198941410000000000e+08
1.503889500000000000e+08
1.288218880000000000e+08
1.542673240000000000e+08
1.157400240000000000e+08
1.292016500000000000e+08
1.205983540000000000e+08
1.283792280000000000e+08
1.197056470000000000e+08
1.289191700000000000e+08
1.544774690000000000e+08
1.102055409000000000e+09
1.400989060000000000e+09
1.162789240000000000e+08
1.540916780000000000e+08
1.283391920000000000e+08
1.543833310000000000e+08
1.371845780000000000e+08
1.380036470000000000e+08
1.286927490000000000e+08
1.292184470000000000e+08
1.157367750000000000e+08
1.254449260000000000e+08
1.273711980000000000e+08
1.006326380000000000e+08
1.199967310000000000e+08
1.007341890000000000e+08
1.004959330000000000e+08
1.283401980000000000e+08
1.367559580000000000e+08
1.199634300000000000e+08
1.254462060000000000e+08
1.423941770000000000e+08
1.102452862000000000e+09
1.197658850000000000e+08
1.194802360000000000e+08
1.273703130000000000e+08
1.254865770000000000e+08
1.541081880000000000e+08
1.373539140000000000e+08
1.419159100000000000e+08
1.001095628000000000e+09
1.389486960000000000e+08
1.102311837000000000e+09
1.542713160000000000e+08
1.195789100000000000e+08
1.254426140000000000e+08
1.254430540000000000e+08
1.202365730000000000e+08
1.204087180000000000e+08
1.367044930000000000e+08
1.008607690000000000e+08
1.253694330000000000e+08
1.288247850000000000e+08
1.290098350000000000e+08
1.543817900000000000e+08
1.378316120000000000e+08
1.068056100000000000e+07
1.203471310000000000e+08
1.539387470000000000e+08
1.288203740000000000e+08
1.418142720000000000e+08
1.294571430000000000e+08
1.385368430000000000e+08
1.539388220000000000e+08
1.001379863000000000e+09
1.544292210000000000e+08
1.380871390000000000e+08
1.487813210000000000e+08
1.392091950000000000e+08
1.164835140000000000e+08
1.540898460000000000e+08
1.487828140000000000e+08
1.001200319000000000e+09
1.545548450000000000e+08
1.295381330000000000e+08
1.163821360000000000e+08
1.287202500000000000e+08
1.283800890000000000e+08
1.392108860000000000e+08
1.273068020000000000e+08
1.543851830000000000e+08
1.001264924000000000e+09
1.389460890000000000e+08
1.542580120000000000e+08
1.542242040000000000e+08
1.400714115000000000e+09
1.392585830000000000e+08
1.418602040000000000e+08
1.072938500000000000e+07
1.363130230000000000e+08
1.542238530000000000e+08
1.369784610000000000e+08
1.195141950000000000e+08
1.200594160000000000e+08
1.375205930000000000e+08
1.418147450000000000e+08
1.369749500000000000e+08
1.539859950000000000e+08
1.291350050000000000e+08
1.001115868000000000e+09
1.543037100000000000e+08
1.001100501000000000e+09
1.001420991000000000e+09
1.206000760000000000e+08
1.102143084000000000e+09
1.200601880000000000e+08
1.163794820000000000e+08
1.383159280000000000e+08
1.271268578000000000e+09
1.072945900000000000e+07
1.199676020000000000e+08
1.542715360000000000e+08
1.539410350000000000e+08
1.487814220000000000e+08
1.362981180000000000e+08
1.286354960000000000e+08
1.293314120000000000e+08
1.418606620000000000e+08
1.200568980000000000e+08
1.543476090000000000e+08
1.274185230000000000e+08
1.387486460000000000e+08
1.418645330000000000e+08
1.418752400000000000e+08
1.202927370000000000e+08
1.198364870000000000e+08
1.163615500000000000e+08
1.163062780000000000e+08
1.285012440000000000e+08
1.369982770000000000e+08
1.487845430000000000e+08
1.271359291000000000e+09
1.418186100000000000e+08
1.284424850000000000e+08
1.195135380000000000e+08
1.206025010000000000e+08
1.538227450000000000e+08
1.291019200000000000e+08
1.543839910000000000e+08
1.157794650000000000e+08
1.159083300000000000e+08
1.545600310000000000e+08
1.273372110000000000e+08
1.074790800000000000e+07
1.194819710000000000e+08
1.361698870000000000e+08
1.378317830000000000e+08
1.254443810000000000e+08
1.164386980000000000e+08
1.295633180000000000e+08
1.387456250000000000e+08
1.195885920000000000e+08
1.273650160000000000e+08
1.290064090000000000e+08
1.538835310000000000e+08
1.001006749000000000e+09
1.540611610000000000e+08
1.001242660000000000e+09
1.540875940000000000e+08
1.291305770000000000e+08
1.102114175000000000e+09
1.542081930000000000e+08
1.204839890000000000e+08
1.487814970000000000e+08
1.204806700000000000e+08
1.418622380000000000e+08
1.283838170000000000e+08
1.401023908000000000e+09
1.540679190000000000e+08
1.371988060000000000e+08
1.378415510000000000e+08
1.400801643000000000e+09
1.008059440000000000e+08
1.292825830000000000e+08
1.001195877000000000e+09
1.418176340000000000e+08
1.285586730000000000e+08
1.294128360000000000e+08
1.378332900000000000e+08
1.204057000000000000e+08
1.102503442000000000e+09
1.005221930000000000e+08
1.289272930000000000e+08
1.545563080000000000e+08
1.543543400000000000e+08
1.201200652000000000e+09
1.423961940000000000e+08
1.543485620000000000e+08
1.390206910000000000e+08
1.006198870000000000e+08
1.164160360000000000e+08
1.382390740000000000e+08
1.503889480000000000e+08
1.542087220000000000e+08
1.294135960000000000e+08
1.368542230000000000e+08
1.378587080000000000e+08
1.001285596000000000e+09
1.418221610000000000e+08
1.487647190000000000e+08
1.203471150000000000e+08
1.418628870000000000e+08
1.487814740000000000e+08
1.065585700000000000e+07
1.162792580000000000e+08
1.543594920000000000e+08
1.367588640000000000e+08
1.205284710000000000e+08
1.206387320000000000e+08
1.369929310000000000e+08
1.400934613000000000e+09
1.388642950000000000e+08
1.201228157000000000e+09
1.386180210000000000e+08
1.000940791000000000e+09
1.542566520000000000e+08
1.542716700000000000e+08
1.418617790000000000e+08
1.206410350000000000e+08
1.102591398000000000e+09
1.540916150000000000e+08
1.202371230000000000e+08
1.542143480000000000e+08
1.271314855000000000e+09
1.401045351000000000e+09
1.273384830000000000e+08
1.198942980000000000e+08
1.542237600000000000e+08
1.195831750000000000e+08
1.201882630000000000e+08
1.291323330000000000e+08
1.418753980000000000e+08
1.418723930000000000e+08
1.418211860000000000e+08
1.504126670000000000e+08
1.369999530000000000e+08
1.195880330000000000e+08
1.541016780000000000e+08
1.542042090000000000e+08
1.384645040000000000e+08
1.203466040000000000e+08
1.254442900000000000e+08
1.541821440000000000e+08
1.206791000000000000e+08
1.369765590000000000e+08
1.418127040000000000e+08
1.367616210000000000e+08
1.165040040000000000e+08
1.102395903000000000e+09
1.206789010000000000e+08
1.294839500000000000e+08
1.290078200000000000e+08
1.254840090000000000e+08
1.418640550000000000e+08
1.156267720000000000e+08
1.195849630000000000e+08
1.164161670000000000e+08
1.369517990000000000e+08
1.540679250000000000e+08
1.201847340000000000e+08
1.065693000000000000e+07
1.055355200000000000e+07
1.539871860000000000e+08
1.157400400000000000e+08
1.202389130000000000e+08
1.164860540000000000e+08
1.055330000000000000e+07
1.503878990000000000e+08
1.289266760000000000e+08
1.543580930000000000e+08
1.291289730000000000e+08
1.541081460000000000e+08
1.273395110000000000e+08
1.370255820000000000e+08
1.543819870000000000e+08
1.292191740000000000e+08
1.001067205000000000e+09
1.418158340000000000e+08
1.205971700000000000e+08
1.538800520000000000e+08
1.540627150000000000e+08
1.542732620000000000e+08
1.195810220000000000e+08
1.206745360000000000e+08
1.156876990000000000e+08
1.294113610000000000e+08
1.001255617000000000e+09
1.542236680000000000e+08
1.157404780000000000e+08
1.539404960000000000e+08
1.197014730000000000e+08
1.419156060000000000e+08
1.205245650000000000e+08
1.375118930000000000e+08
1.543851260000000000e+08
1.293363690000000000e+08
1.383718190000000000e+08
1.540677970000000000e+08
1.419156010000000000e+08
1.283419750000000000e+08
1.293308080000000000e+08
1.162833170000000000e+08
1.418598850000000000e+08
1.165010750000000000e+08
1.163073250000000000e+08
1.005009930000000000e+08
1.065720400000000000e+07
1.369965520000000000e+08
1.202886110000000000e+08
1.540917660000000000e+08
1.162807470000000000e+08
1.001166180000000000e+09
1.194837030000000000e+08
1.391369740000000000e+08
1.001253214000000000e+09
1.201286482000000000e+09
1.370258270000000000e+08
1.378345590000000000e+08
1.196982760000000000e+08
1.201141235000000000e+09
1.200598190000000000e+08
1.205971050000000000e+08
1.387545840000000000e+08
1.418198260000000000e+08
1.199671000000000000e+08
1.102311567000000000e+09
1.001164217000000000e+09
1.378318290000000000e+08
1.369998200000000000e+08
1.283433040000000000e+08
1.370258550000000000e+08
1.206757620000000000e+08
1.197631350000000000e+08
1.201251848000000000e+09
1.541807620000000000e+08
1.391434970000000000e+08
1.543020070000000000e+08
1.204844150000000000e+08
1.273660450000000000e+08
1.540916300000000000e+08
1.369784120000000000e+08
1.005220710000000000e+08
1.162818930000000000e+08
1.074775000000000000e+07
1.102129242000000000e+09
1.378431040000000000e+08
1.286344260000000000e+08
1.198940240000000000e+08
1.005263270000000000e+08
1.102210459000000000e+09
1.284428440000000000e+08
1.102311836000000000e+09
1.542237420000000000e+08
1.361029830000000000e+08
1.487661310000000000e+08
1.162812650000000000e+08
1.163847070000000000e+08
1.158093330000000000e+08
1.203436000000000000e+08
1.287849460000000000e+08
1.542248500000000000e+08
1.542689130000000000e+08
1.378517860000000000e+08
1.001382695000000000e+09
1.369545360000000000e+08
1.196973380000000000e+08
1.059626900000000000e+07
1.271355422000000000e+09
1.195789240000000000e+08
1.543579410000000000e+08
1.164861120000000000e+08
1.156273640000000000e+08
1.292205060000000000e+08
1.375165580000000000e+08
1.543827380000000000e+08
1.292177000000000000e+08
1.367221030000000000e+08
1.287845060000000000e+08
1.371888340000000000e+08
1.418758210000000000e+08
1.292001980000000000e+08
1.542952150000000000e+08
1.291080080000000000e+08
1.381369970000000000e+08
1.378437640000000000e+08
1.542569270000000000e+08
1.418212500000000000e+08
1.418166780000000000e+08
1.254875630000000000e+08
1.198992500000000000e+08
1.201134218000000000e+09
1.418223940000000000e+08
1.539398040000000000e+08
1.487643130000000000e+08
1.292182680000000000e+08
1.543461810000000000e+08
1.000895198000000000e+09
1.418205480000000000e+08
1.291282120000000000e+08
1.540894720000000000e+08
1.543047820000000000e+08
1.164159840000000000e+08
1.201905410000000000e+08
1.163047910000000000e+08
1.006780670000000000e+08
1.541825490000000000e+08
1.542571280000000000e+08
1.294142230000000000e+08
1.204040990000000000e+08
1.487833440000000000e+08
1.197012130000000000e+08
1.370254600000000000e+08
1.007291350000000000e+08
1.378324800000000000e+08
1.369892860000000000e+08
1.285001180000000000e+08
1.201089790000000000e+08
1.542716150000000000e+08
1.538800670000000000e+08
1.001239799000000000e+09
1.543009820000000000e+08
1.363073560000000000e+08
1.159082310000000000e+08
1.205322850000000000e+08
1.295375450000000000e+08
1.205338660000000000e+08
1.006010110000000000e+08
1.390115190000000000e+08
1.418732110000000000e+08
1.006300900000000000e+08
1.001235444000000000e+09
1.543484580000000000e+08
1.162657730000000000e+08
1.539804090000000000e+08
1.007284190000000000e+08
1.418645070000000000e+08
1.007292880000000000e+08
1.543837580000000000e+08
1.369951300000000000e+08
1.163074610000000000e+08
1.542238600000000000e+08
1.195777410000000000e+08
1.295648980000000000e+08
1.544826830000000000e+08
1.102346472000000000e+09
1.102509698000000000e+09
1.378471680000000000e+08
1.476240380000000000e+08
1.369997140000000000e+08
1.295611470000000000e+08
1.195791460000000000e+08
1.289266770000000000e+08
1.290121520000000000e+08
1.005021800000000000e+08
1.375130560000000000e+08
1.360992730000000000e+08
1.284403350000000000e+08
1.542621280000000000e+08
1.539397020000000000e+08
1.369983600000000000e+08
1.206029400000000000e+08
1.102630962000000000e+09
1.542718930000000000e+08
1.487843220000000000e+08
1.009989130000000000e+08
1.542715680000000000e+08
1.007992760000000000e+08
1.163636570000000000e+08
1.001005855000000000e+09
1.289245380000000000e+08
1.286362060000000000e+08
1.159082270000000000e+08
1.162785340000000000e+08
1.162826180000000000e+08
1.072886700000000000e+07
1.285564940000000000e+08
1.542720600000000000e+08
1.538244780000000000e+08
1.162814680000000000e+08
1.102292422000000000e+09
1.418722670000000000e+08
1.294577990000000000e+08
1.291337900000000000e+08
1.199940080000000000e+08
1.271099623000000000e+09
1.066899300000000000e+07
1.418170840000000000e+08
1.001045429000000000e+09
1.007998580000000000e+08
1.157367190000000000e+08
1.273429390000000000e+08
1.542579890000000000e+08
1.369973440000000000e+08
1.368518510000000000e+08
1.538903030000000000e+08
1.418744810000000000e+08
1.380063970000000000e+08
1.273387440000000000e+08
1.195880400000000000e+08
1.156850680000000000e+08
1.541067580000000000e+08
1.164411740000000000e+08
1.201085955000000000e+09
1.202383910000000000e+08
1.542222310000000000e+08
1.255261270000000000e+08
1.004999920000000000e+08
1.162805250000000000e+08
1.367673750000000000e+08
1.102582998000000000e+09
1.499705000000000000e+08
1.196965690000000000e+08
1.201098810000000000e+08
1.202394580000000000e+08
1.283866310000000000e+08
1.544327410000000000e+08
1.542977650000000000e+08
1.273710060000000000e+08
1.001244695000000000e+09
1.389505430000000000e+08
1.195863680000000000e+08
1.195771700000000000e+08
1.163617590000000000e+08
1.541253260000000000e+08
1.007721630000000000e+08
1.370356690000000000e+08
1.199943800000000000e+08
1.541069570000000000e+08
1.102455399000000000e+09
1.378329870000000000e+08
1.254466930000000000e+08
1.540963140000000000e+08
1.544308320000000000e+08
1.284999710000000000e+08
1.390193910000000000e+08
1.418224100000000000e+08
1.201247611000000000e+09
1.540621580000000000e+08
1.194796040000000000e+08
1.538266850000000000e+08
1.487817860000000000e+08
1.000911683000000000e+09
1.006716860000000000e+08
1.378323760000000000e+08
1.365139530000000000e+08
1.283782640000000000e+08
1.004080430000000000e+08
1.006775250000000000e+08
1.418169930000000000e+08
1.206451180000000000e+08
1.366425600000000000e+08
1.253975010000000000e+08
1.541259480000000000e+08
1.290500690000000000e+08
1.543849920000000000e+08
1.291980400000000000e+08
1.294871920000000000e+08
1.476241200000000000e+08
1.201189881000000000e+09
1.369950940000000000e+08
1.538841280000000000e+08
1.273693150000000000e+08
1.541647670000000000e+08
1.289195340000000000e+08
1.006723890000000000e+08
1.383757590000000000e+08
1.487672220000000000e+08
1.165418790000000000e+08
1.288215890000000000e+08
1.542728990000000000e+08
1.390851030000000000e+08
1.162796760000000000e+08
1.295621950000000000e+08
1.418763420000000000e+08
1.542234310000000000e+08
1.289256080000000000e+08
1.006221720000000000e+08
1.271265755000000000e+09
1.195800260000000000e+08
1.545592720000000000e+08
1.202318370000000000e+08
1.001008685000000000e+09
1.283449300000000000e+08
1.418130850000000000e+08
1.201360406000000000e+09
1.006280850000000000e+08
1.386064290000000000e+08
1.544288710000000000e+08
1.271325892000000000e+09
1.201134770000000000e+08
1.291976360000000000e+08
1.370254920000000000e+08
1.418121650000000000e+08
1.539807460000000000e+08
1.164158830000000000e+08
1.389487010000000000e+08
1.370435570000000000e+08
1.539432350000000000e+08
1.370039880000000000e+08
1.418748820000000000e+08
1.202317180000000000e+08
1.067738300000000000e+07
1.067742400000000000e+07
1.504354080000000000e+08
1.540601950000000000e+08
1.542730710000000000e+08
1.418124110000000000e+08
1.271341297000000000e+09
1.378435370000000000e+08
1.201246764000000000e+09
1.542587420000000000e+08
1.401081864000000000e+09
1.382307460000000000e+08
1.204077610000000000e+08
1.202399780000000000e+08
1.285608130000000000e+08
1.206031420000000000e+08
1.164834180000000000e+08
1.386119550000000000e+08
1.542936710000000000e+08
1.378345790000000000e+08
1.102334293000000000e+09
1.290499940000000000e+08
1.288275020000000000e+08
1.285032500000000000e+08
1.539827530000000000e+08
1.102119371000000000e+09
1.102571593000000000e+09
1.254866010000000000e+08
1.163844450000000000e+08
1.538237600000000000e+08
1.542219750000000000e+08
1.271218438000000000e+09
1.418762860000000000e+08
1.066854600000000000e+07
1.370214330000000000e+08
1.292039700000000000e+08
1.294533190000000000e+08
1.201199133000000000e+09
1.292181180000000000e+08
1.385288430000000000e+08
1.539841640000000000e+08
1.418173480000000000e+08
1.292167720000000000e+08
1.201246763000000000e+09
1.254437040000000000e+08
1.499702750000000000e+08
1.540703150000000000e+08
1.286339200000000000e+08
1.543831160000000000e+08
1.504343650000000000e+08
1.418224260000000000e+08
1.271088706000000000e+09
1.540967430000000000e+08
1.194781870000000000e+08
1.102493238000000000e+09
1.197000840000000000e+08
1.295629680000000000e+08
1.418607120000000000e+08
1.541238950000000000e+08
1.401020355000000000e+09
1.102274128000000000e+09
1.159082510000000000e+08
1.370201160000000000e+08
1.292874690000000000e+08
1.375111200000000000e+08
1.001291727000000000e+09
1.545599980000000000e+08
1.289252870000000000e+08
1.006767320000000000e+08
1.542236900000000000e+08
1.287835180000000000e+08
1.195074740000000000e+08
1.386710390000000000e+08
1.544290480000000000e+08
1.542252930000000000e+08
1.194869920000000000e+08
1.255251120000000000e+08
1.380054020000000000e+08
1.201174090000000000e+08
1.162812390000000000e+08
1.001239332000000000e+09
1.366531490000000000e+08
1.290111690000000000e+08
1.295387720000000000e+08
1.543834610000000000e+08
1.543848180000000000e+08
1.205317720000000000e+08
1.538832370000000000e+08
1.287172760000000000e+08
1.294084540000000000e+08
1.540938400000000000e+08
1.205268770000000000e+08
1.543835390000000000e+08
1.273077660000000000e+08
1.286347890000000000e+08
1.163061640000000000e+08
1.102555267000000000e+09
1.205253930000000000e+08
1.162806030000000000e+08
1.365178350000000000e+08
1.487840710000000000e+08
1.156278910000000000e+08
1.000946479000000000e+09
1.164837340000000000e+08
1.162788260000000000e+08
1.159068070000000000e+08
1.163817460000000000e+08
1.001173087000000000e+09
1.418622460000000000e+08
1.487843610000000000e+08
1.102317433000000000e+09
1.418162390000000000e+08
1.378416920000000000e+08
1.007344400000000000e+08
1.206385310000000000e+08
1.542083740000000000e+08
1.378354080000000000e+08
1.384656920000000000e+08
1.487826410000000000e+08
1.544801310000000000e+08
1.487844190000000000e+08
1.504349020000000000e+08
1.271318147000000000e+09
1.163060350000000000e+08
1.195103590000000000e+08
1.164386300000000000e+08
1.476244130000000000e+08
1.539878570000000000e+08
1.542713770000000000e+08
1.543461020000000000e+08
1.540703830000000000e+08
1.294098900000000000e+08
1.197659890000000000e+08
1.201176060000000000e+08
1.542652020000000000e+08
1.287819720000000000e+08
1.203527460000000000e+08
1.005021600000000000e+08
1.294123450000000000e+08
1.201119969000000000e+09
1.001099007000000000e+09
1.542579600000000000e+08
1.367216160000000000e+08
1.540953820000000000e+08
1.504361350000000000e+08
1.368522780000000000e+08
1.542718080000000000e+08
1.418768390000000000e+08
1.290439750000000000e+08
1.199989600000000000e+08
1.102049451000000000e+09
1.294497230000000000e+08
1.205980170000000000e+08
1.271262829000000000e+09
1.540874000000000000e+08
1.418204540000000000e+08
1.007675260000000000e+08
1.284378240000000000e+08
1.201194272000000000e+09
1.159201630000000000e+08
1.162815650000000000e+08
1.369750770000000000e+08
1.418216090000000000e+08
1.201146210000000000e+08
1.066647900000000000e+07
1.286855580000000000e+08
1.273369130000000000e+08
1.289276930000000000e+08
1.487822430000000000e+08
1.542042850000000000e+08
1.102048099000000000e+09
1.072805400000000000e+07
1.201228104000000000e+09
1.540559620000000000e+08
1.290507780000000000e+08
1.424132040000000000e+08
1.378333040000000000e+08
1.370042950000000000e+08
1.487815040000000000e+08
1.074705700000000000e+07
1.418181090000000000e+08
1.005256220000000000e+08
1.162828790000000000e+08
1.542564910000000000e+08
1.102166561000000000e+09
1.102469580000000000e+09
1.004954290000000000e+08
1.503887530000000000e+08
1.540574650000000000e+08
1.538248240000000000e+08
1.540700260000000000e+08
1.389498160000000000e+08
1.200598130000000000e+08
1.369971570000000000e+08
1.538338950000000000e+08
1.401014375000000000e+09
1.197627710000000000e+08
1.288658210000000000e+08
1.367094490000000000e+08
1.383177460000000000e+08
1.008042460000000000e+08
1.287140650000000000e+08
1.283783290000000000e+08
1.379515260000000000e+08
1.365200020000000000e+08
1.542598630000000000e+08
1.542657230000000000e+08
1.418632940000000000e+08
1.007281630000000000e+08
1.288189350000000000e+08
1.157441710000000000e+08
1.390193840000000000e+08
1.379480960000000000e+08
1.367215620000000000e+08
1.543583060000000000e+08
1.162810520000000000e+08
1.157722410000000000e+08
1.543843710000000000e+08
1.288260780000000000e+08
1.196973090000000000e+08
1.162807030000000000e+08
1.205987370000000000e+08
1.544248430000000000e+08
1.203466190000000000e+08
1.487646550000000000e+08
1.102550100000000000e+09
1.295368770000000000e+08
1.487826620000000000e+08
1.542222580000000000e+08
1.290470520000000000e+08
1.283447240000000000e+08
1.201109390000000000e+08
1.005956270000000000e+08
1.292014610000000000e+08
1.006289360000000000e+08
1.162833820000000000e+08
1.201270568000000000e+09
1.203445870000000000e+08
1.200567690000000000e+08
1.538240020000000000e+08
1.293306760000000000e+08
1.371927910000000000e+08
1.542945750000000000e+08
1.543579420000000000e+08
1.360952740000000000e+08
1.487655860000000000e+08
1.287208910000000000e+08
1.198289070000000000e+08
1.059691200000000000e+07
1.102554583000000000e+09
1.363633460000000000e+08
1.008039090000000000e+08
1.289270880000000000e+08
1.542094460000000000e+08
1.206017880000000000e+08
1.487838440000000000e+08
1.540966040000000000e+08
1.295334580000000000e+08
1.206772960000000000e+08
1.157380300000000000e+08
1.287807050000000000e+08
1.205994960000000000e+08
1.289242270000000000e+08
1.283802550000000000e+08
1.386744680000000000e+08
1.163618270000000000e+08
1.400769906000000000e+09
1.194786950000000000e+08
1.418609370000000000e+08
1.541077870000000000e+08
1.418168340000000000e+08
1.291063560000000000e+08
1.542225200000000000e+08
1.389517790000000000e+08
1.538326860000000000e+08
1.199694450000000000e+08
1.543591600000000000e+08
1.163786420000000000e+08
1.542040290000000000e+08
1.418166750000000000e+08
1.499700220000000000e+08
1.102332935000000000e+09
1.292046080000000000e+08
1.102400359000000000e+09
1.201246934000000000e+09
1.544333840000000000e+08
1.544277400000000000e+08
1.156278330000000000e+08
1.294894320000000000e+08
1.543482570000000000e+08
1.001099006000000000e+09
1.254453410000000000e+08
1.476238100000000000e+08
1.487837030000000000e+08
1.286858650000000000e+08
1.162804430000000000e+08
1.545517140000000000e+08
1.162831370000000000e+08
1.163064520000000000e+08
1.542689720000000000e+08
1.290070020000000000e+08
1.542066060000000000e+08
1.400994843000000000e+09
1.542720500000000000e+08
1.418758720000000000e+08
1.418170170000000000e+08
1.163056860000000000e+08
1.284980580000000000e+08
1.542132240000000000e+08
1.389539390000000000e+08
1.487815680000000000e+08
1.400707369000000000e+09
1.273072570000000000e+08
1.418649530000000000e+08
1.380010180000000000e+08
1.206051680000000000e+08
1.418140260000000000e+08
1.286303770000000000e+08
1.487823770000000000e+08
1.164407760000000000e+08
1.102242692000000000e+09
1.201123373000000000e+09
1.194871030000000000e+08
1.369549620000000000e+08
1.364672220000000000e+08
1.286273650000000000e+08
1.379475920000000000e+08
1.271046655000000000e+09
1.295386500000000000e+08
1.372689270000000000e+08
1.378350680000000000e+08
1.162797570000000000e+08
1.540656270000000000e+08
1.378418030000000000e+08
1.361039530000000000e+08
1.290131050000000000e+08
1.206458560000000000e+08
1.164835060000000000e+08
1.287838010000000000e+08
1.418624150000000000e+08
1.201158100000000000e+08
1.392216280000000000e+08
1.370258460000000000e+08
1.379550490000000000e+08
1.199648150000000000e+08
1.156919390000000000e+08
1.157737060000000000e+08
1.286336760000000000e+08
1.540622360000000000e+08
1.377006570000000000e+08
1.201099380000000000e+08
1.378427500000000000e+08
1.288271170000000000e+08
1.206404390000000000e+08
1.194869420000000000e+08
1.201169300000000000e+08
1.284954700000000000e+08
1.283781430000000000e+08
1.294827720000000000e+08
1.542948340000000000e+08
1.201228154000000000e+09
1.401020353000000000e+09
1.204033350000000000e+08
1.156846870000000000e+08
1.198920600000000000e+08
1.202954140000000000e+08
1.163065310000000000e+08
1.370212150000000000e+08
1.360278590000000000e+08
1.287218450000000000e+08
1.007355450000000000e+08
1.418188150000000000e+08
1.101900758000000000e+09
1.102165168000000000e+09
1.102584065000000000e+09
1.543504730000000000e+08
1.286928390000000000e+08
1.284372850000000000e+08
1.201169370000000000e+08
1.378438150000000000e+08
1.201291460000000000e+09
1.001184605000000000e+09
1.001291726000000000e+09
1.542248040000000000e+08
1.378345780000000000e+08
1.401081862000000000e+09
1.369531410000000000e+08
1.368497750000000000e+08
1.271070698000000000e+09
1.273700640000000000e+08
1.542703800000000000e+08
1.543578040000000000e+08
1.286924450000000000e+08
1.201246068000000000e+09
1.295406740000000000e+08
1.273367770000000000e+08
1.201292734000000000e+09
1.007332230000000000e+08
1.388705150000000000e+08
1.419155370000000000e+08
1.284385060000000000e+08
1.288278550000000000e+08
1.292167730000000000e+08
1.538865540000000000e+08
1.102043869000000000e+09
1.539841620000000000e+08
1.542953500000000000e+08
1.006305100000000000e+08
1.254460830000000000e+08
1.162839110000000000e+08
1.369965740000000000e+08
1.068081900000000000e+07
1.287845670000000000e+08
1.543820280000000000e+08
1.287210580000000000e+08
1.202929560000000000e+08
1.364588960000000000e+08
1.418609360000000000e+08
1.072936200000000000e+07
1.540918480000000000e+08
1.294553170000000000e+08
1.294885200000000000e+08
1.007681590000000000e+08
1.254421210000000000e+08
1.372725110000000000e+08
1.364667890000000000e+08
1.273373120000000000e+08
1.163068040000000000e+08
1.287846610000000000e+08
1.102339958000000000e+09
1.005981570000000000e+08
1.007739360000000000e+08
1.542166980000000000e+08
1.201307286000000000e+09
1.418198640000000000e+08
1.289270890000000000e+08
1.203496470000000000e+08
1.383781510000000000e+08
1.004975680000000000e+08
1.542999010000000000e+08
1.271130540000000000e+09
1.538816880000000000e+08
1.198947170000000000e+08
1.288652960000000000e+08
1.292894330000000000e+08
1.487823820000000000e+08
1.290469030000000000e+08
1.418608690000000000e+08
1.374461800000000000e+08
1.378354230000000000e+08
1.293345540000000000e+08
1.074747000000000000e+07
1.504344030000000000e+08
1.271365948000000000e+09
1.254864810000000000e+08
1.293317900000000000e+08
1.286843220000000000e+08
1.005024090000000000e+08
1.157715490000000000e+08
1.544297550000000000e+08
1.291284450000000000e+08
1.378344920000000000e+08
1.295416790000000000e+08
1.287223660000000000e+08
1.539799880000000000e+08
1.200524450000000000e+08
1.159082900000000000e+08
1.102359033000000000e+09
1.001115459000000000e+09
1.538241270000000000e+08
1.290094710000000000e+08
1.369926900000000000e+08
1.367584030000000000e+08
1.543594870000000000e+08
1.102550101000000000e+09
1.283859710000000000e+08
1.377942950000000000e+08
1.365139720000000000e+08
1.290995930000000000e+08
1.385327560000000000e+08
1.543832160000000000e+08
1.418207050000000000e+08
1.287138350000000000e+08
1.273068340000000000e+08
1.273360650000000000e+08
1.540969690000000000e+08
1.378354560000000000e+08
1.543842850000000000e+08
1.418745520000000000e+08
1.367580570000000000e+08
1.369530990000000000e+08
1.386826460000000000e+08
1.290110680000000000e+08
1.291325460000000000e+08
1.157378340000000000e+08
1.369535710000000000e+08
1.292186420000000000e+08
1.295621880000000000e+08
1.291282880000000000e+08
1.007344570000000000e+08
1.198276070000000000e+08
1.381494330000000000e+08
1.164887480000000000e+08
1.542226710000000000e+08
1.273660470000000000e+08
1.163842470000000000e+08
1.418126090000000000e+08
1.201888180000000000e+08
1.294116850000000000e+08
1.198968160000000000e+08
1.004997890000000000e+08
1.370214180000000000e+08
1.198334620000000000e+08
1.542726610000000000e+08
1.539438080000000000e+08
1.163816090000000000e+08
1.376240730000000000e+08
1.400770435000000000e+09
1.539876740000000000e+08
1.543558710000000000e+08
1.370246030000000000e+08
1.378437540000000000e+08
1.400807589000000000e+09
1.005197500000000000e+08
1.200515650000000000e+08
1.283395130000000000e+08
1.370197100000000000e+08
1.255254090000000000e+08
1.388727210000000000e+08
1.418215180000000000e+08
1.102386116000000000e+09
1.204041200000000000e+08
1.102033254000000000e+09
1.159201190000000000e+08
1.540679020000000000e+08
1.539858180000000000e+08
1.418729300000000000e+08
1.295383760000000000e+08
1.487829460000000000e+08
1.418606610000000000e+08
1.418598510000000000e+08
1.538837170000000000e+08
1.390760490000000000e+08
1.001095070000000000e+09
1.418614960000000000e+08
1.254458850000000000e+08
1.157757000000000000e+08
1.543507350000000000e+08
1.059718300000000000e+07
1.102093577000000000e+09
1.206775020000000000e+08
1.292034040000000000e+08
1.544790740000000000e+08
1.295610420000000000e+08
1.162818320000000000e+08
1.158080410000000000e+08
1.294898800000000000e+08
1.418151060000000000e+08
1.201167571000000000e+09
1.004971470000000000e+08
1.162788380000000000e+08
1.487658910000000000e+08
1.541822080000000000e+08
1.102628617000000000e+09
1.542244840000000000e+08
1.198376620000000000e+08
