1.154468040000000000e+08
1.156227390000000000e+08
1.488178770000000000e+08
1.400770435000000000e+09
1.164418410000000000e+08
1.164129920000000000e+08
1.155084410000000000e+08
1.400807589000000000e+09
1.163859750000000000e+08
1.163854580000000000e+08
1.352310970000000000e+08
1.378438150000000000e+08
1.151850400000000000e+08
1.382942630000000000e+08
1.100975305000000000e+09
1.488208450000000000e+08
1.153262270000000000e+08
1.382364910000000000e+08
1.151850910000000000e+08
1.382349350000000000e+08
1.156116690000000000e+08
1.383281880000000000e+08
1.153540090000000000e+08
1.156106070000000000e+08
1.488163680000000000e+08
1.163799220000000000e+08
1.102093577000000000e+09
1.132965700000000000e+07
1.154506930000000000e+08
1.201167571000000000e+09
1.164858090000000000e+08
1.164142570000000000e+08
1.400576240000000000e+09
1.102386116000000000e+09
1.152804950000000000e+08
1.163861250000000000e+08
1.155073130000000000e+08
1.383278040000000000e+08
1.152656950000000000e+08
1.152864140000000000e+08
1.086623200000000000e+07
1.201307286000000000e+09
1.382356020000000000e+08
1.151812090000000000e+08
1.154103490000000000e+08
1.201218604000000000e+09
1.271130540000000000e+09
1.152897840000000000e+08
1.100746723000000000e+09
1.152814640000000000e+08
1.133542100000000000e+07
1.152799560000000000e+08
1.101752599000000000e+09
1.101255873000000000e+09
1.038673510000000000e+08
1.488212300000000000e+08
1.165430420000000000e+08
1.338905900000000000e+07
1.382934730000000000e+08
1.400703806000000000e+09
1.163808370000000000e+08
1.155834180000000000e+08
1.155104390000000000e+08
1.382524660000000000e+08
1.101762976000000000e+09
1.382935860000000000e+08
1.163776920000000000e+08
1.271365948000000000e+09
1.488175680000000000e+08
1.400695475000000000e+09
1.164835060000000000e+08
1.488350270000000000e+08
1.488164220000000000e+08
1.152617280000000000e+08
1.035522600000000000e+07
1.382937630000000000e+08
1.370223980000000000e+08
1.488180070000000000e+08
1.155819160000000000e+08
1.382560460000000000e+08
1.163852440000000000e+08
1.382560970000000000e+08
1.101493353000000000e+09
1.101900758000000000e+09
1.102165168000000000e+09
1.153533360000000000e+08
1.270641764000000000e+09
1.370522420000000000e+08
1.163842470000000000e+08
1.153256850000000000e+08
1.154492560000000000e+08
1.164395500000000000e+08
1.151841840000000000e+08
1.155217140000000000e+08
1.101845703000000000e+09
1.101159910000000000e+09
1.164875800000000000e+08
1.382552840000000000e+08
1.163771890000000000e+08
1.201291460000000000e+09
1.163627350000000000e+08
1.487849800000000000e+08
1.201228154000000000e+09
1.401020353000000000e+09
1.154204190000000000e+08
1.153226890000000000e+08
1.542726610000000000e+08
1.152626570000000000e+08
1.101038193000000000e+09
1.100941164000000000e+09
1.164825700000000000e+08
1.303753400000000000e+07
1.156219180000000000e+08
1.101834515000000000e+09
1.270339146000000000e+09
1.156133880000000000e+08
1.200258600000000000e+07
1.488212210000000000e+08
1.155820740000000000e+08
1.154507420000000000e+08
1.154201520000000000e+08
1.155071030000000000e+08
1.101268275000000000e+09
1.401081862000000000e+09
1.328723700000000000e+07
1.271070698000000000e+09
1.382529280000000000e+08
1.042540400000000000e+07
1.201246068000000000e+09
1.038667480000000000e+08
1.086826700000000000e+07
1.201050893000000000e+09
1.154120100000000000e+08
1.152653100000000000e+08
1.327941800000000000e+07
1.201292734000000000e+09
1.038381490000000000e+08
1.101501533000000000e+09
1.488213020000000000e+08
1.154472600000000000e+08
1.155216930000000000e+08
1.382956410000000000e+08
1.153514890000000000e+08
1.400994843000000000e+09
1.271368020000000000e+09
1.151802920000000000e+08
1.400707369000000000e+09
1.382364890000000000e+08
1.382962580000000000e+08
1.102242692000000000e+09
1.155104140000000000e+08
1.370219720000000000e+08
1.101460688000000000e+09
1.201123373000000000e+09
1.155180530000000000e+08
1.165191570000000000e+08
1.000388660000000000e+09
1.400663287000000000e+09
1.151840310000000000e+08
1.382525680000000000e+08
1.152654280000000000e+08
1.200543437000000000e+09
1.370331520000000000e+08
1.151725280000000000e+08
1.000479827000000000e+09
1.152892330000000000e+08
1.154090590000000000e+08
1.164832210000000000e+08
1.382955180000000000e+08
1.152887640000000000e+08
1.370543920000000000e+08
1.155197370000000000e+08
1.164843000000000000e+08
1.352350110000000000e+08
1.488176200000000000e+08
1.382804710000000000e+08
1.164878980000000000e+08
1.504344030000000000e+08
1.101794352000000000e+09
1.271050704000000000e+09
1.154217290000000000e+08
1.038379300000000000e+08
1.039446520000000000e+08
1.153514560000000000e+08
1.200623032000000000e+09
1.164875180000000000e+08
1.133703200000000000e+07
1.382561970000000000e+08
1.155818160000000000e+08
1.271046655000000000e+09
1.165417460000000000e+08
1.152867840000000000e+08
1.370228690000000000e+08
1.164865820000000000e+08
1.133456300000000000e+07
1.163803980000000000e+08
1.201270568000000000e+09
1.038360370000000000e+08
1.101449855000000000e+09
1.165200520000000000e+08
1.151741000000000000e+08
1.164837340000000000e+08
1.155089230000000000e+08
1.151733950000000000e+08
1.000500053900000000e+10
1.163817460000000000e+08
1.271282343000000000e+09
1.163862080000000000e+08
1.382800320000000000e+08
1.151716220000000000e+08
1.155063470000000000e+08
1.383281160000000000e+08
1.382955480000000000e+08
1.101885630000000000e+09
1.154489500000000000e+08
1.382952390000000000e+08
1.153222550000000000e+08
1.096984300000000000e+07
1.271028034000000000e+09
1.488213670000000000e+08
1.151846990000000000e+08
1.378416920000000000e+08
1.321283600000000000e+07
1.382533030000000000e+08
1.152787760000000000e+08
1.100711503000000000e+09
1.164386300000000000e+08
1.400769906000000000e+09
1.016151700000000000e+07
1.152873760000000000e+08
1.370536280000000000e+08
1.154106760000000000e+08
1.153222270000000000e+08
1.504349020000000000e+08
1.338527000000000000e+07
1.102400359000000000e+09
1.151192930000000000e+08
1.382567950000000000e+08
1.165201030000000000e+08
1.201246934000000000e+09
1.156133490000000000e+08
1.101868327000000000e+09
1.352307180000000000e+08
1.279483200000000000e+07
1.270714386000000000e+09
1.164417620000000000e+08
1.382524120000000000e+08
1.101398874000000000e+09
1.038668410000000000e+08
1.328408800000000000e+07
1.165204080000000000e+08
1.155181600000000000e+08
1.296216300000000000e+07
1.164834180000000000e+08
1.201228104000000000e+09
1.370239900000000000e+08
1.271173100000000000e+07
1.542730710000000000e+08
1.488218230000000000e+08
1.151844960000000000e+08
1.101327387000000000e+09
1.152779210000000000e+08
1.163785380000000000e+08
1.165031290000000000e+08
1.164418490000000000e+08
1.271262829000000000e+09
1.100989422000000000e+09
1.156234340000000000e+08
1.201194272000000000e+09
1.101287285000000000e+09
1.151736900000000000e+08
1.155088960000000000e+08
1.163844450000000000e+08
1.151799260000000000e+08
1.151824880000000000e+08
1.488188270000000000e+08
1.156132560000000000e+08
1.383285450000000000e+08
1.151829010000000000e+08
1.165015620000000000e+08
1.163783630000000000e+08
1.154211170000000000e+08
1.057691040000000000e+08
1.504343650000000000e+08
1.102469580000000000e+09
1.102166561000000000e+09
1.165216270000000000e+08
1.165220950000000000e+08
1.370239330000000000e+08
1.101680535000000000e+09
1.155251250000000000e+08
1.101774813000000000e+09
1.382954880000000000e+08
1.101883453000000000e+09
1.400696306000000000e+09
1.101086037000000000e+09
1.401014375000000000e+09
1.101888831000000000e+09
1.133268900000000000e+07
1.151726370000000000e+08
1.102317433000000000e+09
1.488353690000000000e+08
1.370522760000000000e+08
1.488208520000000000e+08
1.153257440000000000e+08
1.165201520000000000e+08
1.164844700000000000e+08
1.101276054000000000e+09
1.201055908000000000e+09
1.038920070000000000e+08
1.155075230000000000e+08
1.154490560000000000e+08
1.382560640000000000e+08
1.038667090000000000e+08
1.101236516000000000e+09
1.155829790000000000e+08
1.151722510000000000e+08
1.542945750000000000e+08
1.156137700000000000e+08
1.370550470000000000e+08
1.400472894000000000e+09
1.164151420000000000e+08
1.155830520000000000e+08
1.400663286000000000e+09
1.201119969000000000e+09
1.155829770000000000e+08
1.165425300000000000e+08
1.154198200000000000e+08
1.164417410000000000e+08
1.488199720000000000e+08
1.504345850000000000e+08
1.156107900000000000e+08
1.370229420000000000e+08
1.163786420000000000e+08
1.302515200000000000e+07
1.400480456000000000e+09
1.101016501000000000e+09
1.200728443000000000e+09
1.153237530000000000e+08
1.383281400000000000e+08
1.271318147000000000e+09
1.151714960000000000e+08
1.151717500000000000e+08
1.163618270000000000e+08
1.156222620000000000e+08
1.153219780000000000e+08
1.132504000000000000e+07
1.165421630000000000e+08
1.271218438000000000e+09
1.346802300000000000e+07
1.154117870000000000e+08
1.201199133000000000e+09
1.487856520000000000e+08
1.201246763000000000e+09
1.487874390000000000e+08
1.102326166000000000e+09
1.271341297000000000e+09
1.488218000000000000e+08
1.201246764000000000e+09
1.401081864000000000e+09
1.370229700000000000e+08
1.038373870000000000e+08
1.163807300000000000e+08
1.155198660000000000e+08
1.154212890000000000e+08
1.382526390000000000e+08
1.152786430000000000e+08
1.488179710000000000e+08
1.154230340000000000e+08
1.152786920000000000e+08
1.152795970000000000e+08
1.163825520000000000e+08
1.302623400000000000e+07
1.101671078000000000e+09
1.487855300000000000e+08
1.151869180000000000e+08
1.155841410000000000e+08
1.155815080000000000e+08
1.152772730000000000e+08
1.382366510000000000e+08
1.201276753000000000e+09
1.102493238000000000e+09
1.201330483000000000e+09
1.401020355000000000e+09
1.278873800000000000e+07
1.164820900000000000e+08
1.200927612000000000e+09
1.154185150000000000e+08
1.164883650000000000e+08
1.155836710000000000e+08
1.164399120000000000e+08
1.201189881000000000e+09
1.151722520000000000e+08
1.163630610000000000e+08
1.488161460000000000e+08
1.164148160000000000e+08
1.164861120000000000e+08
1.155829060000000000e+08
1.155175370000000000e+08
1.153236060000000000e+08
1.154463130000000000e+08
1.155095180000000000e+08
1.154188950000000000e+08
1.296169500000000000e+07
1.165219810000000000e+08
1.151872950000000000e+08
1.201247611000000000e+09
1.101091094000000000e+09
1.151806830000000000e+08
1.154507000000000000e+08
1.378437640000000000e+08
1.382802280000000000e+08
1.382371710000000000e+08
1.382519830000000000e+08
1.079065500000000000e+07
1.504363210000000000e+08
1.153538770000000000e+08
1.488190410000000000e+08
1.164159840000000000e+08
1.101515529000000000e+09
1.156111790000000000e+08
1.133377500000000000e+07
1.370292830000000000e+08
1.155081620000000000e+08
1.154200900000000000e+08
1.050674800000000000e+07
1.352651830000000000e+08
1.271265755000000000e+09
1.164841920000000000e+08
1.201360406000000000e+09
1.155101850000000000e+08
1.101003368000000000e+09
1.042619100000000000e+07
1.101567361000000000e+09
1.155829080000000000e+08
1.542726890000000000e+08
1.271325892000000000e+09
1.200546826000000000e+09
1.152653690000000000e+08
1.154188780000000000e+08
1.101182892000000000e+09
1.488186480000000000e+08
1.154190020000000000e+08
1.151806150000000000e+08
1.488195310000000000e+08
1.154220500000000000e+08
1.165024880000000000e+08
1.164842660000000000e+08
1.382566750000000000e+08
1.165010750000000000e+08
1.101948707000000000e+09
1.155077260000000000e+08
1.163621650000000000e+08
1.151836870000000000e+08
1.382792650000000000e+08
1.151863960000000000e+08
1.271027077000000000e+09
1.201190723000000000e+09
1.310486900000000000e+07
1.152812810000000000e+08
1.151870420000000000e+08
1.151723950000000000e+08
1.488174890000000000e+08
1.271099623000000000e+09
1.155097190000000000e+08
1.163847070000000000e+08
1.382352050000000000e+08
1.155186440000000000e+08
1.310656700000000000e+07
1.097389500000000000e+07
1.382538150000000000e+08
1.155218080000000000e+08
1.153537520000000000e+08
1.155808990000000000e+08
1.152801830000000000e+08
1.370310100000000000e+08
1.035253300000000000e+07
1.201085955000000000e+09
1.102418286000000000e+09
1.154484130000000000e+08
1.279030600000000000e+07
1.400736595000000000e+09
1.338389500000000000e+07
1.201134218000000000e+09
1.154464460000000000e+08
1.155808880000000000e+08
1.154217080000000000e+08
1.153263330000000000e+08
1.271355422000000000e+09
1.542728480000000000e+08
1.165418790000000000e+08
1.382355190000000000e+08
1.542728990000000000e+08
1.370294510000000000e+08
1.101010150000000000e+09
1.163781610000000000e+08
1.164876840000000000e+08
1.382527060000000000e+08
1.163808400000000000e+08
1.200770033000000000e+09
1.101637685000000000e+09
1.271237666000000000e+09
1.382956520000000000e+08
1.163853100000000000e+08
1.163858140000000000e+08
1.154505650000000000e+08
1.383275810000000000e+08
1.488154630000000000e+08
1.164390730000000000e+08
1.151185250000000000e+08
1.152781290000000000e+08
1.153550220000000000e+08
1.164140530000000000e+08
1.153220170000000000e+08
1.153511910000000000e+08
1.151864290000000000e+08
1.504365810000000000e+08
1.504366470000000000e+08
1.152660220000000000e+08
1.153519530000000000e+08
1.270710774000000000e+09
1.488212320000000000e+08
1.016139700000000000e+07
1.164158830000000000e+08
1.165426000000000000e+08
1.270893538000000000e+09
1.163857430000000000e+08
1.153517270000000000e+08
1.155077770000000000e+08
1.165191950000000000e+08
1.165011720000000000e+08
1.200876373000000000e+09
1.201286482000000000e+09
1.201141235000000000e+09
1.163636570000000000e+08
1.286809800000000000e+07
1.151802500000000000e+08
1.488162980000000000e+08
1.382954850000000000e+08
1.155085690000000000e+08
1.152807510000000000e+08
1.370306010000000000e+08
1.488156190000000000e+08
1.155204940000000000e+08
1.382529720000000000e+08
1.200214538000000000e+09
1.151803060000000000e+08
1.102210459000000000e+09
1.164411740000000000e+08
1.488355840000000000e+08
1.153234240000000000e+08
1.165431890000000000e+08
1.382800040000000000e+08
1.199681400000000000e+07
1.152888670000000000e+08
1.164415690000000000e+08
1.154465500000000000e+08
1.101216014000000000e+09
1.163617590000000000e+08
1.271005754000000000e+09
1.201251848000000000e+09
1.382788740000000000e+08
1.151832140000000000e+08
1.400934613000000000e+09
1.153224680000000000e+08
1.164884270000000000e+08
1.101876681000000000e+09
1.542939960000000000e+08
1.155101120000000000e+08
1.201228157000000000e+09
1.038922040000000000e+08
1.401045351000000000e+09
1.271314855000000000e+09
1.382936520000000000e+08
1.154136210000000000e+08
1.201200652000000000e+09
1.154216400000000000e+08
1.153533350000000000e+08
1.163821360000000000e+08
1.154195340000000000e+08
1.165025720000000000e+08
1.153551630000000000e+08
1.163798540000000000e+08
1.163851410000000000e+08
1.050820800000000000e+07
1.370555400000000000e+08
1.155246670000000000e+08
1.488176110000000000e+08
1.164835140000000000e+08
1.151865660000000000e+08
1.165222230000000000e+08
1.164392570000000000e+08
1.270717309000000000e+09
1.400611049000000000e+09
1.270943600000000000e+07
1.370547130000000000e+08
1.155229690000000000e+08
1.100990356000000000e+09
1.151721030000000000e+08
1.152858930000000000e+08
1.152870720000000000e+08
1.101010149000000000e+09
1.152879390000000000e+08
1.155211300000000000e+08
1.163794820000000000e+08
1.102395903000000000e+09
1.165020420000000000e+08
1.155828640000000000e+08
1.100748368000000000e+09
1.504366860000000000e+08
1.320786800000000000e+07
1.034488000000000000e+07
1.016383800000000000e+07
1.163823390000000000e+08
1.155837260000000000e+08
1.370331510000000000e+08
1.487855090000000000e+08
1.370548950000000000e+08
1.370289940000000000e+08
1.153531970000000000e+08
1.382557280000000000e+08
1.271359291000000000e+09
1.101204887000000000e+09
1.154231520000000000e+08
1.321127400000000000e+07
1.155195000000000000e+08
1.151843220000000000e+08
1.051038200000000000e+07
1.155203800000000000e+08
1.382352360000000000e+08
1.101091095000000000e+09
1.151857240000000000e+08
1.154229260000000000e+08
1.152859210000000000e+08
1.101794351000000000e+09
1.401023908000000000e+09
1.151802490000000000e+08
1.400801643000000000e+09
1.382536710000000000e+08
1.163862380000000000e+08
1.156224870000000000e+08
1.151751220000000000e+08
1.101030764000000000e+09
1.488190890000000000e+08
1.270699597000000000e+09
1.164160360000000000e+08
1.152881870000000000e+08
1.165216250000000000e+08
1.164397440000000000e+08
1.165025870000000000e+08
1.151197940000000000e+08
1.382528590000000000e+08
1.370231220000000000e+08
1.382561850000000000e+08
1.163802260000000000e+08
1.152876710000000000e+08
1.163849180000000000e+08
1.101372413000000000e+09
1.382530580000000000e+08
1.271179778000000000e+09
1.165040040000000000e+08
1.271268578000000000e+09
1.382548320000000000e+08
1.155831620000000000e+08
1.164161670000000000e+08
1.154128580000000000e+08
1.151180820000000000e+08
1.504126670000000000e+08
1.154484920000000000e+08
1.152680290000000000e+08
1.154198990000000000e+08
1.165202890000000000e+08
1.382944910000000000e+08
1.101183649000000000e+09
1.400714115000000000e+09
1.156141460000000000e+08
1.155263810000000000e+08
1.383276740000000000e+08
1.164403210000000000e+08
1.200926232000000000e+09
1.038907340000000000e+08
1.163785410000000000e+08
1.101361179000000000e+09
1.321110900000000000e+07
1.164860540000000000e+08
1.035249100000000000e+07
1.382367260000000000e+08
1.038360400000000000e+08
1.165416300000000000e+08
1.165207820000000000e+08
1.155257490000000000e+08
1.165429180000000000e+08
1.295803700000000000e+07
1.200882082000000000e+09
1.155191420000000000e+08
1.165427880000000000e+08
1.163615500000000000e+08
1.382335740000000000e+08
1.382945800000000000e+08
1.165011970000000000e+08
1.164872400000000000e+08
1.382941300000000000e+08
1.165430410000000000e+08
1.151180610000000000e+08
1.164386980000000000e+08
1.155828720000000000e+08
1.201218607000000000e+09
1.271237667000000000e+09
1.151824690000000000e+08
1.100778512000000000e+09
1.487860220000000000e+08
1.154225790000000000e+08
1.504363040000000000e+08
1.278843200000000000e+07
1.382792750000000000e+08
1.155100200000000000e+08
1.378415510000000000e+08
1.102452862000000000e+09
1.153233660000000000e+08
1.165194400000000000e+08
1.151878410000000000e+08
1.101860872000000000e+09
1.400989060000000000e+09
1.102055409000000000e+09
1.101571177000000000e+09
1.000250495000000000e+09
1.154485270000000000e+08
1.382366940000000000e+08
1.016486500000000000e+07
1.155073500000000000e+08
1.200831510000000000e+09
