1.234469570000000000e+08
1.477578040000000000e+08
1.373934900000000000e+08
1.231296570000000000e+08
1.354785310000000000e+08
1.049613000000000000e+07
1.492329650000000000e+08
1.376081620000000000e+08
1.407346300000000000e+08
1.205782140000000000e+08
1.506487990000000000e+08
1.155217140000000000e+08
1.547192890000000000e+08
1.200486800000000000e+08
1.407092660000000000e+08
1.420901950000000000e+08
1.374796730000000000e+08
1.384721930000000000e+08
1.233577930000000000e+08
1.381693100000000000e+08
1.034503440000000000e+08
1.375057010000000000e+08
1.425862960000000000e+08
1.228902170000000000e+08
1.159721580000000000e+08
1.162648970000000000e+08
1.162446520000000000e+08
1.354105390000000000e+08
1.026699500000000000e+07
1.414350970000000000e+08
1.409161950000000000e+08
1.381334740000000000e+08
1.026076890000000000e+08
1.374810930000000000e+08
1.406262110000000000e+08
1.477961210000000000e+08
1.035647840000000000e+08
1.162647240000000000e+08
1.543454680000000000e+08
1.415247970000000000e+08
1.544525010000000000e+08
1.414339140000000000e+08
1.160462200000000000e+08
1.058803300000000000e+07
1.161631940000000000e+08
1.102630962000000000e+09
1.228329650000000000e+08
1.205762570000000000e+08
1.354175980000000000e+08
1.425909360000000000e+08
1.416180510000000000e+08
1.417514700000000000e+08
1.102698835000000000e+09
1.228366460000000000e+08
1.228870920000000000e+08
1.407372690000000000e+08
1.039518800000000000e+07
1.308480418000000000e+09
1.506011379000000000e+09
1.506484870000000000e+08
1.538589560000000000e+08
1.159708390000000000e+08
1.156219180000000000e+08
1.034496810000000000e+08
1.376086610000000000e+08
1.232279470000000000e+08
1.155820740000000000e+08
1.383452380000000000e+08
1.271099623000000000e+09
1.156133880000000000e+08
1.408657180000000000e+08
1.374784270000000000e+08
1.427856840000000000e+08
1.353624580000000000e+08
1.155071030000000000e+08
1.031992400000000000e+08
1.234501950000000000e+08
1.230142000000000000e+08
1.409131190000000000e+08
1.046774700000000000e+07
1.203136600000000000e+08
1.160487540000000000e+08
1.230991190000000000e+08
1.016751740000000000e+08
1.415857730000000000e+08
1.203171810000000000e+08
1.034417830000000000e+08
1.031003960000000000e+08
1.383980150000000000e+08
1.029512420000000000e+08
1.503044810000000000e+08
1.547179160000000000e+08
1.255804060000000000e+08
1.102582998000000000e+09
1.032228710000000000e+08
1.409350710000000000e+08
1.155216930000000000e+08
1.034397310000000000e+08
1.416889030000000000e+08
1.271027077000000000e+09
1.039469700000000000e+07
1.035123660000000000e+08
1.034483000000000000e+08
1.381326150000000000e+08
1.414345800000000000e+08
1.162422110000000000e+08
1.017171440000000000e+08
1.547901910000000000e+08
1.354135330000000000e+08
1.374172950000000000e+08
1.035747600000000000e+07
1.420604030000000000e+08
1.414770880000000000e+08
1.506986960000000000e+08
1.409122550000000000e+08
1.018061900000000000e+08
1.506497610000000000e+08
1.035651840000000000e+08
1.544538050000000000e+08
1.234963200000000000e+08
1.018094520000000000e+08
1.547184230000000000e+08
1.204953230000000000e+08
1.026758950000000000e+08
1.155104140000000000e+08
1.416780440000000000e+08
1.416159530000000000e+08
1.409350440000000000e+08
1.538587880000000000e+08
1.376057020000000000e+08
1.417175760000000000e+08
1.159675460000000000e+08
1.034424460000000000e+08
1.414335210000000000e+08
1.547601020000000000e+08
1.502644950000000000e+08
1.375011840000000000e+08
1.538912820000000000e+08
1.383321530000000000e+08
1.546661140000000000e+08
1.409358500000000000e+08
1.547902500000000000e+08
1.506355332000000000e+09
1.548083940000000000e+08
1.420132880000000000e+08
1.415229590000000000e+08
1.355314150000000000e+08
1.034513180000000000e+08
1.018723030000000000e+08
1.201360406000000000e+09
1.203618000000000000e+08
1.416025480000000000e+08
1.160191430000000000e+08
1.544537150000000000e+08
1.271325892000000000e+09
1.420112080000000000e+08
1.420907580000000000e+08
1.417596860000000000e+08
1.233155600000000000e+08
1.039349300000000000e+07
1.028765300000000000e+07
1.406279320000000000e+08
1.381687800000000000e+08
1.030688040000000000e+08
1.543418150000000000e+08
1.547179870000000000e+08
1.017219790000000000e+08
1.408337800000000000e+08
1.230398400000000000e+08
1.376082470000000000e+08
1.502640860000000000e+08
1.417622640000000000e+08
1.271265755000000000e+09
1.034480570000000000e+08
1.017223680000000000e+08
1.017198930000000000e+08
1.373989350000000000e+08
1.400256521000000000e+09
1.406385060000000000e+08
1.547171420000000000e+08
1.231300680000000000e+08
1.427858540000000000e+08
1.491000420000000000e+08
1.156233270000000000e+08
1.232340160000000000e+08
1.155818160000000000e+08
1.356211760000000000e+08
1.030308350000000000e+08
1.384694980000000000e+08
1.030711100000000000e+08
1.204232840000000000e+08
1.504946190000000000e+08
1.270600458000000000e+09
1.232009250000000000e+08
1.503140610000000000e+08
1.384009790000000000e+08
1.477580740000000000e+08
1.354167260000000000e+08
1.504984310000000000e+08
1.421520020000000000e+08
1.384720930000000000e+08
1.546650650000000000e+08
1.156227390000000000e+08
1.409616580000000000e+08
1.374989720000000000e+08
1.414695500000000000e+08
1.400133900000000000e+09
1.373274660000000000e+08
1.505742340000000000e+08
1.160477850000000000e+08
1.203146900000000000e+08
1.408353430000000000e+08
1.538607880000000000e+08
1.417611280000000000e+08
1.354398510000000000e+08
1.544529500000000000e+08
1.383469200000000000e+08
1.203134790000000000e+08
1.016725990000000000e+08
1.058353900000000000e+07
1.503157680000000000e+08
1.400192416000000000e+09
1.546990470000000000e+08
1.033478550000000000e+08
1.376035300000000000e+08
1.414326960000000000e+08
1.160487050000000000e+08
1.033045490000000000e+08
1.414782580000000000e+08
1.547198270000000000e+08
1.030958880000000000e+08
1.201286482000000000e+09
1.474760370000000000e+08
1.162429710000000000e+08
1.538925770000000000e+08
1.544054610000000000e+08
1.408049990000000000e+08
1.206898780000000000e+08
1.161023690000000000e+08
1.156116690000000000e+08
1.049469700000000000e+07
1.375054980000000000e+08
1.409952900000000000e+08
1.414676040000000000e+08
1.354396170000000000e+08
1.156106070000000000e+08
1.202581890000000000e+08
1.478174290000000000e+08
1.030329580000000000e+08
1.230919060000000000e+08
1.036318200000000000e+07
1.162635380000000000e+08
1.356200240000000000e+08
1.381709450000000000e+08
1.160438020000000000e+08
1.376038140000000000e+08
1.414878190000000000e+08
1.233579520000000000e+08
1.234165630000000000e+08
1.160958770000000000e+08
1.016751570000000000e+08
1.206891410000000000e+08
1.420576130000000000e+08
1.416209820000000000e+08
1.016752400000000000e+08
1.420474370000000000e+08
1.160968970000000000e+08
1.046921900000000000e+07
1.271005754000000000e+09
1.417608040000000000e+08
1.383508030000000000e+08
1.416157040000000000e+08
1.233556680000000000e+08
1.233111240000000000e+08
1.036506000000000000e+07
1.543423440000000000e+08
1.232310210000000000e+08
1.507128971000000000e+09
1.018081140000000000e+08
1.477925860000000000e+08
1.030322550000000000e+08
1.381712850000000000e+08
1.230088740000000000e+08
1.234452480000000000e+08
1.414892060000000000e+08
1.415259380000000000e+08
1.017643150000000000e+08
1.380258870000000000e+08
1.414777930000000000e+08
1.425206960000000000e+08
1.421518920000000000e+08
1.538951140000000000e+08
1.353571850000000000e+08
1.229562810000000000e+08
1.231280410000000000e+08
1.155073130000000000e+08
1.409609210000000000e+08
1.374814470000000000e+08
1.420458850000000000e+08
1.383449950000000000e+08
1.383454000000000000e+08
1.160972460000000000e+08
1.017189590000000000e+08
1.030963810000000000e+08
1.407138300000000000e+08
1.410040670000000000e+08
1.018077250000000000e+08
1.506499780000000000e+08
1.031755120000000000e+08
1.416587430000000000e+08
1.228343950000000000e+08
1.230970140000000000e+08
1.035654480000000000e+08
1.381318410000000000e+08
1.383326060000000000e+08
1.102716939000000000e+09
1.374994710000000000e+08
1.503082080000000000e+08
1.380278400000000000e+08
1.503164090000000000e+08
1.271355422000000000e+09
1.017646190000000000e+08
1.504552960000000000e+08
1.234957850000000000e+08
1.102623645000000000e+09
1.478180250000000000e+08
1.547029430000000000e+08
1.475595940000000000e+08
1.547168360000000000e+08
1.234181730000000000e+08
1.417597250000000000e+08
1.410082340000000000e+08
1.546650880000000000e+08
1.416889690000000000e+08
1.408348150000000000e+08
1.162470840000000000e+08
1.427404890000000000e+08
1.035099570000000000e+08
1.543408510000000000e+08
1.233570500000000000e+08
1.477925650000000000e+08
1.028072290000000000e+08
1.375809770000000000e+08
1.029854810000000000e+08
1.409923290000000000e+08
1.230457870000000000e+08
1.400736595000000000e+09
1.031767170000000000e+08
1.228851270000000000e+08
1.202518150000000000e+08
1.030740430000000000e+08
1.155104390000000000e+08
1.409320620000000000e+08
1.155834180000000000e+08
1.547433030000000000e+08
1.270710774000000000e+09
1.027176800000000000e+08
1.160435130000000000e+08
1.354427850000000000e+08
1.401134542000000000e+09
1.102636440000000000e+09
1.203635800000000000e+08
1.407378560000000000e+08
1.548078900000000000e+08
1.016754550000000000e+08
1.415253240000000000e+08
1.379964650000000000e+08
1.408673450000000000e+08
1.507386330000000000e+09
1.496855500000000000e+07
1.414876640000000000e+08
1.502543210000000000e+08
1.047453100000000000e+07
1.102601958000000000e+09
1.416776160000000000e+08
1.376070010000000000e+08
1.410334410000000000e+08
1.375007440000000000e+08
1.416894240000000000e+08
1.414312250000000000e+08
1.230387680000000000e+08
1.416789590000000000e+08
1.160989660000000000e+08
1.202516820000000000e+08
1.415397320000000000e+08
1.547896440000000000e+08
1.420567650000000000e+08
1.375443630000000000e+08
1.232014940000000000e+08
1.409328760000000000e+08
1.498318070000000000e+08
1.161232950000000000e+08
1.233137690000000000e+08
1.017694510000000000e+08
1.029324000000000000e+07
1.375813300000000000e+08
1.379839770000000000e+08
1.502960120000000000e+08
1.230427280000000000e+08
1.155819160000000000e+08
1.406816430000000000e+08
1.036164800000000000e+07
1.506110482000000000e+09
1.031751580000000000e+08
1.234957030000000000e+08
1.427499110000000000e+08
1.384697230000000000e+08
1.229546700000000000e+08
1.018071200000000000e+08
1.230135960000000000e+08
1.204229930000000000e+08
1.026772990000000000e+08
1.416191850000000000e+08
1.383462480000000000e+08
1.421006190000000000e+08
1.026801110000000000e+08
1.544586270000000000e+08
1.201012950000000000e+08
1.203191830000000000e+08
1.155075230000000000e+08
1.271359291000000000e+09
1.383313880000000000e+08
1.547044200000000000e+08
1.498310310000000000e+08
1.379835270000000000e+08
1.155238610000000000e+08
1.420434130000000000e+08
1.202570970000000000e+08
1.154490560000000000e+08
1.414891080000000000e+08
1.228918160000000000e+08
1.161265380000000000e+08
1.155829790000000000e+08
1.230133120000000000e+08
1.031932030000000000e+08
1.027197680000000000e+08
1.028463340000000000e+08
1.538966360000000000e+08
1.230974880000000000e+08
1.034453480000000000e+08
1.372059220000000000e+08
1.547190580000000000e+08
1.270604005000000000e+09
1.031998210000000000e+08
1.416890670000000000e+08
1.547877740000000000e+08
1.425364110000000000e+08
1.523384800000000000e+07
1.232308370000000000e+08
1.401023908000000000e+09
1.156137700000000000e+08
1.030320710000000000e+08
1.034393630000000000e+08
1.376073460000000000e+08
1.155829770000000000e+08
1.538584480000000000e+08
1.400801643000000000e+09
1.155830520000000000e+08
1.228336280000000000e+08
1.030732500000000000e+08
1.029874560000000000e+08
1.548096130000000000e+08
1.543397600000000000e+08
1.543447570000000000e+08
1.270828486000000000e+09
1.401120538000000000e+09
1.230926300000000000e+08
1.049156700000000000e+07
1.156107900000000000e+08
1.408391720000000000e+08
1.160447000000000000e+08
1.160216220000000000e+08
1.019276020000000000e+08
1.033481560000000000e+08
1.408620870000000000e+08
1.028462190000000000e+08
1.373890730000000000e+08
1.415353630000000000e+08
1.201072530000000000e+08
1.547193970000000000e+08
1.414352990000000000e+08
1.156222620000000000e+08
1.034431170000000000e+08
1.409325770000000000e+08
1.415363520000000000e+08
1.409936200000000000e+08
1.161019610000000000e+08
1.160488790000000000e+08
1.546654660000000000e+08
1.506032367000000000e+09
1.029002000000000000e+07
1.420616160000000000e+08
1.035775500000000000e+07
1.374214790000000000e+08
1.376084540000000000e+08
1.234129090000000000e+08
1.160444250000000000e+08
1.032197470000000000e+08
1.407767380000000000e+08
1.049249100000000000e+07
1.417888550000000000e+08
1.420440450000000000e+08
1.380255590000000000e+08
1.406252850000000000e+08
1.016450130000000000e+08
1.018087630000000000e+08
1.407104630000000000e+08
1.028437900000000000e+08
1.231993580000000000e+08
1.410338800000000000e+08
1.504498000000000000e+08
1.420889150000000000e+08
1.401045351000000000e+09
1.271314855000000000e+09
1.543438700000000000e+08
1.408354650000000000e+08
1.234493550000000000e+08
1.230459070000000000e+08
1.417501850000000000e+08
1.547428770000000000e+08
1.421175520000000000e+08
1.035083090000000000e+08
1.407361110000000000e+08
1.420924870000000000e+08
1.503524240000000000e+08
1.161265030000000000e+08
1.031949370000000000e+08
1.417872890000000000e+08
1.477609610000000000e+08
1.407342250000000000e+08
1.018330400000000000e+08
1.410090790000000000e+08
1.502964160000000000e+08
1.408669690000000000e+08
1.400934613000000000e+09
1.373886010000000000e+08
1.538581380000000000e+08
1.201228157000000000e+09
1.546644970000000000e+08
1.420447480000000000e+08
1.538929830000000000e+08
1.230380070000000000e+08
1.408091050000000000e+08
1.036181000000000000e+07
1.376409240000000000e+08
1.234475920000000000e+08
1.547880610000000000e+08
1.416608520000000000e+08
1.415851290000000000e+08
1.046931600000000000e+07
1.407785460000000000e+08
1.031764620000000000e+08
1.049448100000000000e+07
1.203107010000000000e+08
1.230418170000000000e+08
1.506442100000000000e+08
1.028866920000000000e+08
1.032212680000000000e+08
1.375012780000000000e+08
1.415353230000000000e+08
1.538955250000000000e+08
1.203655240000000000e+08
1.035665950000000000e+08
1.160457840000000000e+08
1.018761930000000000e+08
1.203095160000000000e+08
1.233177440000000000e+08
1.234983880000000000e+08
1.374544660000000000e+08
1.034488700000000000e+08
1.420994480000000000e+08
1.160229360000000000e+08
1.155815080000000000e+08
1.017202200000000000e+08
1.383455460000000000e+08
1.155841410000000000e+08
1.408673830000000000e+08
1.415856240000000000e+08
1.018750810000000000e+08
1.400276002000000000e+09
1.504870880000000000e+08
1.231317950000000000e+08
1.376095100000000000e+08
1.409379160000000000e+08
1.270717309000000000e+09
1.400611049000000000e+09
1.545653130000000000e+08
1.415336780000000000e+08
1.380439150000000000e+08
1.018779950000000000e+08
1.228410270000000000e+08
1.027826020000000000e+08
1.407756320000000000e+08
1.414883760000000000e+08
1.425205160000000000e+08
1.161282550000000000e+08
1.018311230000000000e+08
1.416614560000000000e+08
1.409617340000000000e+08
1.033014760000000000e+08
1.204203190000000000e+08
1.415380860000000000e+08
1.018334390000000000e+08
1.155063470000000000e+08
1.421032110000000000e+08
1.026741000000000000e+07
1.547864200000000000e+08
1.232029230000000000e+08
1.017200020000000000e+08
1.415357850000000000e+08
1.414900570000000000e+08
1.036335300000000000e+07
1.154489500000000000e+08
1.033494860000000000e+08
1.416189710000000000e+08
1.376092770000000000e+08
1.018326640000000000e+08
1.233100530000000000e+08
1.233104320000000000e+08
1.406386480000000000e+08
1.417600560000000000e+08
1.416024350000000000e+08
1.502950590000000000e+08
1.374215940000000000e+08
1.035644520000000000e+08
1.547583050000000000e+08
1.380465590000000000e+08
1.503526740000000000e+08
1.049022900000000000e+07
1.029386600000000000e+07
1.547601550000000000e+08
1.161591150000000000e+08
1.383991970000000000e+08
1.538960910000000000e+08
1.407116260000000000e+08
1.400921376000000000e+09
1.545675740000000000e+08
1.538963570000000000e+08
1.477616090000000000e+08
1.354170600000000000e+08
1.409916830000000000e+08
1.415855250000000000e+08
1.543406630000000000e+08
1.375041580000000000e+08
1.384719050000000000e+08
1.546995430000000000e+08
1.407100140000000000e+08
1.475571610000000000e+08
1.380733130000000000e+08
1.228403970000000000e+08
1.234977710000000000e+08
1.355300430000000000e+08
1.030754920000000000e+08
1.030306580000000000e+08
1.049047500000000000e+07
1.544534840000000000e+08
1.375456400000000000e+08
1.414318710000000000e+08
1.407088310000000000e+08
1.161650660000000000e+08
1.400989060000000000e+09
1.156133490000000000e+08
1.028998800000000000e+07
1.492820720000000000e+08
1.036345700000000000e+07
1.031767110000000000e+08
1.001651081000000000e+09
1.414869600000000000e+08
1.016723200000000000e+08
1.354429610000000000e+08
1.159690190000000000e+08
1.033094250000000000e+08
1.019269510000000000e+08
1.409346210000000000e+08
1.159663240000000000e+08
1.420126080000000000e+08
1.035689160000000000e+08
1.019240390000000000e+08
1.546462080000000000e+08
1.374820160000000000e+08
1.381696370000000000e+08
1.161023850000000000e+08
1.384763840000000000e+08
1.001674175000000000e+09
1.035653920000000000e+08
1.409129410000000000e+08
1.232029640000000000e+08
1.017219600000000000e+08
1.155181600000000000e+08
1.420110220000000000e+08
1.538929710000000000e+08
1.018731960000000000e+08
1.538608330000000000e+08
1.031776120000000000e+08
1.477612850000000000e+08
1.504002300000000000e+08
1.375813760000000000e+08
1.420928070000000000e+08
1.031942100000000000e+08
1.381315230000000000e+08
1.017679050000000000e+08
1.046769700000000000e+07
1.161242750000000000e+08
1.228915240000000000e+08
1.420549410000000000e+08
1.508401471000000000e+09
1.035061210000000000e+08
1.409934790000000000e+08
1.033045970000000000e+08
1.502633290000000000e+08
1.374204480000000000e+08
1.029528710000000000e+08
1.373238260000000000e+08
1.030348160000000000e+08
1.156234340000000000e+08
1.230978990000000000e+08
1.375439090000000000e+08
1.507174451000000000e+09
1.503553010000000000e+08
1.416171080000000000e+08
1.355254280000000000e+08
1.409315500000000000e+08
1.415354030000000000e+08
1.374208460000000000e+08
1.161613020000000000e+08
1.016739200000000000e+08
1.406823760000000000e+08
1.478189260000000000e+08
1.548095150000000000e+08
1.426174030000000000e+08
1.162400180000000000e+08
1.028074900000000000e+08
1.049236700000000000e+07
1.161609420000000000e+08
1.156132560000000000e+08
1.416774160000000000e+08
1.200462870000000000e+08
1.374997270000000000e+08
1.371577020000000000e+08
1.421179760000000000e+08
1.400714115000000000e+09
1.354759680000000000e+08
1.417609530000000000e+08
1.421522260000000000e+08
1.547862400000000000e+08
1.415340020000000000e+08
1.032201490000000000e+08
1.538929780000000000e+08
1.371587280000000000e+08
1.206267640000000000e+08
1.380425560000000000e+08
1.381335720000000000e+08
1.034468170000000000e+08
1.160503850000000000e+08
1.162415340000000000e+08
1.543388730000000000e+08
1.035920200000000000e+07
1.030351460000000000e+08
1.379842300000000000e+08
1.155251250000000000e+08
1.547179410000000000e+08
1.233176430000000000e+08
1.162462350000000000e+08
1.538949660000000000e+08
1.383449020000000000e+08
1.032989450000000000e+08
1.543400030000000000e+08
1.271268578000000000e+09
1.354140630000000000e+08
1.161649030000000000e+08
1.049682200000000000e+07
1.414342450000000000e+08
1.016732510000000000e+08
1.229567570000000000e+08
1.204220550000000000e+08
1.155243490000000000e+08
1.407364340000000000e+08
1.547176690000000000e+08
1.232370060000000000e+08
1.156111280000000000e+08
1.375811060000000000e+08
1.201834120000000000e+08
1.203130850000000000e+08
1.228913490000000000e+08
1.420918090000000000e+08
1.416606730000000000e+08
1.384713280000000000e+08
1.543440080000000000e+08
1.410082440000000000e+08
1.160489730000000000e+08
1.155808880000000000e+08
1.383305420000000000e+08
1.508144980000000000e+09
1.384720750000000000e+08
1.228398940000000000e+08
1.414875710000000000e+08
1.016743480000000000e+08
1.230433590000000000e+08
1.381691300000000000e+08
1.425364430000000000e+08
1.548112160000000000e+08
1.547889310000000000e+08
1.374799790000000000e+08
1.548100370000000000e+08
1.507068090000000000e+08
1.379850270000000000e+08
1.406276760000000000e+08
1.548109000000000000e+08
1.477579330000000000e+08
1.018341740000000000e+08
1.017676580000000000e+08
1.201307286000000000e+09
1.538584660000000000e+08
1.538588140000000000e+08
1.058361900000000000e+07
1.102701768000000000e+09
1.029362300000000000e+07
1.255799960000000000e+08
1.031747430000000000e+08
1.415228520000000000e+08
1.027112400000000000e+07
1.547894090000000000e+08
1.408628100000000000e+08
1.271130540000000000e+09
1.417631400000000000e+08
1.201734500000000000e+08
1.035742200000000000e+07
1.421540410000000000e+08
1.204248560000000000e+08
1.475570900000000000e+08
1.384746300000000000e+08
1.538915780000000000e+08
1.507115380000000000e+09
1.229580100000000000e+08
1.231253140000000000e+08
1.381677540000000000e+08
1.425864080000000000e+08
1.410089980000000000e+08
1.017697360000000000e+08
1.048920700000000000e+07
1.538931970000000000e+08
1.271365948000000000e+09
1.031790320000000000e+08
1.379957480000000000e+08
1.376037900000000000e+08
1.373233130000000000e+08
1.400695475000000000e+09
1.201054050000000000e+08
1.028751700000000000e+07
1.408647190000000000e+08
1.026113720000000000e+08
1.416196700000000000e+08
1.425023950000000000e+08
1.039863500000000000e+07
1.230147800000000000e+08
1.154481490000000000e+08
1.381330080000000000e+08
1.406263850000000000e+08
1.159704890000000000e+08
1.416612720000000000e+08
1.410043750000000000e+08
1.380246490000000000e+08
1.417876570000000000e+08
1.492290330000000000e+08
1.538916680000000000e+08
1.027187820000000000e+08
1.234920810000000000e+08
1.538918840000000000e+08
1.035639020000000000e+08
1.047431400000000000e+07
1.017674620000000000e+08
1.230965970000000000e+08
1.408093580000000000e+08
1.548089760000000000e+08
1.415820530000000000e+08
1.538923840000000000e+08
1.478074320000000000e+08
1.066294400000000000e+07
1.230923670000000000e+08
1.029300170000000000e+08
1.354790350000000000e+08
1.234466610000000000e+08
1.155077770000000000e+08
1.371587590000000000e+08
1.409935220000000000e+08
1.033503460000000000e+08
1.477892230000000000e+08
1.033016060000000000e+08
1.026782100000000000e+07
1.417482830000000000e+08
1.503167520000000000e+08
1.373869070000000000e+08
1.039521400000000000e+07
1.035781000000000000e+07
1.410339840000000000e+08
1.031799370000000000e+08
1.410334780000000000e+08
1.374817670000000000e+08
1.406388310000000000e+08
1.400770435000000000e+09
1.508497010000000000e+08
1.507063675000000000e+09
1.373973590000000000e+08
1.233628190000000000e+08
1.407360150000000000e+08
1.400807589000000000e+09
1.421198600000000000e+08
1.424721080000000000e+08
1.414870730000000000e+08
1.380455570000000000e+08
1.155204940000000000e+08
1.229526750000000000e+08
1.538916260000000000e+08
1.026122550000000000e+08
1.161643520000000000e+08
1.376078570000000000e+08
1.308731889000000000e+09
1.354113510000000000e+08
1.421029430000000000e+08
1.018084530000000000e+08
1.373327930000000000e+08
1.379857160000000000e+08
1.417609860000000000e+08
1.232367810000000000e+08
1.426195150000000000e+08
1.161627240000000000e+08
1.026793970000000000e+08
1.161014860000000000e+08
1.374572880000000000e+08
1.026808990000000000e+08
1.547884830000000000e+08
1.421031300000000000e+08
1.547194810000000000e+08
1.066044400000000000e+07
1.416910440000000000e+08
1.161236120000000000e+08
1.415389560000000000e+08
1.026808480000000000e+08
1.375038270000000000e+08
1.383536040000000000e+08
1.354135520000000000e+08
1.415838270000000000e+08
1.027208120000000000e+08
1.102715777000000000e+09
1.383990540000000000e+08
1.270432466000000000e+09
1.417647860000000000e+08
1.406425830000000000e+08
1.204266080000000000e+08
1.400576240000000000e+09
1.001651765000000000e+09
1.373929580000000000e+08
1.102628617000000000e+09
1.026765390000000000e+08
1.018735500000000000e+08
1.159715840000000000e+08
1.376063340000000000e+08
1.478076730000000000e+08
1.203606910000000000e+08
1.204214300000000000e+08
1.202583150000000000e+08
1.017644140000000000e+08
1.047397800000000000e+07
1.234465040000000000e+08
1.161611910000000000e+08
1.026079670000000000e+08
1.383476830000000000e+08
1.416887000000000000e+08
1.354809170000000000e+08
1.035737700000000000e+07
1.308724010000000000e+09
1.374188450000000000e+08
1.234148770000000000e+08
1.375812980000000000e+08
1.547025190000000000e+08
1.547875360000000000e+08
1.409156480000000000e+08
1.425641110000000000e+08
1.230446480000000000e+08
1.427279040000000000e+08
1.102701578000000000e+09
1.417645750000000000e+08
1.424910570000000000e+08
1.544057190000000000e+08
1.507984501000000000e+09
1.155829060000000000e+08
1.475569490000000000e+08
1.017672660000000000e+08
1.374993540000000000e+08
1.502552360000000000e+08
1.408337530000000000e+08
1.421003890000000000e+08
1.400663287000000000e+09
1.027020200000000000e+07
1.030960680000000000e+08
1.416764160000000000e+08
1.027820660000000000e+08
1.034404120000000000e+08
1.400707369000000000e+09
1.035681500000000000e+08
1.538589140000000000e+08
1.035066370000000000e+08
1.206897750000000000e+08
1.543421160000000000e+08
1.155175370000000000e+08
1.227896190000000000e+08
1.232281910000000000e+08
1.547415530000000000e+08
1.154463130000000000e+08
1.416131290000000000e+08
1.508523040000000000e+08
1.205767220000000000e+08
1.232061800000000000e+08
1.400994843000000000e+09
1.228327140000000000e+08
1.416031930000000000e+08
1.028865650000000000e+08
1.271368020000000000e+09
1.408047610000000000e+08
1.547044230000000000e+08
1.379852300000000000e+08
1.544538750000000000e+08
1.379981450000000000e+08
1.373982990000000000e+08
1.036463400000000000e+07
1.407392610000000000e+08
1.416617680000000000e+08
1.415338010000000000e+08
1.018334100000000000e+08
1.375034360000000000e+08
1.203199300000000000e+08
1.492352820000000000e+08
1.354199410000000000e+08
1.401126559000000000e+09
1.017213520000000000e+08
1.383291510000000000e+08
1.229550900000000000e+08
1.033076090000000000e+08
1.204958250000000000e+08
1.427856190000000000e+08
1.027108700000000000e+07
1.156111790000000000e+08
1.380466600000000000e+08
1.271046655000000000e+09
1.383306030000000000e+08
1.375789350000000000e+08
1.490994040000000000e+08
1.271050704000000000e+09
1.477968820000000000e+08
1.233178650000000000e+08
1.155081620000000000e+08
1.354803450000000000e+08
1.034451760000000000e+08
1.543392260000000000e+08
1.162461390000000000e+08
1.508412730000000000e+08
1.538920820000000000e+08
1.234527050000000000e+08
1.543412390000000000e+08
1.374992020000000000e+08
1.155101850000000000e+08
1.032202930000000000e+08
1.155829080000000000e+08
1.018783710000000000e+08
1.383544240000000000e+08
1.370572540000000000e+08
1.508059137000000000e+09
1.416610810000000000e+08
1.035690260000000000e+08
1.058885000000000000e+07
1.231292410000000000e+08
1.234896140000000000e+08
1.018046580000000000e+08
1.031961040000000000e+08
1.354430510000000000e+08
1.232064540000000000e+08
1.415226770000000000e+08
1.046924300000000000e+07
1.380255210000000000e+08
1.371181530000000000e+08
1.383320400000000000e+08
1.407786200000000000e+08
1.204993080000000000e+08
1.201228154000000000e+09
1.401020353000000000e+09
1.047116200000000000e+07
1.548098180000000000e+08
1.356182830000000000e+08
1.409354690000000000e+08
1.030682610000000000e+08
1.203553940000000000e+08
1.373322240000000000e+08
1.543454180000000000e+08
1.400401521000000000e+09
1.538913470000000000e+08
1.201291460000000000e+09
1.504960800000000000e+08
1.506383377000000000e+09
1.203642360000000000e+08
1.233163410000000000e+08
1.503995130000000000e+08
1.415843020000000000e+08
1.230420920000000000e+08
1.028923400000000000e+07
1.026076820000000000e+08
1.421040490000000000e+08
1.102584065000000000e+09
1.200467900000000000e+08
1.233616310000000000e+08
1.232297960000000000e+08
1.409666070000000000e+08
1.507528297000000000e+09
1.201292734000000000e+09
1.354162540000000000e+08
1.381692360000000000e+08
1.028466910000000000e+08
1.255803000000000000e+08
1.033030260000000000e+08
1.234449760000000000e+08
1.230966980000000000e+08
1.047182000000000000e+07
1.155077260000000000e+08
1.201793980000000000e+08
1.416180540000000000e+08
1.371570850000000000e+08
1.034527780000000000e+08
1.508136760000000000e+09
1.547167980000000000e+08
1.416786820000000000e+08
1.544381320000000000e+08
1.381310330000000000e+08
1.029869800000000000e+08
1.271070698000000000e+09
1.502944430000000000e+08
1.032250650000000000e+08
1.492273040000000000e+08
1.203175900000000000e+08
1.408071370000000000e+08
1.034429520000000000e+08
1.530693100000000000e+07
1.544586160000000000e+08
1.031938690000000000e+08
1.232011680000000000e+08
1.416154960000000000e+08
1.498311580000000000e+08
1.543408300000000000e+08
1.155186440000000000e+08
1.417181040000000000e+08
1.383981460000000000e+08
1.354476370000000000e+08
1.383454660000000000e+08
1.205732010000000000e+08
1.427376430000000000e+08
1.028977610000000000e+08
1.417479560000000000e+08
1.155808990000000000e+08
1.030981410000000000e+08
1.162650420000000000e+08
1.547168860000000000e+08
1.417645910000000000e+08
1.155218080000000000e+08
1.546646040000000000e+08
1.375430170000000000e+08
1.234922000000000000e+08
1.497976190000000000e+08
1.205778670000000000e+08
1.232344960000000000e+08
1.355261750000000000e+08
1.420900650000000000e+08
1.030693590000000000e+08
1.204995280000000000e+08
1.409673250000000000e+08
1.547899100000000000e+08
1.156224870000000000e+08
1.231981560000000000e+08
1.427258130000000000e+08
1.234171610000000000e+08
1.162450320000000000e+08
1.228914770000000000e+08
1.407793200000000000e+08
1.204953380000000000e+08
1.018329310000000000e+08
1.524032200000000000e+07
1.492290090000000000e+08
1.271262829000000000e+09
1.421195930000000000e+08
1.228894900000000000e+08
1.234528020000000000e+08
1.017659800000000000e+08
1.416780230000000000e+08
1.417512790000000000e+08
1.201194272000000000e+09
1.426173790000000000e+08
1.381676310000000000e+08
1.415844240000000000e+08
1.538943920000000000e+08
1.376066770000000000e+08
1.427837460000000000e+08
1.427400060000000000e+08
1.409646730000000000e+08
1.161589580000000000e+08
1.234165150000000000e+08
1.234182270000000000e+08
1.547000680000000000e+08
1.201328516000000000e+09
1.161633560000000000e+08
1.543395980000000000e+08
1.232310810000000000e+08
1.372057770000000000e+08
1.228410010000000000e+08
1.232038220000000000e+08
1.200438270000000000e+08
1.376043110000000000e+08
1.503108260000000000e+08
1.407087160000000000e+08
1.200449740000000000e+08
1.355247260000000000e+08
1.039833100000000000e+07
1.503505700000000000e+08
1.416589990000000000e+08
1.018082000000000000e+08
1.417477470000000000e+08
1.400696306000000000e+09
1.417158160000000000e+08
1.162407190000000000e+08
1.538966810000000000e+08
1.102617332000000000e+09
1.031996060000000000e+08
1.029357200000000000e+07
1.408381080000000000e+08
1.155831620000000000e+08
1.544041910000000000e+08
1.028431350000000000e+08
1.102694587000000000e+09
1.544042570000000000e+08
1.375001830000000000e+08
1.201790090000000000e+08
1.543392310000000000e+08
1.001661677000000000e+09
1.160992480000000000e+08
1.503167280000000000e+08
1.234105020000000000e+08
1.427809440000000000e+08
1.538603490000000000e+08
1.032247870000000000e+08
1.203547140000000000e+08
1.409115000000000000e+08
1.415249840000000000e+08
1.410322420000000000e+08
1.370572380000000000e+08
1.547169890000000000e+08
1.031953230000000000e+08
1.478175000000000000e+08
1.233572550000000000e+08
1.538581620000000000e+08
1.155263810000000000e+08
1.102718542000000000e+09
1.409631070000000000e+08
1.232014060000000000e+08
1.381685020000000000e+08
1.373361500000000000e+08
1.376067260000000000e+08
1.032229750000000000e+08
1.204228000000000000e+08
1.229535760000000000e+08
1.160172390000000000e+08
1.040024900000000000e+07
1.547601250000000000e+08
1.207681440000000000e+08
1.155257490000000000e+08
1.475597090000000000e+08
1.425909560000000000e+08
1.414892370000000000e+08
1.028060770000000000e+08
1.408070760000000000e+08
1.232362280000000000e+08
1.538586210000000000e+08
1.406856730000000000e+08
1.547892530000000000e+08
1.415361910000000000e+08
1.506055275000000000e+09
1.406820870000000000e+08
1.417889190000000000e+08
1.507473553000000000e+09
1.271028034000000000e+09
1.234161990000000000e+08
1.018768130000000000e+08
1.409126130000000000e+08
1.503147930000000000e+08
1.032266640000000000e+08
1.271282343000000000e+09
1.547181410000000000e+08
1.538918820000000000e+08
1.414666550000000000e+08
1.544561900000000000e+08
1.033072310000000000e+08
1.016753290000000000e+08
1.029886120000000000e+08
1.376051770000000000e+08
1.410324220000000000e+08
1.416154220000000000e+08
1.233112020000000000e+08
1.155828720000000000e+08
1.017681770000000000e+08
1.508034058000000000e+09
1.031762560000000000e+08
1.420439160000000000e+08
1.018057790000000000e+08
1.102705218000000000e+09
1.477916960000000000e+08
1.031790330000000000e+08
1.508497490000000000e+08
1.408345960000000000e+08
1.017658490000000000e+08
1.204203690000000000e+08
1.230157390000000000e+08
1.231992130000000000e+08
1.159664500000000000e+08
1.203621280000000000e+08
1.160952680000000000e+08
1.538919050000000000e+08
1.155100200000000000e+08
1.232347470000000000e+08
1.033036180000000000e+08
1.507042269000000000e+09
1.160965820000000000e+08
1.160978170000000000e+08
1.032235290000000000e+08
1.231998900000000000e+08
1.270714386000000000e+09
1.380727170000000000e+08
1.502540490000000000e+08
1.018295760000000000e+08
1.033488490000000000e+08
1.491459060000000000e+08
1.229535360000000000e+08
1.355225390000000000e+08
1.047436000000000000e+07
1.228896400000000000e+08
1.379986110000000000e+08
1.058272900000000000e+07
1.233144710000000000e+08
1.416140890000000000e+08
1.406844200000000000e+08
1.228926910000000000e+08
1.407143980000000000e+08
1.026787060000000000e+08
1.493382790000000000e+08
1.227872620000000000e+08
1.376027270000000000e+08
1.353626770000000000e+08
1.543444140000000000e+08
1.154485270000000000e+08
1.503029040000000000e+08
1.230376620000000000e+08
1.373951740000000000e+08
1.400769906000000000e+09
1.504869680000000000e+08
1.400115618000000000e+09
1.374537690000000000e+08
1.033467130000000000e+08
1.547860380000000000e+08
1.230089130000000000e+08
1.547200730000000000e+08
1.416200200000000000e+08
1.155073500000000000e+08
1.026957500000000000e+07
1.375454030000000000e+08
1.373229840000000000e+08
1.417479460000000000e+08
1.547168470000000000e+08
1.201827070000000000e+08
1.414673660000000000e+08
1.155101120000000000e+08
1.548079770000000000e+08
1.503522060000000000e+08
1.416794740000000000e+08
1.547599240000000000e+08
1.415377630000000000e+08
1.233155560000000000e+08
1.416023810000000000e+08
1.417173600000000000e+08
1.503166210000000000e+08
1.420885170000000000e+08
1.102613201000000000e+09
1.414339170000000000e+08
1.234961500000000000e+08
1.102711768000000000e+09
1.427472610000000000e+08
1.420998380000000000e+08
1.034508380000000000e+08
1.271341297000000000e+09
1.415823130000000000e+08
1.058367200000000000e+07
1.017224280000000000e+08
1.035800200000000000e+07
1.017672830000000000e+08
1.538932340000000000e+08
1.201246764000000000e+09
1.409124920000000000e+08
1.414775580000000000e+08
1.034526210000000000e+08
1.160958250000000000e+08
1.030965620000000000e+08
1.227878850000000000e+08
1.547182980000000000e+08
1.406821160000000000e+08
1.374973230000000000e+08
1.201246763000000000e+09
1.416793050000000000e+08
1.161649250000000000e+08
1.414783200000000000e+08
1.018317620000000000e+08
1.544373870000000000e+08
1.058590900000000000e+07
1.380240020000000000e+08
1.102571593000000000e+09
1.417894390000000000e+08
1.416037890000000000e+08
1.416145770000000000e+08
1.548110350000000000e+08
1.155246670000000000e+08
1.379863110000000000e+08
1.271218438000000000e+09
1.538961700000000000e+08
1.201199133000000000e+09
1.548091840000000000e+08
1.381703940000000000e+08
1.201330483000000000e+09
1.415224420000000000e+08
1.030340580000000000e+08
1.408361680000000000e+08
1.401020355000000000e+09
1.031022430000000000e+08
1.547044650000000000e+08
1.231265670000000000e+08
1.417656310000000000e+08
1.421033540000000000e+08
1.030749130000000000e+08
1.234177620000000000e+08
1.414319410000000000e+08
1.155229690000000000e+08
1.370570850000000000e+08
1.406424260000000000e+08
1.538580190000000000e+08
1.048956100000000000e+07
1.374169640000000000e+08
1.271088706000000000e+09
1.234134330000000000e+08
1.017676970000000000e+08
1.162640890000000000e+08
1.203150820000000000e+08
1.547866750000000000e+08
1.376064690000000000e+08
1.232307650000000000e+08
1.160193340000000000e+08
1.161620020000000000e+08
1.474757250000000000e+08
1.155211300000000000e+08
1.161613890000000000e+08
1.538912650000000000e+08
1.380266060000000000e+08
1.234503730000000000e+08
1.544367500000000000e+08
1.159725330000000000e+08
1.415231120000000000e+08
1.507332501000000000e+09
1.036451000000000000e+07
1.416161400000000000e+08
1.028466480000000000e+08
1.018330930000000000e+08
1.421035010000000000e+08
1.407130360000000000e+08
1.503147540000000000e+08
1.383442550000000000e+08
1.374982580000000000e+08
1.231314580000000000e+08
1.102555267000000000e+09
1.420476160000000000e+08
1.547866910000000000e+08
1.383476300000000000e+08
1.017213850000000000e+08
1.026793230000000000e+08
1.019239580000000000e+08
1.155837260000000000e+08
1.407759040000000000e+08
1.232298110000000000e+08
1.416170430000000000e+08
1.035934000000000000e+07
1.036328900000000000e+07
1.376055350000000000e+08
1.538930910000000000e+08
1.508134469000000000e+09
1.375799260000000000e+08
1.233090240000000000e+08
1.233578640000000000e+08
1.380252640000000000e+08
1.033478350000000000e+08
1.477612960000000000e+08
1.416170440000000000e+08
1.408641690000000000e+08
1.162624150000000000e+08
1.384004220000000000e+08
1.228901440000000000e+08
1.381682620000000000e+08
1.049377200000000000e+07
1.414760990000000000e+08
1.376038010000000000e+08
1.407108260000000000e+08
1.028849100000000000e+07
1.373308140000000000e+08
1.234099940000000000e+08
1.234182950000000000e+08
1.503163580000000000e+08
1.200447870000000000e+08
1.417613070000000000e+08
1.415217510000000000e+08
1.504003070000000000e+08
1.030322490000000000e+08
1.049295300000000000e+07
1.200471470000000000e+08
1.155203800000000000e+08
1.523199500000000000e+07
1.548086760000000000e+08
1.234089880000000000e+08
1.228354750000000000e+08
1.380248240000000000e+08
1.035125700000000000e+08
1.201792880000000000e+08
1.017196070000000000e+08
1.016732930000000000e+08
1.502955410000000000e+08
1.400480456000000000e+09
1.373266290000000000e+08
1.426195790000000000e+08
1.234118880000000000e+08
1.271318147000000000e+09
1.027212370000000000e+08
1.031794780000000000e+08
1.400414145000000000e+09
1.506471554000000000e+09
1.415404740000000000e+08
1.017673430000000000e+08
1.383475290000000000e+08
1.409368100000000000e+08
1.538937440000000000e+08
1.039274400000000000e+07
1.372062150000000000e+08
1.160467530000000000e+08
1.375444350000000000e+08
1.159662530000000000e+08
1.017683690000000000e+08
1.028731500000000000e+07
1.380227230000000000e+08
1.547168630000000000e+08
1.400472894000000000e+09
1.230448740000000000e+08
1.415827470000000000e+08
1.400663286000000000e+09
