1.427975820000000000e+08
1.434043110000000000e+08
1.509630570000000000e+08
1.472445420000000000e+08
1.419779320000000000e+08
1.326322330000000000e+08
1.413336770000000000e+08
1.318594000000000000e+06
1.193200400000000000e+07
1.408615480000000000e+08
1.474468690000000000e+08
1.343635900000000000e+07
1.353414600000000000e+07
1.496011400000000000e+08
1.041986000000000000e+06
1.301046630000000000e+08
1.180791870000000000e+08
1.436784750000000000e+08
1.299174620000000000e+08
1.186863280000000000e+08
1.406878260000000000e+08
1.427963130000000000e+08
1.409004580000000000e+08
1.411263970000000000e+08
1.440605540000000000e+08
1.535928190000000000e+08
1.317923040000000000e+08
1.345429550000000000e+08
1.441866000000000000e+06
1.503914360000000000e+08
1.494976740000000000e+08
1.304222540000000000e+08
1.459171860000000000e+08
1.233823370000000000e+08
1.429797600000000000e+07
1.234803940000000000e+08
1.308817360000000000e+08
1.133072000000000000e+06
1.191826000000000000e+07
1.499713310000000000e+08
1.187598190000000000e+08
1.416059820000000000e+08
1.491607780000000000e+08
1.342830260000000000e+08
1.181591700000000000e+08
1.504424970000000000e+08
1.504302750000000000e+08
1.490606530000000000e+08
1.013631420000000000e+08
1.337006490000000000e+08
1.346470720000000000e+08
1.343210890000000000e+08
1.228450000000000000e+06
1.416081980000000000e+08
1.504308290000000000e+08
1.318008330000000000e+08
1.410966350000000000e+08
1.321756080000000000e+08
1.383402900000000000e+07
1.466347820000000000e+08
1.317883110000000000e+08
1.532712770000000000e+08
1.411519530000000000e+08
1.403155250000000000e+08
1.343947900000000000e+07
1.188336730000000000e+08
1.519265330000000000e+08
1.503581470000000000e+08
1.491744940000000000e+08
1.499021760000000000e+08
1.416254860000000000e+08
1.501650180000000000e+08
1.504161290000000000e+08
1.148220460000000000e+08
1.473004280000000000e+08
1.537447000000000000e+06
1.409860200000000000e+08
1.009038340000000000e+08
1.522469480000000000e+08
1.220336130000000000e+08
1.455894050000000000e+08
1.039419000000000000e+06
1.315241000000000000e+06
1.501072210000000000e+08
1.406599800000000000e+08
1.405805950000000000e+08
1.292668520000000000e+08
1.333397720000000000e+08
1.420513490000000000e+08
1.418230200000000000e+08
1.420513980000000000e+08
1.314736930000000000e+08
1.232224670000000000e+08
1.318417430000000000e+08
1.201050000000000000e+06
1.463287420000000000e+08
1.432018640000000000e+08
1.414727170000000000e+08
1.313404530000000000e+08
1.496301170000000000e+08
1.339352700000000000e+07
1.419779350000000000e+08
1.420873400000000000e+08
1.284653300000000000e+08
1.416123140000000000e+08
1.408565060000000000e+08
1.419101780000000000e+08
1.314957000000000000e+06
1.497399440000000000e+08
1.542364950000000000e+08
1.400060000000000000e+06
1.014131560000000000e+08
1.148238470000000000e+08
1.416221190000000000e+08
1.402583760000000000e+08
1.421098740000000000e+08
1.005021000000000000e+06
1.234828650000000000e+08
1.419112010000000000e+08
1.398648610000000000e+08
1.287368870000000000e+08
1.214198220000000000e+08
1.491766840000000000e+08
1.412963000000000000e+06
1.406301240000000000e+08
1.298835160000000000e+08
1.501886630000000000e+08
1.417554140000000000e+08
1.393712650000000000e+08
1.497691320000000000e+08
1.486142140000000000e+08
1.494231740000000000e+08
1.182078590000000000e+08
1.427526620000000000e+08
1.510119230000000000e+08
1.499706130000000000e+08
1.345503340000000000e+08
1.205636000000000000e+06
1.190585700000000000e+08
1.412163980000000000e+08
1.522422040000000000e+08
1.343859700000000000e+07
1.456986790000000000e+08
1.427432060000000000e+08
1.494793520000000000e+08
1.499880590000000000e+08
1.473283000000000000e+06
1.406320800000000000e+08
1.312525930000000000e+08
1.342005200000000000e+08
1.411552640000000000e+08
1.501422070000000000e+08
1.472932260000000000e+08
1.302943070000000000e+08
1.504428410000000000e+08
1.418699670000000000e+08
1.149276900000000000e+08
1.416825890000000000e+08
1.356009700000000000e+07
1.429547600000000000e+07
1.010605230000000000e+08
1.230328470000000000e+08
1.502716800000000000e+08
1.490597730000000000e+08
1.419454700000000000e+08
1.499759220000000000e+08
1.336675060000000000e+08
1.434362210000000000e+08
1.497180000000000000e+06
1.356678400000000000e+07
1.445971000000000000e+06
1.503943610000000000e+08
1.453264510000000000e+08
1.420847620000000000e+08
1.319478420000000000e+08
1.420178260000000000e+08
1.500642380000000000e+08
1.504315180000000000e+08
1.013981620000000000e+08
1.497444860000000000e+08
1.420825480000000000e+08
1.341716890000000000e+08
1.430906800000000000e+07
1.409778110000000000e+08
1.536607500000000000e+08
1.502489000000000000e+06
1.416856430000000000e+08
1.174566200000000000e+07
1.420873980000000000e+08
1.400069000000000000e+06
1.134701000000000000e+06
1.370789600000000000e+07
1.498419520000000000e+08
1.191129000000000000e+06
1.408900280000000000e+08
1.492184970000000000e+08
1.490855300000000000e+08
1.236999040000000000e+08
1.320870410000000000e+08
1.010125450000000000e+08
1.382015200000000000e+07
1.434067210000000000e+08
1.457136660000000000e+08
1.421072190000000000e+08
1.490376410000000000e+08
1.408827000000000000e+06
1.470121680000000000e+08
1.188097650000000000e+08
1.489790000000000000e+08
1.414257020000000000e+08
1.401941680000000000e+08
1.039707000000000000e+06
1.419797390000000000e+08
1.438423420000000000e+08
1.453133360000000000e+08
1.407619480000000000e+08
1.414142170000000000e+08
1.503206200000000000e+08
1.400873720000000000e+08
1.342217820000000000e+08
1.264301220000000000e+08
1.427967490000000000e+08
1.504322110000000000e+08
1.412127200000000000e+08
1.455791940000000000e+08
1.416278460000000000e+08
1.324456170000000000e+08
1.438409740000000000e+08
1.017846000000000000e+06
1.495726460000000000e+08
1.303374820000000000e+08
1.400339640000000000e+08
1.492489320000000000e+08
1.406584840000000000e+08
1.396900930000000000e+08
1.406356460000000000e+08
1.524055690000000000e+08
1.417551630000000000e+08
1.229099540000000000e+08
1.407086000000000000e+06
1.499346670000000000e+08
1.355965700000000000e+07
1.501071760000000000e+08
1.459775890000000000e+08
1.189529190000000000e+08
1.472894530000000000e+08
1.183131020000000000e+08
1.427880100000000000e+08
1.503011890000000000e+08
1.521608240000000000e+08
1.456290320000000000e+08
1.090101000000000000e+06
1.522410480000000000e+08
1.434048520000000000e+08
1.148790010000000000e+08
1.410689160000000000e+08
1.188330660000000000e+08
1.531160650000000000e+08
1.184913440000000000e+08
1.503572900000000000e+08
1.405975180000000000e+08
1.014183350000000000e+08
1.189086150000000000e+08
1.189549000000000000e+08
1.187587290000000000e+08
1.348120800000000000e+07
1.491245360000000000e+08
1.493036480000000000e+08
1.292723470000000000e+08
1.405165710000000000e+08
1.412820970000000000e+08
1.427407400000000000e+08
1.421058820000000000e+08
1.502753600000000000e+08
1.330369610000000000e+08
1.393694330000000000e+08
1.409987450000000000e+08
1.420146180000000000e+08
1.019692000000000000e+06
1.127186700000000000e+08
1.497643900000000000e+08
1.313430950000000000e+08
1.439928170000000000e+08
1.503564060000000000e+08
1.414729110000000000e+08
1.451164110000000000e+08
1.418253690000000000e+08
1.459727950000000000e+08
1.290843570000000000e+08
1.494208960000000000e+08
1.138567000000000000e+06
1.419802950000000000e+08
1.421066240000000000e+08
1.404346180000000000e+08
1.301899480000000000e+08
1.493471030000000000e+08
1.501001060000000000e+08
1.415307000000000000e+08
1.501431370000000000e+08
1.494979800000000000e+08
1.367428400000000000e+07
1.493077800000000000e+08
1.499917930000000000e+08
1.405773630000000000e+08
1.235621480000000000e+08
1.503221960000000000e+08
1.031929000000000000e+06
1.302954560000000000e+08
1.009406030000000000e+08
1.501426530000000000e+08
1.499301500000000000e+08
1.492519110000000000e+08
1.427708200000000000e+07
1.412720040000000000e+08
1.494497950000000000e+08
1.339615500000000000e+07
1.236320920000000000e+08
1.415435400000000000e+08
1.459679460000000000e+08
1.310320810000000000e+08
1.496960430000000000e+08
1.490393720000000000e+08
1.417560710000000000e+08
1.415484740000000000e+08
1.432025440000000000e+08
1.415448610000000000e+08
1.466013180000000000e+08
1.427241060000000000e+08
1.334805900000000000e+07
1.232262480000000000e+08
1.417699830000000000e+08
1.439004560000000000e+08
1.409433230000000000e+08
1.417083350000000000e+08
1.190613680000000000e+08
1.457892550000000000e+08
1.220930260000000000e+08
1.493461630000000000e+08
1.419444880000000000e+08
1.433329750000000000e+08
1.230367230000000000e+08
1.434018730000000000e+08
1.501673190000000000e+08
1.427442360000000000e+08
1.411226770000000000e+08
1.193146600000000000e+07
1.197159300000000000e+07
1.144993000000000000e+06
1.444219130000000000e+08
1.493015750000000000e+08
1.348075600000000000e+07
1.144530000000000000e+06
1.516225470000000000e+08
1.502805870000000000e+08
1.420526080000000000e+08
1.522726000000000000e+06
1.416816450000000000e+08
1.501072140000000000e+08
1.497993030000000000e+08
1.434329890000000000e+08
1.090396000000000000e+06
1.494236940000000000e+08
1.414828020000000000e+08
1.435960080000000000e+08
1.201983000000000000e+06
1.148043850000000000e+08
1.417110080000000000e+08
1.499647210000000000e+08
1.499895350000000000e+08
1.419094810000000000e+08
1.497899340000000000e+08
1.503583000000000000e+06
1.146056000000000000e+06
1.464190000000000000e+08
1.419140820000000000e+08
1.404246010000000000e+08
1.458674110000000000e+08
1.400103840000000000e+08
1.411561050000000000e+08
1.472444280000000000e+08
1.433835500000000000e+08
1.404989000000000000e+06
1.190562050000000000e+08
1.444741920000000000e+08
1.405994710000000000e+08
1.184139490000000000e+08
1.503611040000000000e+08
1.398855420000000000e+08
1.499915780000000000e+08
1.090844000000000000e+06
1.265693990000000000e+08
1.353706600000000000e+07
1.238292710000000000e+08
1.416806810000000000e+08
1.491007640000000000e+08
1.450228610000000000e+08
1.416104730000000000e+08
1.201299200000000000e+07
1.314251080000000000e+08
1.492160240000000000e+08
1.416100120000000000e+08
1.522960000000000000e+06
1.520763820000000000e+08
1.529455810000000000e+08
1.517180360000000000e+08
1.499722110000000000e+08
1.186050910000000000e+08
1.494979240000000000e+08
1.407897900000000000e+08
1.416069860000000000e+08
1.190771520000000000e+08
1.492614700000000000e+08
1.503213300000000000e+08
1.255904000000000000e+06
1.504615330000000000e+08
1.414469600000000000e+08
1.326247310000000000e+08
1.189532010000000000e+08
1.305140060000000000e+08
1.089621000000000000e+06
1.418466900000000000e+08
1.416060600000000000e+08
1.403063000000000000e+06
1.419429110000000000e+08
1.191321000000000000e+06
1.401370680000000000e+08
1.492531540000000000e+08
1.304211470000000000e+08
1.420827960000000000e+08
1.405984640000000000e+08
1.492604620000000000e+08
1.258971000000000000e+06
1.240741950000000000e+08
1.300972190000000000e+08
1.337620240000000000e+08
1.337003940000000000e+08
1.148243060000000000e+08
1.305829950000000000e+08
1.435924540000000000e+08
1.517190240000000000e+08
1.398688990000000000e+08
1.166450600000000000e+07
1.412307890000000000e+08
1.501880710000000000e+08
1.183301140000000000e+08
1.147962380000000000e+08
1.339284480000000000e+08
1.305736760000000000e+08
1.513703400000000000e+08
1.501667110000000000e+08
1.416114610000000000e+08
1.009476010000000000e+08
1.416272680000000000e+08
1.499898640000000000e+08
1.184075000000000000e+08
1.362899400000000000e+07
1.498454140000000000e+08
1.416267830000000000e+08
1.255915000000000000e+06
1.418658750000000000e+08
1.450264440000000000e+08
1.499023660000000000e+08
1.405798470000000000e+08
1.471023690000000000e+08
1.149333780000000000e+08
1.406334730000000000e+08
1.405766500000000000e+08
1.492744220000000000e+08
1.440846730000000000e+08
1.447053720000000000e+08
1.496734910000000000e+08
1.190810960000000000e+08
1.464149540000000000e+08
1.234847460000000000e+08
1.509622830000000000e+08
1.406361620000000000e+08
1.507513760000000000e+08
1.454968660000000000e+08
1.529445820000000000e+08
1.410962700000000000e+08
1.501087110000000000e+08
1.414139320000000000e+08
1.186020260000000000e+08
1.316475390000000000e+08
1.414253490000000000e+08
1.232233000000000000e+06
1.457943790000000000e+08
1.475168550000000000e+08
1.476499080000000000e+08
1.397991450000000000e+08
1.417351840000000000e+08
1.317454310000000000e+08
1.418237750000000000e+08
1.408016830000000000e+08
1.438426510000000000e+08
1.409462370000000000e+08
1.010670910000000000e+08
1.235682940000000000e+08
1.456205270000000000e+08
1.405771340000000000e+08
1.191780000000000000e+06
1.418241500000000000e+08
1.353781800000000000e+07
1.411875700000000000e+08
1.497431340000000000e+08
1.189134420000000000e+08
1.429504600000000000e+07
1.504419050000000000e+08
1.149284750000000000e+08
1.536534190000000000e+08
1.231083260000000000e+08
1.152173300000000000e+07
1.444315000000000000e+06
1.318406510000000000e+08
1.504316590000000000e+08
1.491254180000000000e+08
1.178882330000000000e+08
1.502720640000000000e+08
1.408998250000000000e+08
1.104712000000000000e+06
1.406579310000000000e+08
1.144782000000000000e+08
1.450213930000000000e+08
1.232111750000000000e+08
1.267331330000000000e+08
1.240067610000000000e+08
1.500304110000000000e+08
1.499350430000000000e+08
1.238257940000000000e+08
1.408264380000000000e+08
1.339457400000000000e+07
1.427970200000000000e+07
1.526817990000000000e+08
1.413342930000000000e+08
1.402983550000000000e+08
1.187557380000000000e+08
1.405991250000000000e+08
1.503216630000000000e+08
1.531917070000000000e+08
1.190567510000000000e+08
1.180206270000000000e+08
1.222594180000000000e+08
1.509590340000000000e+08
1.493167370000000000e+08
1.497881580000000000e+08
1.410936930000000000e+08
1.233836430000000000e+08
1.414223390000000000e+08
1.503226520000000000e+08
1.504304040000000000e+08
1.515737240000000000e+08
1.041328000000000000e+06
1.411272530000000000e+08
1.420855690000000000e+08
1.429714600000000000e+07
1.502509590000000000e+08
1.499722070000000000e+08
1.400642640000000000e+08
1.305814980000000000e+08
1.502844250000000000e+08
1.402874000000000000e+06
1.010651400000000000e+08
1.421065810000000000e+08
1.411212360000000000e+08
1.180721190000000000e+08
1.453840170000000000e+08
1.418708310000000000e+08
1.496008460000000000e+08
1.499026580000000000e+08
1.416220650000000000e+08
1.427870220000000000e+08
1.408598220000000000e+08
1.407601640000000000e+08
1.323718670000000000e+08
1.491213850000000000e+08
1.446105000000000000e+06
1.504270050000000000e+08
1.408943540000000000e+08
1.439877200000000000e+08
1.504421520000000000e+08
1.536714000000000000e+06
1.190077260000000000e+08
1.502469250000000000e+08
1.315718050000000000e+08
1.501879080000000000e+08
1.339517500000000000e+07
1.459665370000000000e+08
1.409869410000000000e+08
1.439849810000000000e+08
1.339747370000000000e+08
1.491281260000000000e+08
1.506104140000000000e+08
1.414290300000000000e+08
1.437918380000000000e+08
1.502827250000000000e+08
1.415442810000000000e+08
1.500317660000000000e+08
1.491027230000000000e+08
1.237009770000000000e+08
1.341135660000000000e+08
1.345485740000000000e+08
1.502102530000000000e+08
1.414137060000000000e+08
1.230273580000000000e+08
1.502717800000000000e+08
1.148270440000000000e+08
1.420191710000000000e+08
1.343130300000000000e+07
1.503231380000000000e+08
1.148268940000000000e+08
1.500327860000000000e+08
1.041326000000000000e+06
1.497657230000000000e+08
1.453324890000000000e+08
1.416255590000000000e+08
1.382116300000000000e+07
1.253795000000000000e+06
1.405207730000000000e+08
1.501676430000000000e+08
1.417518780000000000e+08
1.504426580000000000e+08
1.440587550000000000e+08
1.341954200000000000e+08
1.519283080000000000e+08
1.454530530000000000e+08
1.401500830000000000e+08
1.416075530000000000e+08
1.409978600000000000e+08
1.497001700000000000e+08
1.287366900000000000e+08
1.536984000000000000e+06
1.492507530000000000e+08
1.501015640000000000e+08
1.415753890000000000e+08
1.343558620000000000e+08
1.437395610000000000e+08
1.489794390000000000e+08
1.353676100000000000e+07
1.304438190000000000e+08
1.344326860000000000e+08
1.452801730000000000e+08
1.433172140000000000e+08
1.447486300000000000e+08
1.475295650000000000e+08
1.401294940000000000e+08
1.193018400000000000e+07
1.439118370000000000e+08
1.492173420000000000e+08
1.501664650000000000e+08
1.255726000000000000e+06
1.254975000000000000e+06
1.405796740000000000e+08
1.418241220000000000e+08
1.491600580000000000e+08
1.452768640000000000e+08
1.330391350000000000e+08
1.466006250000000000e+08
1.439870800000000000e+08
1.174454300000000000e+07
1.039846000000000000e+06
1.429600500000000000e+07
1.418264950000000000e+08
1.503616160000000000e+08
1.408030800000000000e+08
1.302954910000000000e+08
1.504401760000000000e+08
1.183161470000000000e+08
1.418062920000000000e+08
1.526983040000000000e+08
1.265753270000000000e+08
1.413355530000000000e+08
1.416119850000000000e+08
1.309605600000000000e+08
1.466156660000000000e+08
1.406089050000000000e+08
1.495381230000000000e+08
1.148270430000000000e+08
1.493112700000000000e+08
1.501873820000000000e+08
1.437838770000000000e+08
1.501418980000000000e+08
1.187581160000000000e+08
1.491800760000000000e+08
1.347806900000000000e+07
1.452530430000000000e+08
1.013622580000000000e+08
1.504382370000000000e+08
1.419762470000000000e+08
1.499345540000000000e+08
1.180241860000000000e+08
1.011094040000000000e+08
1.491242180000000000e+08
1.496727020000000000e+08
1.190808010000000000e+08
1.409842280000000000e+08
1.284591420000000000e+08
1.109966000000000000e+06
1.500627720000000000e+08
1.473625000000000000e+06
1.308755190000000000e+08
1.493477720000000000e+08
1.148212200000000000e+08
1.455772320000000000e+08
1.334901400000000000e+07
1.489188450000000000e+08
1.183332180000000000e+08
1.401323010000000000e+08
1.321750450000000000e+08
1.010673100000000000e+08
1.489228790000000000e+08
1.103432000000000000e+06
1.111192000000000000e+06
1.089025000000000000e+06
1.188346670000000000e+08
1.147367050000000000e+08
1.304147290000000000e+08
1.491786750000000000e+08
1.494122880000000000e+08
1.501014720000000000e+08
1.013946190000000000e+08
1.347643000000000000e+07
1.499551720000000000e+08
1.014180060000000000e+08
1.264875840000000000e+08
1.236996700000000000e+08
1.431475770000000000e+08
1.500314430000000000e+08
1.491073890000000000e+08
1.194742000000000000e+06
1.011227000000000000e+06
1.440406090000000000e+08
1.399490940000000000e+08
1.371043800000000000e+07
1.236984800000000000e+08
1.419139940000000000e+08
1.346049100000000000e+08
1.494738390000000000e+08
1.148221010000000000e+08
1.498441030000000000e+08
1.413351000000000000e+08
1.363573000000000000e+06
1.409389750000000000e+08
1.014127750000000000e+08
1.492197290000000000e+08
1.407589530000000000e+08
1.009012540000000000e+08
1.333421110000000000e+08
1.410953590000000000e+08
1.417693560000000000e+08
1.529455010000000000e+08
1.408581400000000000e+08
1.530392790000000000e+08
1.373768300000000000e+07
1.339167000000000000e+07
1.234790910000000000e+08
1.195021000000000000e+06
1.414809530000000000e+08
1.412168200000000000e+08
1.415456160000000000e+08
1.453255550000000000e+08
1.501391820000000000e+08
1.493479480000000000e+08
1.421053080000000000e+08
1.013640750000000000e+08
1.344683980000000000e+08
1.147958780000000000e+08
1.410946720000000000e+08
1.418238810000000000e+08
1.502880180000000000e+08
1.493020860000000000e+08
1.496675090000000000e+08
1.190468000000000000e+06
1.524014850000000000e+08
1.499897810000000000e+08
1.217985460000000000e+08
1.185645860000000000e+08
1.502491550000000000e+08
1.147984030000000000e+08
1.503950090000000000e+08
1.428289560000000000e+08
1.531934740000000000e+08
1.341745710000000000e+08
1.415420330000000000e+08
1.147980620000000000e+08
1.304208330000000000e+08
1.497679080000000000e+08
1.532686870000000000e+08
1.383578400000000000e+07
1.400067100000000000e+08
1.344979060000000000e+08
1.233265690000000000e+08
1.503207120000000000e+08
1.403744000000000000e+06
1.500349480000000000e+08
1.400316730000000000e+08
1.532712610000000000e+08
1.303390270000000000e+08
1.503011090000000000e+08
1.473540090000000000e+08
1.494205960000000000e+08
1.416122210000000000e+08
1.193066300000000000e+07
1.451099810000000000e+08
1.202996000000000000e+06
1.000373000000000000e+06
1.353801300000000000e+07
1.415444940000000000e+08
1.397496110000000000e+08
1.461957540000000000e+08
1.416283390000000000e+08
1.307934030000000000e+08
1.464041620000000000e+08
1.410269030000000000e+08
1.512686630000000000e+08
1.327762100000000000e+08
1.230290300000000000e+08
1.138282200000000000e+07
1.427826000000000000e+07
1.339185710000000000e+08
1.416851800000000000e+08
1.501434240000000000e+08
1.499903670000000000e+08
1.233742590000000000e+08
1.183440170000000000e+08
1.322282590000000000e+08
1.138897800000000000e+07
1.339667500000000000e+07
1.230316280000000000e+08
1.493475340000000000e+08
1.501887580000000000e+08
1.421078210000000000e+08
1.531071690000000000e+08
1.304717210000000000e+08
1.396969410000000000e+08
1.504378990000000000e+08
1.434007200000000000e+08
1.504304310000000000e+08
1.237024390000000000e+08
1.495732640000000000e+08
1.492606720000000000e+08
1.400311790000000000e+08
1.494976620000000000e+08
1.415275790000000000e+08
1.503902600000000000e+08
1.493067690000000000e+08
1.496011560000000000e+08
1.404274270000000000e+08
1.496307540000000000e+08
1.189550740000000000e+08
1.324531930000000000e+08
1.494506120000000000e+08
1.306467230000000000e+08
1.130509000000000000e+07
1.353742400000000000e+07
1.420172650000000000e+08
1.348567180000000000e+08
1.522296000000000000e+06
1.439723170000000000e+08
1.410960710000000000e+08
1.453218300000000000e+08
1.224974370000000000e+08
1.466128170000000000e+08
1.334914510000000000e+08
1.131081600000000000e+07
1.421492420000000000e+08
1.525004400000000000e+08
1.423438900000000000e+07
1.501065530000000000e+08
1.452836730000000000e+08
1.148044010000000000e+08
1.504277900000000000e+08
1.419744950000000000e+08
1.232485000000000000e+06
1.303703780000000000e+08
1.417562130000000000e+08
1.347864900000000000e+07
1.451585200000000000e+08
1.341712260000000000e+08
1.297982030000000000e+08
1.420836290000000000e+08
1.174291300000000000e+07
1.540042870000000000e+08
1.454617780000000000e+08
1.416249790000000000e+08
1.453150270000000000e+08
1.147990790000000000e+08
1.405981790000000000e+08
1.497378320000000000e+08
1.503240860000000000e+08
1.331088660000000000e+08
1.399933000000000000e+06
1.530426430000000000e+08
1.437434450000000000e+08
1.501445700000000000e+08
1.195343000000000000e+06
1.013946170000000000e+08
1.538407690000000000e+08
1.152305400000000000e+07
1.009484910000000000e+08
1.183410380000000000e+08
1.536600450000000000e+08
1.499711130000000000e+08
1.502463940000000000e+08
1.412923100000000000e+08
1.409875610000000000e+08
1.405110690000000000e+08
1.370888600000000000e+07
1.414718700000000000e+08
1.406093840000000000e+08
1.410038000000000000e+06
1.503595000000000000e+08
1.468271600000000000e+08
1.148798610000000000e+08
1.417722590000000000e+08
1.405804820000000000e+08
1.453216280000000000e+08
1.498504960000000000e+08
1.438268130000000000e+08
1.414231000000000000e+06
1.431594570000000000e+08
1.436694440000000000e+08
1.009485410000000000e+08
1.500309500000000000e+08
1.491561390000000000e+08
1.415303150000000000e+08
1.339402600000000000e+07
1.231529040000000000e+08
1.495439000000000000e+08
1.493050700000000000e+08
1.305150150000000000e+08
1.302587960000000000e+08
1.495431130000000000e+08
1.434402470000000000e+08
1.418054930000000000e+08
1.038216000000000000e+06
1.340650000000000000e+06
1.538422000000000000e+06
1.496945510000000000e+08
1.502991150000000000e+08
1.421424880000000000e+08
1.496176700000000000e+08
1.418676070000000000e+08
1.501015010000000000e+08
1.371327000000000000e+07
1.496952350000000000e+08
1.315711570000000000e+08
1.417121670000000000e+08
1.190083740000000000e+08
1.472887590000000000e+08
1.501315920000000000e+08
1.087205000000000000e+06
1.491248130000000000e+08
1.233325140000000000e+08
1.501016160000000000e+08
1.521620670000000000e+08
1.186866880000000000e+08
1.494734670000000000e+08
1.152105200000000000e+07
1.406352850000000000e+08
1.338481870000000000e+08
1.334897840000000000e+08
1.417579200000000000e+08
1.502502360000000000e+08
1.331465800000000000e+08
1.213894250000000000e+08
1.407548470000000000e+08
1.463301120000000000e+08
1.494977630000000000e+08
1.343967820000000000e+08
1.429505100000000000e+07
1.436701220000000000e+08
1.502756800000000000e+08
1.411340870000000000e+08
1.434513610000000000e+08
1.396906180000000000e+08
1.141718800000000000e+07
1.437278060000000000e+08
1.501886590000000000e+08
1.407071560000000000e+08
1.139351280000000000e+08
1.495392920000000000e+08
1.490378410000000000e+08
1.516156180000000000e+08
1.465445290000000000e+08
1.442238000000000000e+06
1.383179500000000000e+07
1.410289620000000000e+08
1.502732550000000000e+08
1.400028000000000000e+06
1.501879160000000000e+08
1.180745710000000000e+08
1.233244450000000000e+08
1.468854530000000000e+08
1.344190300000000000e+07
1.417094220000000000e+08
1.148809990000000000e+08
1.344331870000000000e+08
1.499892420000000000e+08
1.434884340000000000e+08
1.487469110000000000e+08
1.496107580000000000e+08
1.434035070000000000e+08
1.305197030000000000e+08
1.444790130000000000e+08
1.464134620000000000e+08
1.322339030000000000e+08
1.499353380000000000e+08
1.431967640000000000e+08
1.472950440000000000e+08
1.435418730000000000e+08
1.313402470000000000e+08
1.404446270000000000e+08
1.472450540000000000e+08
1.517857800000000000e+08
1.414122900000000000e+08
1.498496590000000000e+08
1.449938690000000000e+08
1.431995010000000000e+08
1.416802450000000000e+08
1.400529250000000000e+08
1.414373180000000000e+08
1.500651090000000000e+08
1.009504260000000000e+08
1.494975220000000000e+08
1.508863080000000000e+08
1.147973060000000000e+08
1.231502560000000000e+08
1.346459270000000000e+08
1.499730440000000000e+08
1.188130980000000000e+08
1.491075850000000000e+08
1.233824000000000000e+08
1.436002050000000000e+08
1.499542290000000000e+08
1.431928960000000000e+08
1.147441140000000000e+08
1.188346940000000000e+08
1.345015860000000000e+08
1.347512010000000000e+08
1.399703010000000000e+08
1.492725060000000000e+08
1.498451340000000000e+08
1.502471340000000000e+08
1.181707790000000000e+08
1.502496060000000000e+08
1.410902700000000000e+08
1.267835000000000000e+06
1.184147700000000000e+08
1.500624470000000000e+08
1.401942300000000000e+08
1.408265020000000000e+08
1.270046000000000000e+06
1.344970680000000000e+08
1.522442000000000000e+06
1.454594200000000000e+08
1.499300090000000000e+08
1.147435020000000000e+08
1.396916040000000000e+08
1.493476080000000000e+08
1.407971480000000000e+08
1.520867030000000000e+08
1.239446300000000000e+08
1.502991670000000000e+08
1.353740800000000000e+07
1.455862910000000000e+08
1.429655000000000000e+07
1.421091020000000000e+08
1.409981160000000000e+08
1.499309940000000000e+08
1.421056130000000000e+08
1.494575220000000000e+08
1.117048000000000000e+07
1.187608830000000000e+08
1.405780240000000000e+08
1.434034870000000000e+08
1.197131800000000000e+07
1.407887200000000000e+08
1.452849360000000000e+08
1.411361890000000000e+08
1.300913860000000000e+08
1.282206420000000000e+08
1.299971660000000000e+08
1.237515170000000000e+08
1.152178700000000000e+07
1.186842690000000000e+08
1.416069580000000000e+08
1.406892040000000000e+08
1.234433490000000000e+08
1.183432030000000000e+08
1.402534800000000000e+08
1.409706130000000000e+08
1.499882250000000000e+08
1.148251850000000000e+08
1.393707010000000000e+08
1.146580600000000000e+07
1.429427900000000000e+07
1.414109610000000000e+08
1.190802040000000000e+08
1.010628650000000000e+08
1.491590390000000000e+08
1.415265470000000000e+08
1.188143520000000000e+08
1.415425850000000000e+08
1.490393080000000000e+08
1.131008300000000000e+07
1.491253770000000000e+08
1.418984550000000000e+08
1.409433880000000000e+08
1.509566550000000000e+08
1.400031990000000000e+08
1.417700470000000000e+08
1.311866740000000000e+08
1.409397040000000000e+08
1.402450420000000000e+08
1.038605000000000000e+06
1.148815210000000000e+08
1.232097900000000000e+08
1.305151760000000000e+08
1.493044950000000000e+08
1.457891030000000000e+08
1.009533820000000000e+08
1.439863710000000000e+08
1.419106060000000000e+08
1.393696340000000000e+08
1.508873280000000000e+08
1.343291830000000000e+08
1.184171210000000000e+08
1.503212520000000000e+08
1.339179200000000000e+07
1.416118550000000000e+08
1.010115750000000000e+08
1.497874670000000000e+08
1.414728060000000000e+08
1.448603240000000000e+08
1.014173860000000000e+08
1.187595910000000000e+08
1.430796600000000000e+07
1.435935240000000000e+08
1.408286630000000000e+08
1.495391140000000000e+08
1.009042170000000000e+08
1.517762830000000000e+08
1.427559760000000000e+08
1.501647740000000000e+08
1.348087200000000000e+07
1.190309000000000000e+06
1.319283000000000000e+06
1.398717330000000000e+08
1.013168100000000000e+08
1.186896480000000000e+08
1.495764070000000000e+08
1.447061270000000000e+08
1.233750610000000000e+08
1.224902700000000000e+08
1.461243070000000000e+08
1.503319900000000000e+08
1.312997000000000000e+06
1.308703730000000000e+08
1.342811520000000000e+08
1.414724080000000000e+08
1.505676740000000000e+08
1.308711520000000000e+08
1.429683300000000000e+07
1.013194480000000000e+08
1.504430460000000000e+08
1.453213870000000000e+08
1.448187260000000000e+08
1.290876170000000000e+08
1.308756650000000000e+08
1.190621500000000000e+08
1.414717550000000000e+08
1.454667160000000000e+08
1.309538670000000000e+08
1.303368000000000000e+08
1.503576130000000000e+08
1.317999910000000000e+08
1.344656000000000000e+06
1.432023220000000000e+08
1.502995480000000000e+08
1.138502400000000000e+07
1.427948400000000000e+08
1.493911420000000000e+08
1.404384040000000000e+08
1.405990560000000000e+08
1.238326560000000000e+08
1.401314510000000000e+08
1.472926540000000000e+08
1.500296510000000000e+08
1.327704940000000000e+08
1.453721950000000000e+08
1.343581050000000000e+08
1.193157800000000000e+07
1.345513270000000000e+08
1.146041200000000000e+07
1.411571800000000000e+08
1.408275880000000000e+08
1.496144320000000000e+08
1.362409400000000000e+07
1.139309540000000000e+08
1.013620000000000000e+08
1.345009020000000000e+08
1.499139130000000000e+08
1.453736200000000000e+08
1.503223400000000000e+08
1.416107590000000000e+08
1.009038470000000000e+08
1.415420230000000000e+08
1.342208220000000000e+08
1.400849190000000000e+08
1.502754590000000000e+08
1.533451630000000000e+08
1.454693210000000000e+08
1.010601920000000000e+08
1.235638250000000000e+08
1.147424010000000000e+08
1.420149320000000000e+08
1.415307480000000000e+08
1.337702620000000000e+08
1.496663880000000000e+08
1.411218900000000000e+08
1.405107140000000000e+08
1.238282220000000000e+08
1.417092370000000000e+08
1.011091890000000000e+08
1.013922040000000000e+08
1.503923770000000000e+08
1.396937380000000000e+08
1.429571200000000000e+07
1.434006140000000000e+08
1.321754410000000000e+08
1.503231130000000000e+08
1.317934660000000000e+08
1.519226640000000000e+08
1.414362150000000000e+08
1.267379920000000000e+08
1.495730960000000000e+08
1.412705890000000000e+08
1.181604420000000000e+08
1.412686050000000000e+08
1.339026100000000000e+07
1.232629300000000000e+08
1.416082890000000000e+08
1.290199850000000000e+08
1.166540300000000000e+07
1.487924240000000000e+08
1.327736490000000000e+08
1.536591070000000000e+08
1.139353830000000000e+08
1.416109160000000000e+08
1.487421710000000000e+08
1.520179070000000000e+08
1.539203450000000000e+08
1.306455310000000000e+08
1.439789590000000000e+08
1.427976420000000000e+08
1.498523200000000000e+08
1.223307430000000000e+08
1.430906000000000000e+07
1.400833400000000000e+08
1.356499500000000000e+07
1.417702990000000000e+08
1.416215340000000000e+08
1.405122000000000000e+08
1.181603990000000000e+08
1.502477210000000000e+08
1.230271910000000000e+08
1.268001650000000000e+08
1.459069470000000000e+08
1.495727230000000000e+08
1.408018310000000000e+08
1.014132400000000000e+08
1.496017680000000000e+08
1.361244000000000000e+06
1.466013220000000000e+08
1.427248700000000000e+08
1.411838940000000000e+08
1.417081470000000000e+08
1.339127400000000000e+07
1.398612130000000000e+08
1.504400790000000000e+08
1.306455360000000000e+08
1.421103830000000000e+08
1.494985480000000000e+08
1.503941260000000000e+08
1.292686510000000000e+08
1.446833970000000000e+08
1.344702420000000000e+08
1.501674200000000000e+08
1.408276960000000000e+08
1.530364180000000000e+08
1.411870100000000000e+08
1.383636000000000000e+07
1.491741060000000000e+08
1.499937200000000000e+08
1.501667590000000000e+08
1.418263650000000000e+08
1.411541150000000000e+08
1.226247000000000000e+06
1.414286200000000000e+08
1.267523000000000000e+06
1.494455800000000000e+08
1.417716910000000000e+08
1.407585950000000000e+08
1.434003560000000000e+08
1.499028470000000000e+08
1.500979910000000000e+08
1.446330680000000000e+08
1.347577400000000000e+07
1.435878510000000000e+08
1.419795790000000000e+08
1.137379880000000000e+08
1.497660990000000000e+08
1.431581490000000000e+08
1.421092830000000000e+08
1.498443550000000000e+08
1.152053000000000000e+07
1.144798100000000000e+08
1.406613680000000000e+08
1.492614380000000000e+08
1.337714860000000000e+08
1.500324100000000000e+08
1.502990780000000000e+08
1.501454560000000000e+08
1.417099970000000000e+08
1.472881420000000000e+08
1.421468350000000000e+08
1.416271260000000000e+08
1.406096480000000000e+08
1.502481330000000000e+08
1.503930640000000000e+08
1.302974250000000000e+08
1.421046860000000000e+08
1.503607660000000000e+08
1.181553340000000000e+08
1.419107900000000000e+08
1.152344800000000000e+07
1.539248110000000000e+08
1.509646620000000000e+08
1.406325710000000000e+08
1.491745760000000000e+08
1.411287730000000000e+08
1.148044000000000000e+08
1.406361560000000000e+08
1.431593050000000000e+08
1.495425380000000000e+08
1.451744370000000000e+08
1.509533120000000000e+08
1.014179140000000000e+08
1.305729240000000000e+08
1.412699640000000000e+08
1.446326450000000000e+08
1.417701980000000000e+08
1.475941720000000000e+08
1.304161570000000000e+08
1.185671730000000000e+08
1.437329930000000000e+08
1.491027620000000000e+08
1.409388880000000000e+08
1.033135000000000000e+06
1.010621040000000000e+08
1.409218010000000000e+08
1.345248800000000000e+08
1.451679960000000000e+08
1.265680680000000000e+08
1.410297120000000000e+08
1.497378330000000000e+08
1.362417900000000000e+07
1.414235360000000000e+08
1.382165400000000000e+07
1.146626000000000000e+06
1.494729070000000000e+08
1.408941850000000000e+08
1.519261930000000000e+08
1.497390640000000000e+08
1.501636950000000000e+08
1.503931910000000000e+08
1.146579800000000000e+07
1.398943370000000000e+08
1.466129320000000000e+08
1.147960520000000000e+08
1.499908650000000000e+08
1.495020010000000000e+08
1.447140280000000000e+08
1.013623730000000000e+08
1.302653350000000000e+08
1.503931400000000000e+08
1.412338840000000000e+08
1.539414000000000000e+06
1.421091850000000000e+08
1.498943850000000000e+08
1.437794040000000000e+08
1.493937810000000000e+08
1.403082260000000000e+08
1.146443700000000000e+07
1.304678370000000000e+08
1.492732990000000000e+08
1.494737820000000000e+08
1.149306920000000000e+08
1.000372000000000000e+06
1.497463600000000000e+08
1.367534800000000000e+07
1.499353600000000000e+08
1.501648750000000000e+08
1.466254560000000000e+08
1.457550990000000000e+08
1.491567480000000000e+08
1.183381170000000000e+08
1.233253790000000000e+08
1.447385890000000000e+08
1.429789400000000000e+07
1.148837600000000000e+08
1.341793250000000000e+08
1.238812200000000000e+08
1.406918430000000000e+08
1.495734370000000000e+08
1.466023020000000000e+08
1.411274350000000000e+08
1.491547170000000000e+08
1.374228700000000000e+07
1.501887590000000000e+08
1.189139270000000000e+08
1.404339210000000000e+08
1.501006270000000000e+08
1.166355300000000000e+07
1.466328380000000000e+08
1.492743670000000000e+08
1.383158200000000000e+07
1.503911180000000000e+08
1.501645230000000000e+08
1.420870470000000000e+08
1.415450370000000000e+08
1.496003760000000000e+08
1.344113400000000000e+07
1.490391160000000000e+08
1.408971620000000000e+08
1.490599500000000000e+08
1.414713570000000000e+08
1.406589820000000000e+08
1.310284730000000000e+08
1.416071080000000000e+08
1.181629260000000000e+08
1.520179160000000000e+08
1.408959830000000000e+08
1.447911560000000000e+08
1.232544220000000000e+08
1.502493670000000000e+08
1.498941120000000000e+08
1.305318380000000000e+08
1.459795930000000000e+08
1.499332530000000000e+08
1.522426750000000000e+08
1.419805170000000000e+08
1.499339860000000000e+08
1.238242280000000000e+08
1.429568400000000000e+07
1.228170000000000000e+06
1.459866970000000000e+08
1.400666600000000000e+08
1.130095100000000000e+07
1.180626420000000000e+08
1.495719300000000000e+08
1.414946660000000000e+08
1.494795100000000000e+08
1.403666890000000000e+08
1.388214800000000000e+07
1.148861680000000000e+08
1.405906260000000000e+08
1.503931980000000000e+08
1.148859360000000000e+08
1.500302050000000000e+08
1.501897450000000000e+08
1.531918890000000000e+08
1.317492940000000000e+08
1.405902960000000000e+08
1.504427480000000000e+08
1.408287510000000000e+08
1.305726340000000000e+08
1.434949440000000000e+08
1.504299300000000000e+08
1.349632000000000000e+06
1.149306310000000000e+08
1.149265280000000000e+08
1.398704200000000000e+08
1.407600060000000000e+08
1.405809850000000000e+08
1.417131890000000000e+08
1.500992180000000000e+08
1.446350690000000000e+08
1.408576610000000000e+08
1.492477070000000000e+08
1.435362420000000000e+08
1.411235880000000000e+08
1.499022030000000000e+08
1.182022410000000000e+08
1.403001620000000000e+08
1.439170720000000000e+08
1.504305660000000000e+08
1.405968020000000000e+08
1.420816020000000000e+08
1.453124940000000000e+08
1.500651510000000000e+08
1.502496220000000000e+08
1.407836300000000000e+08
1.410281200000000000e+08
1.232601640000000000e+08
1.418114450000000000e+08
1.427415380000000000e+08
1.407616410000000000e+08
1.416800550000000000e+08
1.475183820000000000e+08
1.344322020000000000e+08
1.411210440000000000e+08
1.145487000000000000e+06
1.419750440000000000e+08
1.418078390000000000e+08
1.468847070000000000e+08
1.415275710000000000e+08
1.411224680000000000e+08
1.415428260000000000e+08
1.229101460000000000e+08
1.414357050000000000e+08
1.433659390000000000e+08
1.418051800000000000e+08
1.421427180000000000e+08
1.407575710000000000e+08
1.014163280000000000e+08
1.238718300000000000e+08
1.504317910000000000e+08
1.342360000000000000e+06
1.502507880000000000e+08
1.502743860000000000e+08
1.504392890000000000e+08
1.406361890000000000e+08
1.491213690000000000e+08
1.499712770000000000e+08
1.500659450000000000e+08
1.457842700000000000e+08
1.334964700000000000e+07
1.466131410000000000e+08
1.122644300000000000e+07
1.536537330000000000e+08
1.149298530000000000e+08
1.305757600000000000e+08
1.343552710000000000e+08
1.240716310000000000e+08
1.148226710000000000e+08
1.492606060000000000e+08
1.500645250000000000e+08
1.292621460000000000e+08
1.435261940000000000e+08
1.504308370000000000e+08
1.409682600000000000e+08
1.188140610000000000e+08
1.334300030000000000e+08
1.429721000000000000e+07
1.417135930000000000e+08
1.182922870000000000e+08
1.427534540000000000e+08
1.284009740000000000e+08
1.299999690000000000e+08
1.411538360000000000e+08
1.405987580000000000e+08
1.492743120000000000e+08
1.493915350000000000e+08
1.343163180000000000e+08
1.414238120000000000e+08
1.308772310000000000e+08
1.427893300000000000e+08
1.415282800000000000e+08
1.174920800000000000e+07
1.498425010000000000e+08
1.404419490000000000e+08
1.397473640000000000e+08
1.210662000000000000e+06
1.504318590000000000e+08
1.434906290000000000e+08
1.492699650000000000e+08
1.497662510000000000e+08
1.201317000000000000e+06
1.418109340000000000e+08
1.036998000000000000e+06
1.459113870000000000e+08
1.503015290000000000e+08
1.148019390000000000e+08
1.520859650000000000e+08
1.502478690000000000e+08
1.231442110000000000e+08
1.490846100000000000e+08
1.403191740000000000e+08
1.429484800000000000e+07
1.314198780000000000e+08
1.417527870000000000e+08
1.421096650000000000e+08
1.418030880000000000e+08
1.472431030000000000e+08
1.412817000000000000e+06
1.418567100000000000e+08
1.511643440000000000e+08
1.142294400000000000e+07
1.414697400000000000e+08
1.500297560000000000e+08
1.493474800000000000e+08
1.184956860000000000e+08
1.503009350000000000e+08
1.502721480000000000e+08
1.407547970000000000e+08
1.189564190000000000e+08
1.495123460000000000e+08
1.507894930000000000e+08
1.371064300000000000e+07
1.502493840000000000e+08
1.302969260000000000e+08
1.232660100000000000e+08
1.180305820000000000e+08
1.414265250000000000e+08
1.180806010000000000e+08
1.459160360000000000e+08
1.491749920000000000e+08
1.499922210000000000e+08
1.501650340000000000e+08
1.013922290000000000e+08
1.503614890000000000e+08
1.474903000000000000e+06
1.490371120000000000e+08
1.412684670000000000e+08
1.495999710000000000e+08
1.470102790000000000e+08
1.493915000000000000e+08
1.202481000000000000e+06
1.497395660000000000e+08
1.400774180000000000e+08
1.531867680000000000e+08
1.420522770000000000e+08
1.444141740000000000e+08
1.491051070000000000e+08
1.346386640000000000e+08
1.440534530000000000e+08
1.149274860000000000e+08
1.314150770000000000e+08
1.494771000000000000e+08
1.496266440000000000e+08
1.504311200000000000e+08
1.239357830000000000e+08
1.234788090000000000e+08
1.305146310000000000e+08
1.189094230000000000e+08
1.501472760000000000e+08
1.466023390000000000e+08
1.412809390000000000e+08
1.373918500000000000e+07
1.408984360000000000e+08
1.434367900000000000e+08
1.521462000000000000e+06
1.503592120000000000e+08
1.497652670000000000e+08
1.495421190000000000e+08
1.414230330000000000e+08
1.497544650000000000e+08
1.501444150000000000e+08
1.427429980000000000e+08
1.407617570000000000e+08
1.432004530000000000e+08
1.406941670000000000e+08
1.373898400000000000e+07
1.471020760000000000e+08
1.406884520000000000e+08
1.342243950000000000e+08
1.013974850000000000e+08
1.496822310000000000e+08
1.408993830000000000e+08
1.174271300000000000e+07
1.234780660000000000e+08
1.419449110000000000e+08
1.262196000000000000e+06
1.417719080000000000e+08
1.144859960000000000e+08
1.401294920000000000e+08
1.503574040000000000e+08
1.013194170000000000e+08
1.420193430000000000e+08
1.408424890000000000e+08
1.490834820000000000e+08
1.232191270000000000e+08
1.412712160000000000e+08
1.188153870000000000e+08
1.013952590000000000e+08
1.491772710000000000e+08
1.147443360000000000e+08
1.494977000000000000e+08
1.461914920000000000e+08
1.407552160000000000e+08
1.302972370000000000e+08
1.343972670000000000e+08
1.439950630000000000e+08
1.197320700000000000e+07
1.487427070000000000e+08
1.459960380000000000e+08
1.491207260000000000e+08
1.420158520000000000e+08
1.346071000000000000e+06
1.301030180000000000e+08
1.453255130000000000e+08
1.318417660000000000e+08
1.302981780000000000e+08
1.501004210000000000e+08
1.295260490000000000e+08
1.414386140000000000e+08
1.497432250000000000e+08
1.427852200000000000e+07
1.464092990000000000e+08
1.010669630000000000e+08
1.344919000000000000e+06
1.501665490000000000e+08
1.305167440000000000e+08
1.407588310000000000e+08
1.448048620000000000e+08
1.343554630000000000e+08
1.501315550000000000e+08
1.500683810000000000e+08
1.493942570000000000e+08
1.314661520000000000e+08
1.136685460000000000e+08
1.506103110000000000e+08
1.405973530000000000e+08
1.408038360000000000e+08
1.405965130000000000e+08
1.188089660000000000e+08
1.475918000000000000e+06
1.186878600000000000e+08
1.498441940000000000e+08
1.466002300000000000e+08
1.503933900000000000e+08
1.238813310000000000e+08
1.400887000000000000e+06
1.535250660000000000e+08
1.420858420000000000e+08
1.471107970000000000e+08
1.339163600000000000e+07
1.142040980000000000e+08
1.503592600000000000e+08
1.412119980000000000e+08
1.491206020000000000e+08
1.388243600000000000e+07
1.449569010000000000e+08
1.009060870000000000e+08
1.345454560000000000e+08
1.499344310000000000e+08
1.219484960000000000e+08
1.427871600000000000e+07
1.419416840000000000e+08
1.009492990000000000e+08
1.446545570000000000e+08
1.305131390000000000e+08
1.492691780000000000e+08
1.148023260000000000e+08
1.493886410000000000e+08
1.534332820000000000e+08
1.149265140000000000e+08
1.501687390000000000e+08
1.499024110000000000e+08
1.345225570000000000e+08
1.499938610000000000e+08
1.407606140000000000e+08
1.433867200000000000e+08
1.189541710000000000e+08
1.535118760000000000e+08
1.338581500000000000e+08
1.496729050000000000e+08
1.494236520000000000e+08
1.315753330000000000e+08
1.009485500000000000e+08
1.234778560000000000e+08
1.398717650000000000e+08
1.413713340000000000e+08
1.343130600000000000e+08
1.303750730000000000e+08
1.497652120000000000e+08
1.188338170000000000e+08
1.319561200000000000e+08
1.406342570000000000e+08
1.327020680000000000e+08
1.229074240000000000e+08
1.434488860000000000e+08
1.403938000000000000e+06
1.232235730000000000e+08
1.149325940000000000e+08
1.405810310000000000e+08
1.409698690000000000e+08
1.417579310000000000e+08
1.504315990000000000e+08
1.149301070000000000e+08
1.501899950000000000e+08
1.421057280000000000e+08
1.501458000000000000e+08
1.427250840000000000e+08
1.492203780000000000e+08
1.492516110000000000e+08
1.420828320000000000e+08
1.317447490000000000e+08
1.418099620000000000e+08
1.472493000000000000e+06
1.501090080000000000e+08
1.487952220000000000e+08
1.400340970000000000e+08
1.409691220000000000e+08
1.402980950000000000e+08
1.342799930000000000e+08
1.505132760000000000e+08
1.437335260000000000e+08
1.186008260000000000e+08
1.414813110000000000e+08
1.416106610000000000e+08
1.420851920000000000e+08
1.497682870000000000e+08
1.013655520000000000e+08
1.503589910000000000e+08
1.466146360000000000e+08
1.148271250000000000e+08
1.526823530000000000e+08
1.319235000000000000e+06
1.325352680000000000e+08
1.418676270000000000e+08
1.184873650000000000e+08
1.010670700000000000e+08
1.493490370000000000e+08
1.496143240000000000e+08
1.491268100000000000e+08
1.344357460000000000e+08
1.455007980000000000e+08
1.434965180000000000e+08
1.406922800000000000e+08
1.493481010000000000e+08
1.146165300000000000e+07
1.455975610000000000e+08
1.428290030000000000e+08
1.503605510000000000e+08
1.190575960000000000e+08
1.346044360000000000e+08
1.414358160000000000e+08
1.427540990000000000e+08
1.429609600000000000e+07
1.362343000000000000e+06
1.411842070000000000e+08
1.315725270000000000e+08
1.138211700000000000e+07
1.420826420000000000e+08
1.498246810000000000e+08
1.383404100000000000e+07
1.337597210000000000e+08
1.500646950000000000e+08
1.420856490000000000e+08
1.147989250000000000e+08
1.503919080000000000e+08
1.470180850000000000e+08
1.267970480000000000e+08
1.310295460000000000e+08
1.418112610000000000e+08
1.414234160000000000e+08
1.237018040000000000e+08
1.397450260000000000e+08
1.499762760000000000e+08
1.356627100000000000e+07
1.412844110000000000e+08
1.454596460000000000e+08
1.009055140000000000e+08
1.489190340000000000e+08
1.131093000000000000e+06
1.412804500000000000e+08
1.501454380000000000e+08
1.414840550000000000e+08
1.466009050000000000e+08
1.460275770000000000e+08
1.189091590000000000e+08
1.229115440000000000e+08
1.493472960000000000e+08
1.466017870000000000e+08
1.493479920000000000e+08
1.362282800000000000e+07
1.420161190000000000e+08
1.401634000000000000e+06
1.413841000000000000e+06
1.413335730000000000e+08
1.189086900000000000e+08
1.344673680000000000e+08
1.417661440000000000e+08
1.506042840000000000e+08
1.190617850000000000e+08
1.231532490000000000e+08
1.182063840000000000e+08
1.420184640000000000e+08
1.490599540000000000e+08
1.499738790000000000e+08
1.218000940000000000e+08
1.412342010000000000e+08
1.461193500000000000e+08
1.141987600000000000e+07
1.443613920000000000e+08
1.420486910000000000e+08
1.400607860000000000e+08
1.188175180000000000e+08
1.496310350000000000e+08
1.412821360000000000e+08
1.434005160000000000e+08
1.408455480000000000e+08
1.408308740000000000e+08
1.497513040000000000e+08
1.436003730000000000e+08
1.420816740000000000e+08
1.446848270000000000e+08
1.406320370000000000e+08
1.411871260000000000e+08
1.449299890000000000e+08
1.491553600000000000e+08
1.502487620000000000e+08
1.370912900000000000e+07
1.013661790000000000e+08
1.439190400000000000e+08
1.191835700000000000e+07
1.335662400000000000e+08
1.491397330000000000e+08
1.409985220000000000e+08
1.403186280000000000e+08
1.490605860000000000e+08
1.495384800000000000e+08
1.500635800000000000e+08
1.458888340000000000e+08
1.498431710000000000e+08
1.405111410000000000e+08
1.010100300000000000e+08
1.466154620000000000e+08
1.416078980000000000e+08
1.502724470000000000e+08
1.411839010000000000e+08
1.492194960000000000e+08
1.456939180000000000e+08
1.499718280000000000e+08
1.405120850000000000e+08
1.414071490000000000e+08
1.411399460000000000e+08
1.427437860000000000e+08
1.495429470000000000e+08
1.147975740000000000e+08
1.512720530000000000e+08
1.236401270000000000e+08
1.193387000000000000e+06
1.374167000000000000e+07
1.491057640000000000e+08
1.342220070000000000e+08
1.318470360000000000e+08
1.432693720000000000e+08
1.421485870000000000e+08
1.408923730000000000e+08
1.503917400000000000e+08
1.239369130000000000e+08
1.499300840000000000e+08
1.491753960000000000e+08
1.402919780000000000e+08
1.450779520000000000e+08
1.503933020000000000e+08
1.496006390000000000e+08
1.337280000000000000e+06
1.417542910000000000e+08
1.190142090000000000e+08
1.494981980000000000e+08
1.346905000000000000e+06
1.014168820000000000e+08
1.510685340000000000e+08
1.504281350000000000e+08
1.446147000000000000e+06
1.454482570000000000e+08
1.500629310000000000e+08
1.417960570000000000e+08
1.003831000000000000e+06
1.305730700000000000e+08
1.233278850000000000e+08
1.417085460000000000e+08
1.010623970000000000e+08
1.240062660000000000e+08
1.147402650000000000e+08
1.398612730000000000e+08
1.500995110000000000e+08
1.406638850000000000e+08
1.427537470000000000e+08
1.341880000000000000e+06
1.166325400000000000e+07
1.416256050000000000e+08
1.447911550000000000e+08
1.491794510000000000e+08
1.312414530000000000e+08
1.427239950000000000e+08
1.502506790000000000e+08
1.133762000000000000e+06
1.400557340000000000e+08
1.503196390000000000e+08
1.413347930000000000e+08
1.420521870000000000e+08
1.531136420000000000e+08
1.309524690000000000e+08
1.310369070000000000e+08
1.523209160000000000e+08
1.428309620000000000e+08
1.465444890000000000e+08
1.437376790000000000e+08
1.409404930000000000e+08
1.418235040000000000e+08
1.449968660000000000e+08
1.505138240000000000e+08
1.419438080000000000e+08
1.336960070000000000e+08
1.535155590000000000e+08
1.408283330000000000e+08
1.412297820000000000e+08
1.414358180000000000e+08
1.009408180000000000e+08
1.353941000000000000e+07
1.492168640000000000e+08
1.353377900000000000e+07
1.232236270000000000e+08
1.494975790000000000e+08
1.406356670000000000e+08
1.381818800000000000e+07
1.495391010000000000e+08
1.492165320000000000e+08
1.418117560000000000e+08
1.418230410000000000e+08
1.149322700000000000e+08
1.232223700000000000e+08
1.501656570000000000e+08
1.499731960000000000e+08
1.186864950000000000e+08
1.461988480000000000e+08
1.342266680000000000e+08
1.504399890000000000e+08
1.497920810000000000e+08
1.427893480000000000e+08
1.184255340000000000e+08
1.414440270000000000e+08
1.411876250000000000e+08
1.476498120000000000e+08
1.499732810000000000e+08
1.410308250000000000e+08
1.186843110000000000e+08
1.416266340000000000e+08
1.416864550000000000e+08
1.402523690000000000e+08
1.456190180000000000e+08
1.190423000000000000e+06
1.412815260000000000e+08
1.500988600000000000e+08
1.494979930000000000e+08
1.184270670000000000e+08
1.010617580000000000e+08
1.409972420000000000e+08
1.523285700000000000e+08
1.490402340000000000e+08
1.405774060000000000e+08
1.446262000000000000e+06
1.472453510000000000e+08
1.420148310000000000e+08
1.501053720000000000e+08
1.411529310000000000e+08
1.502726460000000000e+08
1.497920190000000000e+08
1.332573590000000000e+08
1.491612000000000000e+08
1.434786220000000000e+08
1.410247240000000000e+08
1.232360000000000000e+06
1.421431150000000000e+08
1.499900980000000000e+08
1.504294810000000000e+08
1.420175870000000000e+08
1.010115550000000000e+08
1.438486240000000000e+08
1.418097290000000000e+08
1.013973210000000000e+08
1.346373080000000000e+08
1.189595130000000000e+08
1.437410940000000000e+08
1.373986000000000000e+07
1.397385130000000000e+08
1.533542870000000000e+08
1.427555240000000000e+08
1.147436070000000000e+08
1.503208910000000000e+08
1.540820450000000000e+08
1.502740710000000000e+08
1.166107100000000000e+07
1.421441620000000000e+08
1.500982910000000000e+08
1.440365090000000000e+08
1.219519440000000000e+08
1.362185900000000000e+07
1.420519900000000000e+08
1.410297870000000000e+08
1.230308940000000000e+08
1.400804550000000000e+08
1.496014510000000000e+08
1.504370650000000000e+08
1.343100200000000000e+08
1.499134190000000000e+08
1.467035720000000000e+08
1.320848940000000000e+08
1.306145660000000000e+08
1.505135910000000000e+08
1.495395520000000000e+08
1.009029510000000000e+08
1.267872500000000000e+08
1.458767190000000000e+08
1.307281510000000000e+08
1.405787910000000000e+08
1.411851420000000000e+08
1.214199550000000000e+08
1.464637810000000000e+08
1.462645360000000000e+08
1.221891020000000000e+08
1.403067180000000000e+08
1.318493810000000000e+08
1.431549680000000000e+08
1.409986720000000000e+08
1.190552520000000000e+08
1.429582500000000000e+07
1.419437230000000000e+08
1.419102910000000000e+08
1.407974640000000000e+08
1.497387380000000000e+08
1.327644480000000000e+08
1.503600850000000000e+08
1.403615750000000000e+08
1.497913440000000000e+08
1.253889000000000000e+06
1.138215700000000000e+07
1.466337700000000000e+08
1.503229910000000000e+08
1.409983370000000000e+08
1.500296710000000000e+08
1.402974020000000000e+08
1.214207190000000000e+08
1.220919540000000000e+08
1.292716200000000000e+08
1.501428060000000000e+08
1.438993180000000000e+08
1.402010000000000000e+06
1.502497370000000000e+08
1.419756200000000000e+08
1.501066010000000000e+08
1.013980670000000000e+08
1.344639350000000000e+08
1.401279840000000000e+08
1.411534720000000000e+08
1.148786520000000000e+08
1.433742720000000000e+08
1.419796960000000000e+08
1.416246590000000000e+08
1.434031730000000000e+08
1.341967710000000000e+08
1.405982250000000000e+08
1.181581440000000000e+08
1.333341080000000000e+08
1.401516000000000000e+06
1.427441980000000000e+08
1.229072090000000000e+08
1.539275910000000000e+08
1.147450450000000000e+08
1.514892500000000000e+08
1.406001470000000000e+08
1.496035240000000000e+08
1.417706090000000000e+08
1.501890700000000000e+08
1.493033100000000000e+08
1.011080320000000000e+08
1.190802640000000000e+08
1.492191450000000000e+08
1.419094440000000000e+08
1.232531530000000000e+08
1.406593500000000000e+08
1.470160220000000000e+08
1.011060760000000000e+08
1.342389000000000000e+06
1.504380410000000000e+08
1.341905270000000000e+08
1.230291580000000000e+08
1.500628830000000000e+08
1.136667490000000000e+08
1.472898400000000000e+08
1.510723480000000000e+08
1.230105000000000000e+06
1.439706410000000000e+08
1.492193760000000000e+08
1.421438860000000000e+08
1.373742300000000000e+07
1.411546380000000000e+08
1.439910820000000000e+08
1.147726000000000000e+06
1.410281640000000000e+08
1.434020390000000000e+08
1.334816700000000000e+07
1.503919970000000000e+08
1.435264440000000000e+08
1.437727980000000000e+08
1.358849000000000000e+06
1.190798320000000000e+08
1.491027280000000000e+08
1.502983260000000000e+08
1.414791740000000000e+08
1.148034410000000000e+08
1.491267960000000000e+08
1.142132400000000000e+07
1.182602740000000000e+08
1.541701060000000000e+08
1.503898530000000000e+08
1.492481960000000000e+08
1.149297090000000000e+08
1.013614790000000000e+08
1.416280190000000000e+08
1.503598920000000000e+08
1.439164390000000000e+08
1.197158000000000000e+07
1.501891530000000000e+08
1.232236600000000000e+08
1.501899400000000000e+08
1.416238660000000000e+08
1.493504470000000000e+08
1.419134870000000000e+08
1.406511450000000000e+08
1.420528260000000000e+08
1.490367580000000000e+08
1.190662000000000000e+06
1.232662550000000000e+08
1.494445630000000000e+08
1.406357780000000000e+08
1.492531400000000000e+08
1.429509200000000000e+07
1.149264340000000000e+08
1.455968100000000000e+08
1.342908300000000000e+07
1.444189000000000000e+06
1.435437290000000000e+08
1.414849810000000000e+08
1.405959530000000000e+08
1.165958800000000000e+07
1.173985500000000000e+07
1.459719290000000000e+08
1.434033960000000000e+08
1.405794300000000000e+08
1.535875800000000000e+08
1.146254000000000000e+07
1.495400130000000000e+08
1.500987770000000000e+08
1.326983660000000000e+08
1.232652640000000000e+08
1.282206590000000000e+08
1.450275770000000000e+08
1.315730450000000000e+08
1.502985730000000000e+08
1.326394810000000000e+08
1.123146000000000000e+07
1.409716660000000000e+08
1.323164490000000000e+08
1.412273310000000000e+08
1.358832000000000000e+06
1.466271060000000000e+08
1.405804970000000000e+08
1.499765350000000000e+08
1.512719690000000000e+08
1.267435120000000000e+08
1.408280630000000000e+08
1.311826550000000000e+08
1.419102980000000000e+08
1.468304410000000000e+08
1.265721790000000000e+08
1.451129710000000000e+08
1.334245390000000000e+08
1.400067950000000000e+08
1.444172320000000000e+08
1.499306560000000000e+08
1.419129030000000000e+08
1.496287950000000000e+08
1.223260710000000000e+08
1.109708000000000000e+06
1.500328820000000000e+08
1.010116210000000000e+08
1.434019290000000000e+08
1.505131940000000000e+08
1.503598830000000000e+08
1.519215080000000000e+08
1.437803240000000000e+08
1.466005280000000000e+08
1.401563900000000000e+08
1.493913350000000000e+08
1.416218850000000000e+08
1.414112010000000000e+08
1.539320810000000000e+08
1.500081890000000000e+08
1.414715220000000000e+08
1.495396210000000000e+08
1.416251590000000000e+08
1.412109490000000000e+08
1.238765430000000000e+08
1.342257570000000000e+08
1.011076200000000000e+08
1.434013090000000000e+08
1.500302500000000000e+08
1.342932800000000000e+07
1.342282670000000000e+08
1.339199000000000000e+07
1.431484870000000000e+08
1.455110620000000000e+08
1.503896030000000000e+08
1.149320150000000000e+08
1.231451730000000000e+08
1.370804000000000000e+07
1.541707450000000000e+08
1.445317990000000000e+08
1.411230490000000000e+08
1.302587920000000000e+08
1.308817060000000000e+08
1.179436880000000000e+08
1.500295020000000000e+08
1.344340060000000000e+08
1.435994410000000000e+08
1.407975240000000000e+08
1.419759260000000000e+08
1.491202760000000000e+08
1.149288680000000000e+08
1.427893650000000000e+08
1.427988640000000000e+08
1.502714200000000000e+08
1.421449690000000000e+08
1.500990790000000000e+08
1.503579350000000000e+08
1.491210860000000000e+08
1.505722120000000000e+08
1.523218710000000000e+08
1.013654840000000000e+08
1.236345140000000000e+08
1.147410120000000000e+08
1.405121260000000000e+08
1.501407230000000000e+08
1.405985420000000000e+08
1.409685430000000000e+08
1.408915970000000000e+08
1.009535450000000000e+08
1.234820970000000000e+08
1.446296650000000000e+08
1.466318550000000000e+08
1.341988410000000000e+08
1.402454520000000000e+08
1.526788330000000000e+08
1.324482730000000000e+08
1.259961000000000000e+06
1.334872400000000000e+07
1.344215900000000000e+07
1.146365300000000000e+07
1.447504540000000000e+08
1.138580800000000000e+07
1.409388020000000000e+08
1.341076460000000000e+08
1.503204560000000000e+08
1.421449150000000000e+08
1.415436200000000000e+08
1.450281870000000000e+08
1.408280090000000000e+08
1.434002440000000000e+08
1.543191410000000000e+08
1.190587010000000000e+08
1.330998310000000000e+08
1.511506190000000000e+08
1.193300000000000000e+06
1.302972810000000000e+08
1.419777950000000000e+08
1.410289660000000000e+08
1.420145030000000000e+08
1.406591720000000000e+08
1.300035470000000000e+08
1.427568270000000000e+08
1.358113000000000000e+06
1.404644000000000000e+06
1.398927140000000000e+08
1.408985750000000000e+08
1.503581700000000000e+08
1.502497280000000000e+08
1.500316240000000000e+08
1.109657000000000000e+06
1.421105360000000000e+08
1.405986290000000000e+08
1.148256530000000000e+08
1.190586880000000000e+08
1.494755590000000000e+08
1.502816890000000000e+08
1.499309460000000000e+08
1.535999140000000000e+08
1.532653960000000000e+08
1.459758530000000000e+08
1.454629200000000000e+08
1.342810400000000000e+08
1.416868040000000000e+08
1.503215120000000000e+08
1.148220040000000000e+08
1.149277290000000000e+08
1.538445340000000000e+08
1.412788100000000000e+08
1.315693230000000000e+08
1.505602540000000000e+08
1.502746490000000000e+08
1.300011770000000000e+08
1.503901890000000000e+08
1.499705990000000000e+08
1.461254550000000000e+08
1.491014110000000000e+08
1.410964920000000000e+08
1.413722410000000000e+08
1.503919880000000000e+08
1.193238700000000000e+07
1.458706980000000000e+08
1.400013270000000000e+08
1.401972050000000000e+08
1.138230900000000000e+07
1.411529270000000000e+08
1.439959900000000000e+08
1.418086750000000000e+08
1.330983550000000000e+08
1.503937960000000000e+08
1.500288330000000000e+08
1.504296090000000000e+08
1.406310500000000000e+08
1.402950510000000000e+08
1.467764800000000000e+08
1.440404600000000000e+08
1.188139010000000000e+08
1.303363320000000000e+08
1.437435320000000000e+08
1.415794260000000000e+08
1.430933300000000000e+07
1.331050820000000000e+08
1.510057040000000000e+08
1.503246560000000000e+08
1.502496790000000000e+08
1.414072010000000000e+08
1.405993770000000000e+08
1.235675030000000000e+08
1.493516790000000000e+08
1.013978480000000000e+08
1.312434540000000000e+08
1.186866820000000000e+08
1.411870820000000000e+08
1.419419860000000000e+08
1.191931400000000000e+07
1.502746320000000000e+08
1.190566140000000000e+08
1.541740070000000000e+08
1.186849150000000000e+08
1.515733240000000000e+08
1.500666310000000000e+08
1.393694360000000000e+08
1.414107890000000000e+08
1.418991060000000000e+08
1.534428440000000000e+08
1.538902000000000000e+06
1.421087460000000000e+08
1.190099300000000000e+08
1.490834410000000000e+08
1.427536960000000000e+08
1.204504000000000000e+06
1.507887830000000000e+08
1.179511690000000000e+08
1.413345550000000000e+08
1.500794920000000000e+08
1.503912260000000000e+08
1.491217280000000000e+08
1.469766160000000000e+08
1.419457500000000000e+08
1.492652130000000000e+08
1.420868130000000000e+08
1.412686900000000000e+08
1.470985400000000000e+08
1.397484640000000000e+08
1.418093590000000000e+08
1.418226250000000000e+08
1.451690530000000000e+08
1.308763120000000000e+08
1.323130870000000000e+08
1.011075700000000000e+08
1.464648610000000000e+08
1.416100500000000000e+08
1.411560180000000000e+08
1.009449170000000000e+08
1.185614480000000000e+08
1.405291990000000000e+08
1.356580300000000000e+07
1.499316030000000000e+08
1.415437440000000000e+08
1.427431130000000000e+08
1.308746080000000000e+08
1.514239290000000000e+08
1.410281980000000000e+08
1.437291310000000000e+08
1.149317690000000000e+08
1.419439410000000000e+08
1.472184000000000000e+06
1.414132190000000000e+08
1.508936950000000000e+08
1.418697240000000000e+08
1.307921490000000000e+08
1.524989320000000000e+08
1.142239500000000000e+07
1.314670310000000000e+08
1.405980470000000000e+08
1.492003030000000000e+08
1.504408600000000000e+08
1.535244910000000000e+08
1.434325130000000000e+08
1.405295550000000000e+08
1.010074270000000000e+08
1.106958000000000000e+06
1.405113180000000000e+08
1.416211580000000000e+08
1.491260600000000000e+08
1.407879060000000000e+08
1.510143290000000000e+08
1.501912580000000000e+08
1.421077590000000000e+08
1.417680400000000000e+08
1.494234330000000000e+08
1.011062140000000000e+08
1.504670510000000000e+08
1.193142300000000000e+07
1.410572360000000000e+08
1.503897600000000000e+08
1.411210800000000000e+08
1.501056130000000000e+08
1.498439740000000000e+08
1.418652010000000000e+08
1.443102000000000000e+06
1.501418130000000000e+08
1.526781920000000000e+08
1.514148920000000000e+08
1.420175090000000000e+08
1.474958000000000000e+06
1.186892560000000000e+08
1.429459400000000000e+07
1.323221880000000000e+08
1.420541590000000000e+08
1.407977860000000000e+08
1.514792920000000000e+08
1.434915770000000000e+08
1.447498940000000000e+08
1.383384100000000000e+07
1.406896530000000000e+08
1.197116100000000000e+07
1.510770210000000000e+08
1.420843060000000000e+08
1.406629080000000000e+08
1.496301600000000000e+08
1.421089490000000000e+08
1.419124690000000000e+08
1.499881040000000000e+08
1.342771710000000000e+08
1.503574240000000000e+08
1.458622290000000000e+08
1.433940370000000000e+08
1.327673570000000000e+08
1.427546020000000000e+08
1.416112760000000000e+08
1.503945360000000000e+08
1.417694340000000000e+08
1.232539160000000000e+08
1.542310880000000000e+08
1.412928090000000000e+08
1.189082920000000000e+08
1.466021560000000000e+08
1.238231210000000000e+08
1.409964210000000000e+08
1.412788880000000000e+08
1.186857740000000000e+08
1.504422640000000000e+08
1.500288060000000000e+08
1.416114890000000000e+08
1.239350040000000000e+08
1.504318390000000000e+08
1.461975810000000000e+08
1.457626970000000000e+08
1.306163410000000000e+08
1.416829210000000000e+08
1.236389340000000000e+08
1.229097500000000000e+08
1.494231030000000000e+08
1.324515140000000000e+08
1.491020060000000000e+08
1.230290580000000000e+08
1.398702150000000000e+08
1.498437400000000000e+08
1.459924430000000000e+08
1.467684390000000000e+08
1.013976350000000000e+08
1.414084450000000000e+08
1.147981200000000000e+08
1.431501170000000000e+08
1.504300440000000000e+08
1.276546910000000000e+08
1.403170000000000000e+06
1.444753520000000000e+08
1.409681170000000000e+08
1.514232580000000000e+08
1.327013150000000000e+08
1.434468990000000000e+08
1.420824670000000000e+08
1.347829600000000000e+07
1.496642540000000000e+08
1.497416960000000000e+08
1.267384470000000000e+08
1.504306160000000000e+08
1.416079720000000000e+08
1.290228260000000000e+08
1.362889600000000000e+07
1.428305080000000000e+08
1.400141000000000000e+06
1.406922470000000000e+08
1.405795370000000000e+08
1.543205180000000000e+08
1.491268060000000000e+08
1.494729150000000000e+08
1.408018980000000000e+08
1.493910100000000000e+08
1.420860910000000000e+08
1.490373740000000000e+08
1.499763950000000000e+08
1.420186970000000000e+08
1.011053740000000000e+08
1.411877190000000000e+08
1.238762070000000000e+08
1.501880970000000000e+08
1.494452580000000000e+08
1.494242640000000000e+08
1.491800880000000000e+08
1.139368180000000000e+08
1.344545230000000000e+08
1.438976990000000000e+08
1.499337760000000000e+08
1.146622800000000000e+07
1.491378040000000000e+08
1.186859910000000000e+08
1.433883590000000000e+08
1.497679690000000000e+08
1.405284110000000000e+08
1.404058000000000000e+06
1.466156980000000000e+08
1.503936230000000000e+08
1.179480830000000000e+08
1.419035410000000000e+08
1.501667210000000000e+08
1.339159190000000000e+08
1.492165510000000000e+08
1.414236340000000000e+08
1.147995280000000000e+08
1.500625270000000000e+08
1.414233710000000000e+08
1.418100800000000000e+08
1.267419670000000000e+08
1.413354890000000000e+08
1.320845420000000000e+08
1.507939530000000000e+08
1.427865820000000000e+08
1.303343870000000000e+08
1.308810450000000000e+08
1.495761480000000000e+08
1.232165940000000000e+08
1.433832110000000000e+08
1.494201490000000000e+08
1.414794120000000000e+08
1.459910680000000000e+08
1.504418000000000000e+08
1.535162010000000000e+08
1.188279420000000000e+08
1.518455210000000000e+08
1.315776090000000000e+08
1.190795960000000000e+08
1.493918780000000000e+08
1.412839210000000000e+08
1.383141900000000000e+07
1.510692990000000000e+08
1.342210520000000000e+08
1.401946690000000000e+08
1.495727200000000000e+08
1.414246430000000000e+08
1.103826000000000000e+06
1.186842560000000000e+08
1.428291360000000000e+08
1.421426020000000000e+08
1.189088330000000000e+08
1.148795230000000000e+08
1.440880420000000000e+08
1.493894190000000000e+08
1.417572300000000000e+08
1.415464810000000000e+08
1.539279990000000000e+08
1.237520050000000000e+08
1.450879870000000000e+08
1.517763880000000000e+08
1.184570560000000000e+08
1.503236430000000000e+08
1.407990350000000000e+08
1.497920160000000000e+08
1.497927600000000000e+08
1.504250880000000000e+08
1.429504200000000000e+07
1.417714830000000000e+08
1.339293450000000000e+08
1.491561800000000000e+08
1.400056900000000000e+08
1.381838100000000000e+07
1.232243820000000000e+08
1.529536200000000000e+08
1.501401660000000000e+08
1.501518850000000000e+08
1.534300540000000000e+08
1.010044410000000000e+08
1.345422710000000000e+08
1.434535030000000000e+08
1.147436080000000000e+08
1.466334130000000000e+08
1.502505280000000000e+08
1.494975430000000000e+08
1.491012260000000000e+08
1.413335910000000000e+08
1.419417080000000000e+08
1.489202450000000000e+08
1.499135980000000000e+08
1.415478300000000000e+08
1.313382390000000000e+08
1.500625020000000000e+08
1.501657350000000000e+08
1.306183270000000000e+08
1.409411530000000000e+08
1.496644230000000000e+08
1.411233490000000000e+08
1.453725760000000000e+08
1.267901280000000000e+08
1.472418670000000000e+08
1.475176790000000000e+08
1.350006000000000000e+06
1.034175000000000000e+06
1.401302930000000000e+08
1.517198880000000000e+08
1.468931700000000000e+08
1.009471190000000000e+08
1.330344080000000000e+08
1.148274820000000000e+08
1.465430730000000000e+08
1.295917080000000000e+08
1.497872610000000000e+08
1.420484470000000000e+08
1.417094360000000000e+08
1.334227780000000000e+08
1.405803360000000000e+08
1.268995060000000000e+08
1.403498240000000000e+08
1.148810790000000000e+08
1.238786070000000000e+08
1.491770490000000000e+08
1.413017150000000000e+08
1.404122000000000000e+06
1.189067150000000000e+08
1.356472400000000000e+07
1.185397450000000000e+08
1.346413270000000000e+08
1.430843200000000000e+07
1.267308310000000000e+08
1.408298640000000000e+08
1.342845330000000000e+08
1.141827000000000000e+06
1.307966840000000000e+08
1.508934270000000000e+08
1.231437530000000000e+08
1.492713030000000000e+08
1.131624000000000000e+06
1.415318100000000000e+08
1.409723680000000000e+08
1.193310000000000000e+06
1.500985420000000000e+08
1.409754150000000000e+08
1.434038450000000000e+08
1.504407550000000000e+08
1.347669600000000000e+07
1.181591860000000000e+08
1.541785400000000000e+08
1.491073600000000000e+08
1.437867370000000000e+08
1.340465830000000000e+08
1.434964010000000000e+08
1.499705890000000000e+08
1.383219000000000000e+07
1.403948000000000000e+06
1.406083260000000000e+08
1.417091010000000000e+08
1.317900190000000000e+08
1.417572940000000000e+08
1.141983000000000000e+07
1.403054430000000000e+08
1.324509230000000000e+08
1.267905960000000000e+08
1.085150000000000000e+06
1.316450520000000000e+08
1.512708570000000000e+08
1.131027200000000000e+07
1.267871970000000000e+08
1.500643910000000000e+08
1.472428240000000000e+08
1.420183280000000000e+08
1.427905710000000000e+08
1.188288600000000000e+08
1.433836200000000000e+08
1.230291570000000000e+08
1.346382000000000000e+08
1.383513600000000000e+07
1.009479780000000000e+08
1.214207180000000000e+08
1.501022270000000000e+08
1.131117700000000000e+07
1.512712190000000000e+08
1.493107240000000000e+08
1.461952830000000000e+08
1.414804340000000000e+08
1.495390160000000000e+08
1.014172550000000000e+08
1.409978180000000000e+08
1.184921850000000000e+08
1.230345000000000000e+06
1.499025390000000000e+08
1.189151130000000000e+08
1.315490000000000000e+06
1.501657400000000000e+08
1.440386200000000000e+08
1.452760080000000000e+08
1.416840580000000000e+08
1.440616780000000000e+08
1.187545130000000000e+08
1.339066710000000000e+08
1.287364710000000000e+08
1.420817110000000000e+08
1.420826040000000000e+08
1.183072800000000000e+08
1.416094300000000000e+08
1.429449200000000000e+07
1.497918970000000000e+08
1.193180800000000000e+07
1.232242050000000000e+08
1.409382470000000000e+08
1.436518330000000000e+08
1.406599780000000000e+08
1.197137000000000000e+07
1.419740660000000000e+08
1.020075000000000000e+06
1.472871470000000000e+08
1.427951430000000000e+08
1.305791190000000000e+08
1.420854910000000000e+08
1.427959810000000000e+08
1.400609570000000000e+08
1.501449410000000000e+08
1.410970270000000000e+08
1.417556000000000000e+08
1.362246700000000000e+07
1.419770860000000000e+08
1.502753090000000000e+08
1.188137500000000000e+08
1.166579100000000000e+07
1.466157460000000000e+08
1.410250900000000000e+08
1.331462900000000000e+08
1.414801760000000000e+08
1.490374520000000000e+08
1.493043130000000000e+08
1.330352410000000000e+08
1.237473230000000000e+08
1.495405250000000000e+08
1.499708750000000000e+08
1.428289600000000000e+08
1.259033000000000000e+06
1.448079070000000000e+08
1.494667840000000000e+08
1.232539990000000000e+08
1.439178560000000000e+08
1.412128810000000000e+08
1.497873790000000000e+08
1.437443320000000000e+08
1.421460510000000000e+08
1.419765980000000000e+08
1.408505030000000000e+08
1.531088790000000000e+08
1.362535300000000000e+07
1.429648400000000000e+07
1.416854650000000000e+08
1.489274270000000000e+08
1.496290770000000000e+08
1.232543560000000000e+08
1.186082540000000000e+08
1.411553520000000000e+08
1.190566310000000000e+08
1.343494100000000000e+07
1.189063480000000000e+08
1.406082300000000000e+08
1.414117130000000000e+08
1.416834000000000000e+08
1.197139400000000000e+07
1.405807170000000000e+08
1.412104480000000000e+08
1.231448010000000000e+08
1.200831000000000000e+06
1.450203140000000000e+08
1.495764130000000000e+08
1.417577320000000000e+08
1.445085000000000000e+06
1.304166870000000000e+08
1.494731710000000000e+08
1.417658360000000000e+08
1.406335680000000000e+08
1.414727770000000000e+08
1.418238820000000000e+08
1.138804200000000000e+07
1.456047950000000000e+08
1.501056030000000000e+08
1.500303230000000000e+08
1.322362070000000000e+08
1.405108620000000000e+08
1.346311160000000000e+08
1.507963390000000000e+08
1.416218030000000000e+08
1.470994820000000000e+08
1.405999720000000000e+08
1.500652440000000000e+08
1.432681840000000000e+08
1.440539320000000000e+08
1.318458000000000000e+08
1.427414650000000000e+08
1.495390580000000000e+08
1.532713480000000000e+08
1.434014540000000000e+08
1.293651960000000000e+08
1.434386110000000000e+08
1.419092810000000000e+08
1.013957500000000000e+08
1.504320790000000000e+08
1.429387400000000000e+07
1.180786520000000000e+08
1.494733940000000000e+08
1.240092310000000000e+08
1.410301680000000000e+08
1.405806340000000000e+08
1.338111000000000000e+06
1.415280600000000000e+08
1.406904280000000000e+08
1.498420460000000000e+08
1.493476290000000000e+08
1.340678000000000000e+06
1.408932380000000000e+08
1.419454650000000000e+08
1.517106100000000000e+08
1.341848660000000000e+08
1.374167100000000000e+07
1.321696640000000000e+08
1.316442970000000000e+08
1.523280060000000000e+08
1.503591980000000000e+08
1.443112000000000000e+06
1.413357870000000000e+08
1.037562000000000000e+06
1.341173920000000000e+08
1.341075060000000000e+08
1.342001850000000000e+08
1.146235300000000000e+07
1.184865800000000000e+08
1.466131430000000000e+08
1.188272230000000000e+08
1.492489690000000000e+08
1.415264390000000000e+08
1.148020740000000000e+08
1.419010420000000000e+08
1.418705890000000000e+08
1.400562460000000000e+08
1.493882650000000000e+08
1.106419000000000000e+06
1.186074860000000000e+08
1.341995830000000000e+08
1.406306350000000000e+08
1.439686310000000000e+08
1.493081750000000000e+08
1.190755940000000000e+08
1.144756860000000000e+08
1.165443500000000000e+07
1.370993500000000000e+07
1.420874510000000000e+08
1.415732280000000000e+08
1.010623470000000000e+08
1.499343050000000000e+08
1.405808750000000000e+08
1.236366770000000000e+08
1.010057780000000000e+08
1.493920920000000000e+08
1.423474800000000000e+07
1.491039410000000000e+08
1.335752690000000000e+08
1.002328000000000000e+06
1.502497710000000000e+08
1.319810850000000000e+08
1.503233340000000000e+08
1.348276140000000000e+08
1.542311630000000000e+08
1.010092540000000000e+08
1.490850690000000000e+08
1.383404700000000000e+07
1.492204450000000000e+08
1.494586370000000000e+08
1.461908610000000000e+08
1.437767470000000000e+08
1.444100280000000000e+08
1.346456110000000000e+08
1.381577600000000000e+07
1.267964900000000000e+08
1.437823590000000000e+08
1.406874460000000000e+08
1.522243000000000000e+06
1.524890190000000000e+08
1.419759030000000000e+08
1.421076180000000000e+08
1.512672500000000000e+08
1.183447190000000000e+08
1.500989790000000000e+08
1.267908560000000000e+08
1.497388670000000000e+08
1.388126500000000000e+07
1.362803800000000000e+07
1.417573260000000000e+08
1.148482000000000000e+06
1.416829310000000000e+08
1.148783800000000000e+08
1.400646480000000000e+08
1.509553090000000000e+08
1.496026150000000000e+08
1.230647000000000000e+06
1.495427090000000000e+08
1.229867110000000000e+08
1.411217930000000000e+08
1.237524870000000000e+08
1.397483930000000000e+08
1.420860810000000000e+08
1.190808700000000000e+08
1.147436970000000000e+08
1.188279290000000000e+08
1.501660910000000000e+08
1.331503860000000000e+08
1.342200570000000000e+08
1.339189070000000000e+08
1.502163510000000000e+08
1.400064710000000000e+08
1.190934000000000000e+06
1.418688360000000000e+08
1.345227820000000000e+08
1.491582300000000000e+08
1.492531730000000000e+08
1.174849500000000000e+07
1.450454160000000000e+08
1.411241440000000000e+08
1.418114320000000000e+08
1.517790510000000000e+08
1.487477180000000000e+08
1.528721860000000000e+08
1.491610750000000000e+08
1.419115190000000000e+08
1.464669040000000000e+08
1.327068710000000000e+08
1.181627650000000000e+08
1.408977320000000000e+08
1.497996610000000000e+08
1.507421830000000000e+08
1.490373630000000000e+08
1.231531240000000000e+08
1.502744870000000000e+08
1.305747050000000000e+08
1.417365480000000000e+08
1.187581290000000000e+08
1.421477960000000000e+08
1.311048930000000000e+08
1.412814950000000000e+08
1.181746330000000000e+08
1.303449580000000000e+08
1.342690700000000000e+07
1.421445940000000000e+08
1.344985530000000000e+08
1.540063290000000000e+08
1.494979040000000000e+08
1.010679970000000000e+08
1.501075390000000000e+08
1.537353660000000000e+08
1.443588300000000000e+08
1.183445800000000000e+08
1.444145500000000000e+08
1.427416240000000000e+08
1.446350650000000000e+08
1.495014850000000000e+08
1.504418100000000000e+08
1.179477620000000000e+08
1.182039270000000000e+08
1.144773380000000000e+08
1.538530900000000000e+08
1.408947030000000000e+08
1.312482410000000000e+08
1.406889410000000000e+08
1.409715450000000000e+08
1.406955800000000000e+08
1.495398940000000000e+08
1.418262290000000000e+08
1.332496090000000000e+08
1.011059920000000000e+08
1.440598660000000000e+08
1.406612890000000000e+08
1.500329830000000000e+08
1.106242000000000000e+06
1.421482280000000000e+08
1.493517760000000000e+08
1.463254320000000000e+08
1.295857170000000000e+08
1.014168270000000000e+08
1.503599820000000000e+08
1.452771130000000000e+08
1.405893260000000000e+08
1.410303920000000000e+08
1.412817420000000000e+08
1.039655000000000000e+06
1.413358860000000000e+08
1.417701210000000000e+08
1.013959090000000000e+08
1.499317540000000000e+08
1.401366000000000000e+06
1.122495000000000000e+07
1.412895000000000000e+06
1.501069480000000000e+08
1.231052810000000000e+08
1.415279650000000000e+08
1.418117340000000000e+08
1.010100840000000000e+08
1.181697180000000000e+08
1.516214640000000000e+08
1.010675590000000000e+08
1.232241380000000000e+08
1.417092960000000000e+08
1.418041590000000000e+08
1.491294890000000000e+08
1.323638740000000000e+08
1.501887360000000000e+08
1.180695240000000000e+08
1.498437970000000000e+08
1.300932120000000000e+08
1.182029580000000000e+08
1.186868280000000000e+08
1.014129280000000000e+08
1.416231740000000000e+08
1.498429150000000000e+08
1.409431850000000000e+08
1.314281000000000000e+06
1.180304890000000000e+08
1.316408440000000000e+08
1.434012650000000000e+08
1.323145170000000000e+08
1.495146980000000000e+08
1.304713830000000000e+08
1.515721430000000000e+08
1.421077560000000000e+08
1.307955810000000000e+08
1.371252400000000000e+07
1.420517860000000000e+08
1.519294390000000000e+08
1.405966220000000000e+08
1.405809490000000000e+08
1.141694000000000000e+06
1.240096480000000000e+08
1.499717540000000000e+08
1.410919230000000000e+08
1.427804100000000000e+07
1.407968540000000000e+08
1.421078330000000000e+08
1.501488820000000000e+08
1.427561240000000000e+08
1.358462000000000000e+06
1.496308240000000000e+08
1.487918620000000000e+08
1.502722770000000000e+08
1.407919000000000000e+08
1.179479490000000000e+08
1.417574410000000000e+08
1.342860710000000000e+08
1.489238770000000000e+08
1.331467550000000000e+08
1.431971660000000000e+08
1.414713920000000000e+08
1.451748560000000000e+08
1.442502000000000000e+06
1.502486560000000000e+08
1.229868190000000000e+08
1.433316100000000000e+08
1.187617600000000000e+08
1.360873000000000000e+06
1.419136470000000000e+08
1.362817100000000000e+07
1.434456390000000000e+08
1.450451420000000000e+08
1.472995890000000000e+08
1.447927820000000000e+08
1.427908500000000000e+07
1.189859000000000000e+06
1.190583540000000000e+08
1.233802330000000000e+08
1.371362600000000000e+07
1.401937910000000000e+08
1.320827120000000000e+08
1.406615950000000000e+08
1.491796070000000000e+08
1.534322670000000000e+08
1.497662050000000000e+08
1.419153670000000000e+08
1.420146200000000000e+08
1.343301060000000000e+08
1.190808610000000000e+08
1.232236930000000000e+08
1.438254670000000000e+08
1.412151410000000000e+08
1.417568210000000000e+08
1.396919230000000000e+08
1.501663970000000000e+08
1.417126540000000000e+08
1.420819730000000000e+08
1.502827790000000000e+08
1.412119660000000000e+08
1.493478050000000000e+08
1.258935000000000000e+06
1.420528760000000000e+08
1.213393850000000000e+08
1.516242170000000000e+08
1.230321080000000000e+08
1.402952870000000000e+08
1.330383330000000000e+08
1.409683570000000000e+08
1.342892700000000000e+07
1.411852700000000000e+08
1.337579410000000000e+08
1.420500460000000000e+08
1.234806710000000000e+08
1.405783040000000000e+08
1.412710780000000000e+08
1.166354900000000000e+07
1.261860000000000000e+06
1.466132390000000000e+08
1.014181300000000000e+08
1.413720460000000000e+08
1.436497430000000000e+08
1.444107900000000000e+08
1.239378490000000000e+08
1.414071590000000000e+08
1.327761600000000000e+08
1.237039660000000000e+08
1.299984420000000000e+08
1.517859200000000000e+08
1.428005000000000000e+07
1.370930400000000000e+07
1.194496000000000000e+06
1.499879400000000000e+08
1.501053500000000000e+08
1.467754280000000000e+08
1.393716000000000000e+08
1.510089030000000000e+08
1.492152620000000000e+08
1.421423160000000000e+08
1.406873820000000000e+08
1.501641240000000000e+08
1.525783490000000000e+08
1.292707330000000000e+08
1.356139600000000000e+07
1.420829420000000000e+08
1.331465680000000000e+08
1.356097500000000000e+07
1.148796190000000000e+08
1.414793100000000000e+08
1.432588360000000000e+08
1.406868390000000000e+08
1.501873730000000000e+08
1.287312700000000000e+08
1.213209860000000000e+08
1.501479850000000000e+08
1.414845090000000000e+08
1.306440160000000000e+08
1.498433550000000000e+08
1.408929380000000000e+08
1.496307340000000000e+08
1.405761740000000000e+08
1.331087180000000000e+08
1.406630570000000000e+08
1.450225080000000000e+08
1.466025310000000000e+08
1.418229080000000000e+08
1.184132090000000000e+08
1.509553110000000000e+08
1.416252740000000000e+08
1.495029500000000000e+08
1.306454190000000000e+08
1.147990620000000000e+08
1.192044000000000000e+06
1.421455340000000000e+08
1.429446700000000000e+07
1.503925840000000000e+08
1.148236770000000000e+08
1.304723110000000000e+08
1.293579240000000000e+08
1.411860750000000000e+08
1.415789000000000000e+06
1.431511710000000000e+08
1.433911410000000000e+08
1.400040860000000000e+08
1.506624830000000000e+08
1.287382430000000000e+08
1.447596150000000000e+08
1.494459280000000000e+08
1.469023630000000000e+08
1.178857870000000000e+08
1.427242270000000000e+08
1.327679710000000000e+08
1.500295380000000000e+08
1.435439920000000000e+08
1.414711050000000000e+08
1.417141910000000000e+08
1.475244140000000000e+08
1.497686550000000000e+08
1.499345900000000000e+08
1.229876920000000000e+08
1.410262670000000000e+08
1.010750000000000000e+06
1.414357580000000000e+08
1.009486210000000000e+08
1.466341930000000000e+08
1.497880600000000000e+08
1.502733010000000000e+08
1.132399000000000000e+06
1.434415280000000000e+08
1.531955120000000000e+08
1.489234940000000000e+08
1.427951520000000000e+08
1.500633210000000000e+08
1.420167670000000000e+08
1.502726560000000000e+08
1.495094230000000000e+08
1.418115400000000000e+08
1.431521750000000000e+08
1.521554440000000000e+08
1.491587240000000000e+08
1.495391580000000000e+08
1.504319200000000000e+08
1.501048080000000000e+08
1.542349090000000000e+08
1.300081930000000000e+08
1.411956340000000000e+08
1.433839820000000000e+08
1.493126490000000000e+08
1.430885800000000000e+07
1.383174800000000000e+07
1.472416930000000000e+08
1.420520860000000000e+08
1.453777090000000000e+08
1.491792260000000000e+08
1.494560700000000000e+08
1.408937220000000000e+08
1.509647150000000000e+08
1.413345850000000000e+08
1.410247990000000000e+08
1.192946000000000000e+06
1.307282800000000000e+08
1.503927530000000000e+08
1.472448570000000000e+08
1.503593250000000000e+08
1.415522000000000000e+06
1.411209400000000000e+08
1.420868120000000000e+08
1.501469730000000000e+08
1.501392630000000000e+08
1.393705370000000000e+08
1.290842700000000000e+08
1.341164780000000000e+08
1.253756000000000000e+06
1.430906850000000000e+08
1.501647950000000000e+08
1.536592550000000000e+08
1.105553000000000000e+06
1.491587890000000000e+08
1.455066240000000000e+08
1.491545770000000000e+08
1.412802550000000000e+08
1.414861050000000000e+08
1.405992840000000000e+08
1.456011610000000000e+08
1.499880680000000000e+08
1.493194110000000000e+08
1.460396640000000000e+08
1.430798000000000000e+07
1.404983000000000000e+06
1.013471000000000000e+06
1.499756760000000000e+08
1.180794570000000000e+08
1.501072620000000000e+08
1.409718420000000000e+08
1.184896990000000000e+08
1.318421630000000000e+08
1.494980990000000000e+08
1.443620320000000000e+08
1.457104830000000000e+08
1.466151020000000000e+08
1.444152190000000000e+08
1.504185330000000000e+08
1.466163000000000000e+08
1.494498880000000000e+08
1.347816000000000000e+06
1.311021900000000000e+08
1.318412450000000000e+08
1.353668600000000000e+07
1.414125320000000000e+08
1.447192460000000000e+08
1.381916900000000000e+07
1.345007730000000000e+08
1.496266500000000000e+08
1.256364000000000000e+06
1.314765930000000000e+08
1.411952830000000000e+08
1.418105290000000000e+08
1.492514430000000000e+08
1.188296220000000000e+08
1.434004650000000000e+08
1.448589810000000000e+08
1.503615130000000000e+08
1.427552390000000000e+08
1.202347000000000000e+06
1.401968950000000000e+08
1.492000290000000000e+08
1.410948610000000000e+08
1.439132850000000000e+08
1.138813700000000000e+07
1.438421980000000000e+08
1.240057450000000000e+08
1.402511960000000000e+08
1.501887780000000000e+08
1.509581170000000000e+08
1.496703690000000000e+08
1.466135740000000000e+08
1.500292720000000000e+08
1.267905890000000000e+08
1.185418830000000000e+08
1.332552470000000000e+08
1.437443630000000000e+08
1.019144000000000000e+06
1.502490230000000000e+08
1.418678950000000000e+08
1.503008700000000000e+08
1.427522400000000000e+08
1.010043210000000000e+08
1.466010050000000000e+08
1.371106200000000000e+07
1.019957000000000000e+06
1.421093900000000000e+08
1.405786060000000000e+08
1.502995760000000000e+08
1.503236840000000000e+08
1.393691070000000000e+08
1.504177890000000000e+08
1.414820690000000000e+08
1.419090980000000000e+08
1.417528830000000000e+08
1.367103800000000000e+07
1.448091340000000000e+08
1.496023080000000000e+08
1.496184170000000000e+08
1.382156500000000000e+07
1.420490250000000000e+08
1.516113620000000000e+08
1.303767270000000000e+08
1.496030710000000000e+08
1.336587620000000000e+08
1.499885230000000000e+08
1.367034100000000000e+07
1.421447290000000000e+08
1.415433180000000000e+08
1.437804540000000000e+08
1.333369850000000000e+08
1.458683350000000000e+08
1.495736590000000000e+08
1.497390420000000000e+08
1.337600040000000000e+08
1.414220960000000000e+08
1.184621720000000000e+08
1.409388040000000000e+08
1.494663860000000000e+08
1.427438620000000000e+08
1.411863250000000000e+08
1.496312890000000000e+08
1.004005000000000000e+06
1.362790600000000000e+07
1.493083170000000000e+08
1.421079220000000000e+08
1.501500950000000000e+08
1.417718310000000000e+08
1.408539160000000000e+08
1.144840030000000000e+08
1.190807360000000000e+08
1.222589320000000000e+08
1.520157520000000000e+08
1.495745420000000000e+08
1.146716500000000000e+07
1.412677910000000000e+08
1.520154450000000000e+08
1.414736170000000000e+08
1.343602340000000000e+08
1.144855540000000000e+08
1.148692000000000000e+06
1.542341140000000000e+08
1.444655580000000000e+08
1.190585480000000000e+08
1.284674820000000000e+08
1.502737120000000000e+08
1.193274300000000000e+07
1.356152900000000000e+07
1.186871380000000000e+08
1.107885000000000000e+06
1.281399300000000000e+08
1.435346280000000000e+08
1.427248400000000000e+08
1.010611140000000000e+08
1.420487460000000000e+08
1.501665260000000000e+08
1.475091000000000000e+06
1.416112370000000000e+08
1.493037660000000000e+08
1.320818740000000000e+08
1.393693330000000000e+08
1.500292750000000000e+08
1.009011160000000000e+08
1.010056710000000000e+08
1.427950780000000000e+08
1.405986530000000000e+08
1.324551000000000000e+08
1.498525390000000000e+08
1.193554000000000000e+06
1.499721020000000000e+08
1.404529000000000000e+06
