1.501879160000000000e+08
1.210895940000000000e+08
1.525050860000000000e+08
1.226693290000000000e+08
1.502732550000000000e+08
1.428686180000000000e+08
1.445764860000000000e+08
1.410289620000000000e+08
1.210071670000000000e+08
1.226134630000000000e+08
1.441418050000000000e+08
1.428512740000000000e+08
1.490378410000000000e+08
1.495392920000000000e+08
1.501886590000000000e+08
1.430442130000000000e+08
1.225419940000000000e+08
1.009750990000000000e+08
1.429304120000000000e+08
1.441656570000000000e+08
1.500293820000000000e+08
1.209170030000000000e+08
1.209758660000000000e+08
1.494977630000000000e+08
1.529842490000000000e+08
1.400741740000000000e+08
1.407548470000000000e+08
1.445227110000000000e+08
1.499353380000000000e+08
1.430233690000000000e+08
1.378854450000000000e+08
1.523583000000000000e+08
1.010395410000000000e+08
1.474711890000000000e+08
1.413270960000000000e+08
1.523584760000000000e+08
1.538383490000000000e+08
1.209319780000000000e+08
1.413282220000000000e+08
1.010396560000000000e+08
1.501046940000000000e+08
1.408940530000000000e+08
1.499892420000000000e+08
1.538358440000000000e+08
1.417094220000000000e+08
1.525719180000000000e+08
1.402067770000000000e+08
1.495720670000000000e+08
1.298863800000000000e+08
1.418054930000000000e+08
1.495431130000000000e+08
1.209565820000000000e+08
1.401432220000000000e+08
1.209590910000000000e+08
1.493050700000000000e+08
1.504332700000000000e+08
1.429384990000000000e+08
1.415303150000000000e+08
1.149120000000000000e+06
1.491561390000000000e+08
1.496003840000000000e+08
1.500309500000000000e+08
1.525383700000000000e+08
1.423159580000000000e+08
1.441200560000000000e+08
1.444808710000000000e+08
1.494232220000000000e+08
1.114066000000000000e+06
1.417722590000000000e+08
1.405804820000000000e+08
1.523718650000000000e+08
1.503595000000000000e+08
1.406093840000000000e+08
1.414718700000000000e+08
1.402043980000000000e+08
1.538344230000000000e+08
1.257333400000000000e+07
1.502502360000000000e+08
1.406352850000000000e+08
1.417579200000000000e+08
1.128270000000000000e+06
1.297846370000000000e+08
1.045529000000000000e+06
1.494734670000000000e+08
1.209570780000000000e+08
1.467102930000000000e+08
1.441631920000000000e+08
1.501016160000000000e+08
1.524751940000000000e+08
1.210918220000000000e+08
1.502456140000000000e+08
1.491248130000000000e+08
1.525613540000000000e+08
1.530461870000000000e+08
1.209773460000000000e+08
1.523590020000000000e+08
1.417121670000000000e+08
1.209157510000000000e+08
1.501015010000000000e+08
1.418676070000000000e+08
1.440709050000000000e+08
1.502991150000000000e+08
1.421424880000000000e+08
1.467623750000000000e+08
1.499882250000000000e+08
1.208969270000000000e+08
1.409706130000000000e+08
1.011011390000000000e+08
1.406892040000000000e+08
1.444806420000000000e+08
1.416069580000000000e+08
1.117332000000000000e+06
1.430225200000000000e+08
1.208977740000000000e+08
1.468030880000000000e+08
1.525032080000000000e+08
1.524727120000000000e+08
1.395508100000000000e+07
1.225037520000000000e+08
1.493462000000000000e+08
1.405780240000000000e+08
1.409981160000000000e+08
1.499309940000000000e+08
1.421056130000000000e+08
1.421091020000000000e+08
1.226099550000000000e+08
1.502991670000000000e+08
1.393352500000000000e+07
1.429375480000000000e+08
1.525733120000000000e+08
1.474563910000000000e+08
1.417700470000000000e+08
1.409397040000000000e+08
1.400747820000000000e+08
1.209554340000000000e+08
1.529667080000000000e+08
1.491765030000000000e+08
1.226082920000000000e+08
1.441658630000000000e+08
1.298092870000000000e+08
1.409433880000000000e+08
1.415425850000000000e+08
1.529700700000000000e+08
1.491253770000000000e+08
1.257131900000000000e+07
1.490393080000000000e+08
1.415265470000000000e+08
1.491590390000000000e+08
1.414109610000000000e+08
1.494505840000000000e+08
1.010036630000000000e+08
1.413323660000000000e+08
1.393707010000000000e+08
1.225600960000000000e+08
1.009913940000000000e+08
1.537988110000000000e+08
1.211586800000000000e+08
1.491075850000000000e+08
1.499730440000000000e+08
1.492522250000000000e+08
1.523592440000000000e+08
1.401432570000000000e+08
1.208974180000000000e+08
1.401436360000000000e+08
1.494975220000000000e+08
1.474696160000000000e+08
1.416802450000000000e+08
1.500651090000000000e+08
1.010137860000000000e+08
1.210077960000000000e+08
1.414122900000000000e+08
1.225068640000000000e+08
1.441805340000000000e+08
1.428684880000000000e+08
1.523620250000000000e+08
1.467302620000000000e+08
1.407971480000000000e+08
1.209586090000000000e+08
1.428737350000000000e+08
1.493476080000000000e+08
1.525041130000000000e+08
1.010018060000000000e+08
1.252338700000000000e+07
1.499300090000000000e+08
1.408265020000000000e+08
1.185748330000000000e+08
1.500624470000000000e+08
1.011260950000000000e+08
1.410902700000000000e+08
1.254893300000000000e+07
1.499018360000000000e+08
1.502496060000000000e+08
1.504432960000000000e+08
1.529639660000000000e+08
1.502471340000000000e+08
1.011002960000000000e+08
1.492725060000000000e+08
1.252746600000000000e+07
1.524751300000000000e+08
1.474585800000000000e+08
1.428674460000000000e+08
1.209788540000000000e+08
1.530665220000000000e+08
1.402068520000000000e+08
1.210923860000000000e+08
1.225225140000000000e+08
1.211590240000000000e+08
1.500296510000000000e+08
1.499143380000000000e+08
1.401220160000000000e+08
1.011007370000000000e+08
1.210778290000000000e+08
1.412882380000000000e+08
1.405990560000000000e+08
1.493911420000000000e+08
1.446021150000000000e+08
1.209583790000000000e+08
1.537231970000000000e+08
1.260568300000000000e+07
1.502995480000000000e+08
1.210256200000000000e+08
1.529740040000000000e+08
1.414717550000000000e+08
1.445142340000000000e+08
1.417092370000000000e+08
1.257135700000000000e+07
1.009199760000000000e+08
1.411218900000000000e+08
1.529652320000000000e+08
1.009744000000000000e+08
1.420149320000000000e+08
1.526213500000000000e+08
1.415307480000000000e+08
1.495757260000000000e+08
1.529664510000000000e+08
1.416107590000000000e+08
1.210487890000000000e+08
1.525018940000000000e+08
1.415420230000000000e+08
1.499139130000000000e+08
1.210504050000000000e+08
1.503223400000000000e+08
1.428683660000000000e+08
1.297834330000000000e+08
1.226149050000000000e+08
1.523718880000000000e+08
1.408275880000000000e+08
1.496654620000000000e+08
1.411571800000000000e+08
1.123472000000000000e+06
1.011026300000000000e+08
1.401575930000000000e+08
1.501647740000000000e+08
1.408286630000000000e+08
1.495391140000000000e+08
1.119847000000000000e+06
1.414728060000000000e+08
1.445045520000000000e+08
1.525890770000000000e+08
1.298149790000000000e+08
1.416118550000000000e+08
1.503212520000000000e+08
1.428659340000000000e+08
1.010694320000000000e+08
1.419106060000000000e+08
1.393696340000000000e+08
1.525087680000000000e+08
1.413078900000000000e+08
1.185738760000000000e+08
1.210895790000000000e+08
1.263001100000000000e+07
1.504430460000000000e+08
1.428666600000000000e+08
1.298875560000000000e+08
1.499934450000000000e+08
1.414724080000000000e+08
1.225569190000000000e+08
1.429602170000000000e+08
1.430299770000000000e+08
1.428654620000000000e+08
1.010575100000000000e+08
1.429787640000000000e+08
1.225761230000000000e+08
1.010024770000000000e+08
1.226158480000000000e+08
1.208943110000000000e+08
1.466882960000000000e+08
1.185745860000000000e+08
1.209322710000000000e+08
1.445982820000000000e+08
1.210267320000000000e+08
1.492752350000000000e+08
1.209173280000000000e+08
1.525383370000000000e+08
1.500979910000000000e+08
1.028816000000000000e+06
1.112740000000000000e+06
1.499028470000000000e+08
1.529834220000000000e+08
1.417716910000000000e+08
1.407585950000000000e+08
1.414286200000000000e+08
1.263040200000000000e+07
1.503955290000000000e+08
1.411541150000000000e+08
1.492529610000000000e+08
1.499937200000000000e+08
1.501667590000000000e+08
1.418263650000000000e+08
1.210059190000000000e+08
1.297845690000000000e+08
1.257142800000000000e+07
1.466900300000000000e+08
1.411870100000000000e+08
1.186532980000000000e+08
1.501674200000000000e+08
1.408276960000000000e+08
1.185732580000000000e+08
1.441626120000000000e+08
1.446197980000000000e+08
1.537232240000000000e+08
1.494985480000000000e+08
1.421103830000000000e+08
1.417081470000000000e+08
1.411838940000000000e+08
1.417099970000000000e+08
1.149450000000000000e+06
1.501454560000000000e+08
1.185897260000000000e+08
1.502990780000000000e+08
1.500324100000000000e+08
1.226137460000000000e+08
1.000825600000000000e+07
1.260507500000000000e+07
1.493027440000000000e+08
1.421092830000000000e+08
1.445044780000000000e+08
1.211043240000000000e+08
1.209170310000000000e+08
1.419795790000000000e+08
1.537411390000000000e+08
1.209769900000000000e+08
1.211067660000000000e+08
1.009900000000000000e+08
1.263227300000000000e+07
1.226131680000000000e+08
1.416109160000000000e+08
1.524739010000000000e+08
1.263047900000000000e+07
1.416082890000000000e+08
1.225554770000000000e+08
1.010403860000000000e+08
1.412686050000000000e+08
1.412705890000000000e+08
1.395258940000000000e+08
1.011017860000000000e+08
1.414362150000000000e+08
1.495730960000000000e+08
1.467099500000000000e+08
1.503231130000000000e+08
1.429763990000000000e+08
1.530278140000000000e+08
1.257314900000000000e+07
1.503923770000000000e+08
1.429302750000000000e+08
1.496017680000000000e+08
1.408018310000000000e+08
1.428759870000000000e+08
1.185902910000000000e+08
1.395494900000000000e+07
1.503202350000000000e+08
1.495727230000000000e+08
1.128548000000000000e+06
1.298864150000000000e+08
1.502477210000000000e+08
1.298123490000000000e+08
1.298119890000000000e+08
1.529729580000000000e+08
1.209317700000000000e+08
1.405122000000000000e+08
1.466886820000000000e+08
1.537124210000000000e+08
1.252412900000000000e+07
1.416215340000000000e+08
1.417702990000000000e+08
1.225591550000000000e+08
1.537228110000000000e+08
1.538369640000000000e+08
1.226115800000000000e+08
1.537432760000000000e+08
1.413081950000000000e+08
1.467091830000000000e+08
1.411274350000000000e+08
1.495734370000000000e+08
1.406918430000000000e+08
1.226150920000000000e+08
1.491759110000000000e+08
1.210508140000000000e+08
1.400741500000000000e+08
1.430294450000000000e+08
1.440709260000000000e+08
1.466531340000000000e+08
1.537433920000000000e+08
1.010997780000000000e+08
1.501648750000000000e+08
1.428528410000000000e+08
1.538537490000000000e+08
1.010387380000000000e+08
1.298124830000000000e+08
1.499353600000000000e+08
1.257222100000000000e+07
1.494737820000000000e+08
1.537134220000000000e+08
1.010145390000000000e+08
1.395254260000000000e+08
1.413072790000000000e+08
1.502728920000000000e+08
1.388346600000000000e+07
1.467312260000000000e+08
1.493937810000000000e+08
1.466878840000000000e+08
1.408959830000000000e+08
1.530786790000000000e+08
1.406589820000000000e+08
1.525609390000000000e+08
1.430227420000000000e+08
1.416071080000000000e+08
1.414713570000000000e+08
1.408971620000000000e+08
1.490599500000000000e+08
1.490391160000000000e+08
1.496003760000000000e+08
1.501645230000000000e+08
1.420870470000000000e+08
1.415450370000000000e+08
1.444636700000000000e+08
1.209334550000000000e+08
1.525376910000000000e+08
1.492743670000000000e+08
1.466369260000000000e+08
1.226110790000000000e+08
1.501006270000000000e+08
1.413064940000000000e+08
1.529855090000000000e+08
1.010989570000000000e+08
1.501887590000000000e+08
1.401415540000000000e+08
1.491547170000000000e+08
1.491027620000000000e+08
1.409388880000000000e+08
1.417701980000000000e+08
1.530286690000000000e+08
1.412699640000000000e+08
1.430435310000000000e+08
1.406361560000000000e+08
1.445396110000000000e+08
1.502454030000000000e+08
1.010161000000000000e+08
1.411287730000000000e+08
1.419107900000000000e+08
1.523571970000000000e+08
1.254889700000000000e+07
1.467295610000000000e+08
1.210916960000000000e+08
1.421046860000000000e+08
1.492526150000000000e+08
1.009214270000000000e+08
1.406096480000000000e+08
1.502481330000000000e+08
1.503930640000000000e+08
1.416271260000000000e+08
1.421468350000000000e+08
1.421091850000000000e+08
1.496252540000000000e+08
1.537969200000000000e+08
1.254851000000000000e+07
1.111760000000000000e+06
1.503931400000000000e+08
1.010140070000000000e+08
1.210918060000000000e+08
1.495020010000000000e+08
1.499908650000000000e+08
1.525034700000000000e+08
1.225224850000000000e+08
1.209595210000000000e+08
1.393267600000000000e+07
1.503931910000000000e+08
1.032159000000000000e+06
1.501636950000000000e+08
1.446002390000000000e+08
1.524711270000000000e+08
1.413075080000000000e+08
1.378616900000000000e+08
1.525743330000000000e+08
1.494729070000000000e+08
1.408941850000000000e+08
1.298123230000000000e+08
1.298104760000000000e+08
1.414235360000000000e+08
1.123659000000000000e+06
1.225748850000000000e+08
1.410297120000000000e+08
1.445046260000000000e+08
1.441426870000000000e+08
1.011390850000000000e+08
1.428738010000000000e+08
1.525373020000000000e+08
1.499712770000000000e+08
1.491213690000000000e+08
1.500659450000000000e+08
1.406361890000000000e+08
1.504392890000000000e+08
1.502743860000000000e+08
1.504317910000000000e+08
1.260830800000000000e+07
1.474263260000000000e+08
1.413085500000000000e+08
1.414357050000000000e+08
1.418051800000000000e+08
1.421427180000000000e+08
1.411224680000000000e+08
1.415428260000000000e+08
1.252688800000000000e+07
1.418078390000000000e+08
1.415275710000000000e+08
1.429790110000000000e+08
1.411210440000000000e+08
1.225222080000000000e+08
1.419750440000000000e+08
1.407616410000000000e+08
1.430438150000000000e+08
1.430221650000000000e+08
1.395253250000000000e+08
1.416800550000000000e+08
1.210892620000000000e+08
1.410281200000000000e+08
1.209328400000000000e+08
1.418114450000000000e+08
1.263198800000000000e+07
1.525373700000000000e+08
1.185879400000000000e+08
1.504318590000000000e+08
1.445766350000000000e+08
1.466528180000000000e+08
1.118436000000000000e+06
1.415282800000000000e+08
1.529650170000000000e+08
1.503891270000000000e+08
1.523718330000000000e+08
1.492743120000000000e+08
1.253225400000000000e+07
1.493915350000000000e+08
1.411538360000000000e+08
1.414238120000000000e+08
1.498395820000000000e+08
1.209791670000000000e+08
1.011401730000000000e+08
1.417135930000000000e+08
1.504308370000000000e+08
1.500645250000000000e+08
1.530780220000000000e+08
1.252212800000000000e+07
1.226171310000000000e+08
1.252928200000000000e+07
1.474718940000000000e+08
1.225068400000000000e+08
1.260711600000000000e+07
1.430428000000000000e+08
1.524730550000000000e+08
1.408287510000000000e+08
1.504427480000000000e+08
1.501857220000000000e+08
1.501897450000000000e+08
1.031383000000000000e+06
1.474554580000000000e+08
1.500302050000000000e+08
1.412876620000000000e+08
1.492476230000000000e+08
1.225773140000000000e+08
1.225754410000000000e+08
1.503931980000000000e+08
1.263244500000000000e+07
1.494795100000000000e+08
1.495719300000000000e+08
1.011004310000000000e+08
1.419805170000000000e+08
1.499339860000000000e+08
1.530776210000000000e+08
1.499332530000000000e+08
1.466924160000000000e+08
1.499143290000000000e+08
1.402076100000000000e+08
1.502493670000000000e+08
1.252995000000000000e+07
1.523597250000000000e+08
1.413327890000000000e+08
1.502496220000000000e+08
1.099825000000000000e+06
1.500651510000000000e+08
1.413065130000000000e+08
1.226100190000000000e+08
1.391120600000000000e+07
1.428843420000000000e+08
1.420816020000000000e+08
1.503904900000000000e+08
1.504305660000000000e+08
1.045737000000000000e+06
1.411235880000000000e+08
1.499022030000000000e+08
1.408576610000000000e+08
1.225554140000000000e+08
1.492477070000000000e+08
1.417131890000000000e+08
1.407600060000000000e+08
1.500992180000000000e+08
1.445390360000000000e+08
1.119355000000000000e+06
1.428697780000000000e+08
1.407617570000000000e+08
1.501444150000000000e+08
1.445145660000000000e+08
1.226100810000000000e+08
1.414230330000000000e+08
1.430242880000000000e+08
1.123858000000000000e+06
1.538357930000000000e+08
1.503592120000000000e+08
1.537424600000000000e+08
1.226142880000000000e+08
1.408984360000000000e+08
1.501472760000000000e+08
1.412809390000000000e+08
1.441491700000000000e+08
1.430244770000000000e+08
1.504311200000000000e+08
1.502457540000000000e+08
1.494771000000000000e+08
1.010989100000000000e+08
1.445401870000000000e+08
1.491051070000000000e+08
1.413277830000000000e+08
1.420522770000000000e+08
1.209573770000000000e+08
1.211563410000000000e+08
1.407552160000000000e+08
1.010402880000000000e+08
1.494977000000000000e+08
1.491772710000000000e+08
1.538346080000000000e+08
1.226146950000000000e+08
1.466914120000000000e+08
1.412712160000000000e+08
1.112635000000000000e+06
1.419413650000000000e+08
1.210511760000000000e+08
1.129485000000000000e+06
1.503574040000000000e+08
1.420193430000000000e+08
1.417719080000000000e+08
1.225755810000000000e+08
1.093420000000000000e+07
1.419449110000000000e+08
1.428515610000000000e+08
1.408993830000000000e+08
1.524724130000000000e+08
1.413071290000000000e+08
1.406884520000000000e+08
1.466538380000000000e+08
1.502721480000000000e+08
1.407547970000000000e+08
1.211575060000000000e+08
1.503009350000000000e+08
1.529725070000000000e+08
1.524694130000000000e+08
1.493474800000000000e+08
1.414697400000000000e+08
1.428680520000000000e+08
1.523589440000000000e+08
1.500297560000000000e+08
1.009216820000000000e+08
1.499135930000000000e+08
1.530454410000000000e+08
1.499912100000000000e+08
1.428688410000000000e+08
1.417527870000000000e+08
1.446216580000000000e+08
1.421096650000000000e+08
1.211572700000000000e+08
1.502478690000000000e+08
1.428328540000000000e+08
1.503015290000000000e+08
1.401584140000000000e+08
1.430434520000000000e+08
1.430422120000000000e+08
1.418109340000000000e+08
1.492699650000000000e+08
1.429847620000000000e+08
1.502454380000000000e+08
1.493915000000000000e+08
1.429455440000000000e+08
1.495999710000000000e+08
1.225568650000000000e+08
1.490371120000000000e+08
1.412684670000000000e+08
1.429841300000000000e+08
1.378609710000000000e+08
1.260567100000000000e+07
1.225567000000000000e+08
1.209601760000000000e+08
1.499922210000000000e+08
1.491749920000000000e+08
1.209740030000000000e+08
1.414265250000000000e+08
1.010174100000000000e+08
1.011393780000000000e+08
1.537244860000000000e+08
1.430283610000000000e+08
1.211058640000000000e+08
1.466919920000000000e+08
1.502493840000000000e+08
1.225773540000000000e+08
1.225038280000000000e+08
1.406342570000000000e+08
1.467266690000000000e+08
1.494236520000000000e+08
1.441428220000000000e+08
1.407606140000000000e+08
1.226139230000000000e+08
1.499938610000000000e+08
1.430234090000000000e+08
1.391141400000000000e+07
1.499024110000000000e+08
1.467275100000000000e+08
1.209586110000000000e+08
1.010158330000000000e+08
1.298883040000000000e+08
1.009759690000000000e+08
1.419416840000000000e+08
1.537254370000000000e+08
1.225423930000000000e+08
1.010143250000000000e+08
1.401225020000000000e+08
1.409691220000000000e+08
1.467254170000000000e+08
1.501090080000000000e+08
1.010393050000000000e+08
1.418099620000000000e+08
1.537974800000000000e+08
1.525908160000000000e+08
1.530278370000000000e+08
1.467245210000000000e+08
1.401421360000000000e+08
1.492516110000000000e+08
1.420828320000000000e+08
1.225423420000000000e+08
1.501458000000000000e+08
1.421057280000000000e+08
1.467612030000000000e+08
1.501899950000000000e+08
1.504315990000000000e+08
1.537086580000000000e+08
1.409698690000000000e+08
1.417579310000000000e+08
1.210110200000000000e+08
1.500683810000000000e+08
1.211055470000000000e+08
1.407588310000000000e+08
1.466922030000000000e+08
1.009931360000000000e+08
1.501665490000000000e+08
1.537990730000000000e+08
1.009896290000000000e+08
1.501004210000000000e+08
1.446519760000000000e+08
1.538340850000000000e+08
1.211335600000000000e+08
1.045298000000000000e+06
1.524758180000000000e+08
1.185743540000000000e+08
1.429843760000000000e+08
1.420158520000000000e+08
1.499344310000000000e+08
1.467609120000000000e+08
1.500294480000000000e+08
1.252391500000000000e+07
1.412119980000000000e+08
1.491206020000000000e+08
1.441021120000000000e+08
1.503592600000000000e+08
1.401414390000000000e+08
1.030555000000000000e+06
1.093517700000000000e+07
1.441802210000000000e+08
1.420858420000000000e+08
1.441658070000000000e+08
1.211345170000000000e+08
1.503933900000000000e+08
1.401572190000000000e+08
1.098402000000000000e+06
1.444651560000000000e+08
1.298096530000000000e+08
1.405973530000000000e+08
1.408038360000000000e+08
1.405965130000000000e+08
1.523610830000000000e+08
1.445390540000000000e+08
1.496301170000000000e+08
1.414727170000000000e+08
1.395493400000000000e+07
1.491758590000000000e+08
1.523622500000000000e+08
1.420513980000000000e+08
1.210490330000000000e+08
1.538367240000000000e+08
1.418230200000000000e+08
1.420513490000000000e+08
1.405805950000000000e+08
1.501072210000000000e+08
1.298112210000000000e+08
1.210922000000000000e+08
1.410307210000000000e+08
1.495417800000000000e+08
1.393349100000000000e+07
1.416254860000000000e+08
1.501650180000000000e+08
1.211568120000000000e+08
1.499021760000000000e+08
1.210081790000000000e+08
1.494445450000000000e+08
1.445218710000000000e+08
1.406301240000000000e+08
1.491766840000000000e+08
1.428881740000000000e+08
1.225767790000000000e+08
1.401424510000000000e+08
1.225430650000000000e+08
1.420876790000000000e+08
1.525028070000000000e+08
1.494495300000000000e+08
1.419112010000000000e+08
1.444974810000000000e+08
1.421098740000000000e+08
1.416221190000000000e+08
1.185887320000000000e+08
1.395256050000000000e+08
1.210259360000000000e+08
1.210114180000000000e+08
1.503891420000000000e+08
1.099498000000000000e+06
1.408565060000000000e+08
1.419101780000000000e+08
1.210898270000000000e+08
1.420873400000000000e+08
1.416123140000000000e+08
1.467132910000000000e+08
1.402069790000000000e+08
1.419779350000000000e+08
1.000790200000000000e+07
1.492188900000000000e+08
1.117953000000000000e+06
1.474574190000000000e+08
1.501626970000000000e+08
1.499713310000000000e+08
1.378849320000000000e+08
1.428858310000000000e+08
1.467251770000000000e+08
1.494976740000000000e+08
1.411263970000000000e+08
1.409004580000000000e+08
1.226693660000000000e+08
1.445379200000000000e+08
1.538386920000000000e+08
1.406878260000000000e+08
1.114345000000000000e+06
1.252312400000000000e+07
1.496011400000000000e+08
1.408615480000000000e+08
1.441626130000000000e+08
1.529642540000000000e+08
1.419779320000000000e+08
1.413336770000000000e+08
1.420861660000000000e+08
1.441486380000000000e+08
1.445968950000000000e+08
1.411519530000000000e+08
1.501855740000000000e+08
1.494448680000000000e+08
1.493926710000000000e+08
1.530468290000000000e+08
1.252292500000000000e+07
1.210781400000000000e+08
1.211589090000000000e+08
1.504308290000000000e+08
1.416081980000000000e+08
1.410966350000000000e+08
1.209315940000000000e+08
1.524776240000000000e+08
1.209567850000000000e+08
1.010175630000000000e+08
1.211575800000000000e+08
1.428741510000000000e+08
1.525076690000000000e+08
1.491607780000000000e+08
1.416059820000000000e+08
1.257224400000000000e+07
1.430414540000000000e+08
1.408900280000000000e+08
1.033534000000000000e+06
1.257109700000000000e+07
1.129300000000000000e+06
1.445996210000000000e+08
1.538572820000000000e+08
1.503906190000000000e+08
1.378623860000000000e+08
1.525610050000000000e+08
1.525044190000000000e+08
1.226158350000000000e+08
1.211572840000000000e+08
1.495418410000000000e+08
1.416856430000000000e+08
1.474697010000000000e+08
1.010163510000000000e+08
1.211587460000000000e+08
1.445220260000000000e+08
1.045390000000000000e+06
1.530669560000000000e+08
1.467288470000000000e+08
1.524754970000000000e+08
1.414142170000000000e+08
1.185906840000000000e+08
1.407619480000000000e+08
1.419797390000000000e+08
1.257268800000000000e+07
1.430225680000000000e+08
1.414257020000000000e+08
1.418086930000000000e+08
1.011262950000000000e+08
1.490376410000000000e+08
1.421072190000000000e+08
1.428736220000000000e+08
1.429768440000000000e+08
1.429315190000000000e+08
1.430219860000000000e+08
1.492184970000000000e+08
1.495988620000000000e+08
1.467244550000000000e+08
1.492526700000000000e+08
1.412163980000000000e+08
1.444821890000000000e+08
1.499706130000000000e+08
1.035472000000000000e+06
1.446528990000000000e+08
1.210086010000000000e+08
1.494231740000000000e+08
1.093132900000000000e+07
1.445056510000000000e+08
1.395514700000000000e+07
1.393712650000000000e+08
1.417554140000000000e+08
1.501886630000000000e+08
1.009213990000000000e+08
1.504315180000000000e+08
1.298103650000000000e+08
1.467113350000000000e+08
1.420825480000000000e+08
1.500642380000000000e+08
1.226702130000000000e+08
1.525073250000000000e+08
1.420178260000000000e+08
1.445967540000000000e+08
1.211586190000000000e+08
1.420847620000000000e+08
1.493484880000000000e+08
1.430218740000000000e+08
1.491551980000000000e+08
1.530467390000000000e+08
1.499759220000000000e+08
1.419454700000000000e+08
1.428524510000000000e+08
1.400748790000000000e+08
1.209583040000000000e+08
1.416825890000000000e+08
1.503903270000000000e+08
1.093173400000000000e+07
1.211355520000000000e+08
1.530936880000000000e+08
1.226166930000000000e+08
1.010693420000000000e+08
1.418699670000000000e+08
1.525030740000000000e+08
1.504428410000000000e+08
1.429819550000000000e+08
1.411552640000000000e+08
1.501422070000000000e+08
1.406320800000000000e+08
1.494793520000000000e+08
1.537961560000000000e+08
1.499880590000000000e+08
1.391191200000000000e+07
1.503221960000000000e+08
1.209586740000000000e+08
1.025574000000000000e+06
1.494979800000000000e+08
1.429309370000000000e+08
1.446020790000000000e+08
1.111971000000000000e+06
1.011011430000000000e+08
1.501431370000000000e+08
1.209767410000000000e+08
1.415307000000000000e+08
1.046434000000000000e+06
1.467094910000000000e+08
1.501001060000000000e+08
1.444966360000000000e+08
1.209779120000000000e+08
1.263078500000000000e+07
1.429435360000000000e+08
1.493471030000000000e+08
1.419802950000000000e+08
1.421066240000000000e+08
1.537107820000000000e+08
1.225567170000000000e+08
1.430712760000000000e+08
1.418253690000000000e+08
1.538393540000000000e+08
1.414729110000000000e+08
1.503564060000000000e+08
1.185743360000000000e+08
1.417083350000000000e+08
1.118180000000000000e+06
1.474703760000000000e+08
1.225550500000000000e+08
1.409433230000000000e+08
1.428520050000000000e+08
1.209603520000000000e+08
1.525049010000000000e+08
1.417699830000000000e+08
1.445210880000000000e+08
1.413063180000000000e+08
1.225569870000000000e+08
1.415484740000000000e+08
1.415448610000000000e+08
1.211574980000000000e+08
1.490393720000000000e+08
1.417560710000000000e+08
1.430713830000000000e+08
1.401387900000000000e+08
1.010140570000000000e+08
1.466890290000000000e+08
1.445033440000000000e+08
1.530655270000000000e+08
1.494497950000000000e+08
1.211584630000000000e+08
1.492519110000000000e+08
1.524694040000000000e+08
1.412720040000000000e+08
1.501426530000000000e+08
1.011006270000000000e+08
1.499301500000000000e+08
1.402061800000000000e+08
1.210059230000000000e+08
1.525370420000000000e+08
1.503011890000000000e+08
1.298408950000000000e+08
1.446007570000000000e+08
1.467106810000000000e+08
1.537117460000000000e+08
1.499346670000000000e+08
1.501071760000000000e+08
1.417551630000000000e+08
1.185878410000000000e+08
1.406356460000000000e+08
1.406584840000000000e+08
1.492489320000000000e+08
1.495726460000000000e+08
1.444979460000000000e+08
1.416278460000000000e+08
1.122660000000000000e+06
1.412127200000000000e+08
1.537412680000000000e+08
1.209750010000000000e+08
1.444645910000000000e+08
1.491784620000000000e+08
1.401228360000000000e+08
1.503012330000000000e+08
1.420146180000000000e+08
1.409987450000000000e+08
1.502711690000000000e+08
1.498474850000000000e+08
1.393694330000000000e+08
1.502753600000000000e+08
1.421058820000000000e+08
1.412820970000000000e+08
1.034117000000000000e+06
1.491245360000000000e+08
1.493036480000000000e+08
1.525020540000000000e+08
1.428665920000000000e+08
1.538545210000000000e+08
1.466370530000000000e+08
1.467305120000000000e+08
1.503572900000000000e+08
1.034389000000000000e+06
1.405975180000000000e+08
1.209321520000000000e+08
1.210783340000000000e+08
1.466869330000000000e+08
1.378622460000000000e+08
1.210917990000000000e+08
1.537431200000000000e+08
1.430287620000000000e+08
1.011019250000000000e+08
1.226172710000000000e+08
1.503213300000000000e+08
1.416069860000000000e+08
1.428862150000000000e+08
1.298884620000000000e+08
1.525937830000000000e+08
1.413270900000000000e+08
1.406301160000000000e+08
1.525721910000000000e+08
1.494979240000000000e+08
1.211565760000000000e+08
1.499722110000000000e+08
1.525623640000000000e+08
1.529657360000000000e+08
1.036309000000000000e+06
1.446215800000000000e+08
1.416100120000000000e+08
1.444823570000000000e+08
1.416104730000000000e+08
1.529662420000000000e+08
1.492160240000000000e+08
1.416806810000000000e+08
1.491007640000000000e+08
1.429772310000000000e+08
1.000872700000000000e+07
1.254726900000000000e+07
1.416114610000000000e+08
1.538014990000000000e+08
1.501667110000000000e+08
1.416272680000000000e+08
1.499898640000000000e+08
1.185898770000000000e+08
1.466543830000000000e+08
1.210766470000000000e+08
1.530666080000000000e+08
1.501880710000000000e+08
1.211328330000000000e+08
1.523720460000000000e+08
1.401216990000000000e+08
1.045149000000000000e+06
1.467088550000000000e+08
1.210487190000000000e+08
1.420827960000000000e+08
1.405984640000000000e+08
1.492531540000000000e+08
1.503617510000000000e+08
1.419429110000000000e+08
1.523718180000000000e+08
1.416060600000000000e+08
1.226860910000000000e+08
1.430441020000000000e+08
1.185736710000000000e+08
1.416816450000000000e+08
1.418673380000000000e+08
1.501072140000000000e+08
1.446527160000000000e+08
1.420526080000000000e+08
1.210497700000000000e+08
1.502732540000000000e+08
1.118593000000000000e+06
1.493015750000000000e+08
1.011252350000000000e+08
1.446205440000000000e+08
1.411226770000000000e+08
1.467615620000000000e+08
1.501673190000000000e+08
1.428522380000000000e+08
1.009750980000000000e+08
1.226115190000000000e+08
1.493461630000000000e+08
1.402074740000000000e+08
1.419444880000000000e+08
1.494241440000000000e+08
1.209777210000000000e+08
1.405275540000000000e+08
1.467315090000000000e+08
1.405994710000000000e+08
1.428858030000000000e+08
1.226865020000000000e+08
1.210096280000000000e+08
1.411561050000000000e+08
1.467244120000000000e+08
1.525892050000000000e+08
1.441096180000000000e+08
1.419140820000000000e+08
1.430231270000000000e+08
1.402074080000000000e+08
1.499895350000000000e+08
1.524718320000000000e+08
1.419094810000000000e+08
1.225576530000000000e+08
1.417110080000000000e+08
1.429764760000000000e+08
1.226115650000000000e+08
1.414828020000000000e+08
1.494236940000000000e+08
1.297840630000000000e+08
1.503216630000000000e+08
1.298097760000000000e+08
1.405991250000000000e+08
1.467286570000000000e+08
1.474558100000000000e+08
1.413342930000000000e+08
1.501918810000000000e+08
1.011026670000000000e+08
1.408264380000000000e+08
1.445053930000000000e+08
1.499350430000000000e+08
1.500304110000000000e+08
1.537122560000000000e+08
1.502720640000000000e+08
1.408998250000000000e+08
1.406579310000000000e+08
1.494995780000000000e+08
1.491254180000000000e+08
1.297845370000000000e+08
1.501855860000000000e+08
1.466360250000000000e+08
1.410923690000000000e+08
1.504316590000000000e+08
1.429847160000000000e+08
1.466869860000000000e+08
1.408943540000000000e+08
1.525602090000000000e+08
1.408598220000000000e+08
1.523590690000000000e+08
1.491213850000000000e+08
1.407601640000000000e+08
1.441021130000000000e+08
1.441103140000000000e+08
1.499026580000000000e+08
1.416220650000000000e+08
1.496008460000000000e+08
1.418708310000000000e+08
1.441498480000000000e+08
1.253180400000000000e+07
1.529846950000000000e+08
1.411212360000000000e+08
1.503585790000000000e+08
1.421065810000000000e+08
1.525020300000000000e+08
1.263271400000000000e+07
1.499722070000000000e+08
1.420855690000000000e+08
1.411272530000000000e+08
1.414223390000000000e+08
1.410936930000000000e+08
1.503226520000000000e+08
1.504304040000000000e+08
1.028751000000000000e+06
1.502454300000000000e+08
1.406361620000000000e+08
1.537416160000000000e+08
1.529694570000000000e+08
1.525891040000000000e+08
1.129165000000000000e+06
1.444642290000000000e+08
1.127591000000000000e+06
1.225067640000000000e+08
1.538554740000000000e+08
1.208971950000000000e+08
1.538565610000000000e+08
1.429846350000000000e+08
1.502709770000000000e+08
1.493025520000000000e+08
1.000769500000000000e+07
1.492744220000000000e+08
1.529694860000000000e+08
1.406334730000000000e+08
1.405766500000000000e+08
1.402060110000000000e+08
1.467292230000000000e+08
1.499032500000000000e+08
1.149409000000000000e+06
1.405798470000000000e+08
1.499023660000000000e+08
1.418658750000000000e+08
1.467328780000000000e+08
1.034263000000000000e+06
1.416267830000000000e+08
1.113595000000000000e+06
1.226096830000000000e+08
1.524752930000000000e+08
1.428525580000000000e+08
1.446534790000000000e+08
1.418241500000000000e+08
1.226146300000000000e+08
1.411875700000000000e+08
1.030288000000000000e+06
1.408016830000000000e+08
1.409462370000000000e+08
1.000728800000000000e+07
1.393331500000000000e+07
1.226162720000000000e+08
1.124571000000000000e+06
1.418237750000000000e+08
1.430284180000000000e+08
1.537988080000000000e+08
1.530780180000000000e+08
1.414139320000000000e+08
1.414253490000000000e+08
1.501855810000000000e+08
1.410962700000000000e+08
1.501087110000000000e+08
1.010708330000000000e+08
1.428750310000000000e+08
1.491600580000000000e+08
1.418241220000000000e+08
1.009927020000000000e+08
1.502709790000000000e+08
1.405796740000000000e+08
1.395252980000000000e+08
1.211583030000000000e+08
1.412881710000000000e+08
1.492173420000000000e+08
1.501664650000000000e+08
1.119071000000000000e+06
1.129033000000000000e+06
1.445976410000000000e+08
1.429396770000000000e+08
1.129452000000000000e+06
1.501873820000000000e+08
1.501418980000000000e+08
1.491800760000000000e+08
1.124730000000000000e+06
1.445047950000000000e+08
1.495381230000000000e+08
1.210897130000000000e+08
1.413085180000000000e+08
1.413332910000000000e+08
1.406089050000000000e+08
1.416119850000000000e+08
1.523616510000000000e+08
1.210074470000000000e+08
1.413355530000000000e+08
1.525032640000000000e+08
1.010587500000000000e+08
1.418062920000000000e+08
1.413274920000000000e+08
1.468029100000000000e+08
1.503616160000000000e+08
1.408030800000000000e+08
1.418264950000000000e+08
1.525721230000000000e+08
1.428682600000000000e+08
1.298109610000000000e+08
1.503231380000000000e+08
1.210492560000000000e+08
1.474561180000000000e+08
1.420191710000000000e+08
1.529686030000000000e+08
1.441021610000000000e+08
1.111838000000000000e+06
1.414137060000000000e+08
1.011245320000000000e+08
1.093510400000000000e+07
1.500317660000000000e+08
1.525896070000000000e+08
1.491027230000000000e+08
1.415442810000000000e+08
1.298635600000000000e+08
1.466533410000000000e+08
1.414290300000000000e+08
1.045151000000000000e+06
1.493467520000000000e+08
1.298871150000000000e+08
1.537972770000000000e+08
1.445760280000000000e+08
1.252769400000000000e+07
1.501879080000000000e+08
1.068962000000000000e+06
1.502469250000000000e+08
1.494443410000000000e+08
1.501015640000000000e+08
1.466531720000000000e+08
1.429397280000000000e+08
1.503223650000000000e+08
1.429827010000000000e+08
1.409978600000000000e+08
1.416075530000000000e+08
1.010172950000000000e+08
1.428328520000000000e+08
1.492534090000000000e+08
1.225558830000000000e+08
1.211335130000000000e+08
1.504426580000000000e+08
1.501676430000000000e+08
1.416255590000000000e+08
1.467331850000000000e+08
1.500327860000000000e+08
1.010136630000000000e+08
1.298131430000000000e+08
1.209735020000000000e+08
1.400719640000000000e+08
1.208988650000000000e+08
1.408581400000000000e+08
1.417693560000000000e+08
1.525736090000000000e+08
1.208972130000000000e+08
1.394850150000000000e+08
1.410953590000000000e+08
1.529708900000000000e+08
1.407589530000000000e+08
1.297827260000000000e+08
1.211578630000000000e+08
1.411870750000000000e+08
1.492197290000000000e+08
1.409389750000000000e+08
1.413351000000000000e+08
1.401223110000000000e+08
1.494738390000000000e+08
1.225214110000000000e+08
1.210087990000000000e+08
1.419139940000000000e+08
1.406085390000000000e+08
1.225223870000000000e+08
1.226084330000000000e+08
1.444964210000000000e+08
1.394851310000000000e+08
1.010147050000000000e+08
1.415420330000000000e+08
1.530297860000000000e+08
1.441477830000000000e+08
1.402062620000000000e+08
1.502491550000000000e+08
1.010018230000000000e+08
1.499897810000000000e+08
1.225570860000000000e+08
1.525370610000000000e+08
1.493020860000000000e+08
1.410946720000000000e+08
1.418238810000000000e+08
1.129777000000000000e+06
1.210899600000000000e+08
1.493479480000000000e+08
1.421053080000000000e+08
1.415456160000000000e+08
1.412168200000000000e+08
1.414809530000000000e+08
1.504435130000000000e+08
1.496255800000000000e+08
1.401225950000000000e+08
1.530458070000000000e+08
1.491759650000000000e+08
1.466902610000000000e+08
1.441249700000000000e+08
1.011400560000000000e+08
1.418092200000000000e+08
1.413345740000000000e+08
1.495031440000000000e+08
1.493477720000000000e+08
1.402049420000000000e+08
1.445389150000000000e+08
1.500627720000000000e+08
1.537106540000000000e+08
1.225429580000000000e+08
1.499345540000000000e+08
1.491242180000000000e+08
1.419762470000000000e+08
1.114115000000000000e+06
1.529655820000000000e+08
1.441101670000000000e+08
1.504382370000000000e+08
1.430426960000000000e+08
1.441807250000000000e+08
1.225553640000000000e+08
1.538566310000000000e+08
1.226120910000000000e+08
1.441625670000000000e+08
1.529697070000000000e+08
1.429447510000000000e+08
1.011391030000000000e+08
1.500314430000000000e+08
1.210073040000000000e+08
1.529726890000000000e+08
1.298133930000000000e+08
1.446195640000000000e+08
1.093537900000000000e+07
1.501014720000000000e+08
1.009214540000000000e+08
1.428697020000000000e+08
1.423512430000000000e+08
1.445154110000000000e+08
1.391464700000000000e+07
1.416249790000000000e+08
1.210263310000000000e+08
1.420836290000000000e+08
1.417562130000000000e+08
1.504277900000000000e+08
1.419744950000000000e+08
1.501065530000000000e+08
1.421492420000000000e+08
1.430283270000000000e+08
1.210773990000000000e+08
1.391173700000000000e+07
1.466530160000000000e+08
1.444640530000000000e+08
1.537988900000000000e+08
1.211582600000000000e+08
1.495991890000000000e+08
1.226087800000000000e+08
1.254781100000000000e+07
1.405110690000000000e+08
1.499711130000000000e+08
1.428859040000000000e+08
1.523586670000000000e+08
1.209576730000000000e+08
1.210094380000000000e+08
1.445235120000000000e+08
1.529721200000000000e+08
1.525026500000000000e+08
1.537998820000000000e+08
1.394836570000000000e+08
1.440708780000000000e+08
1.444806150000000000e+08
1.501445700000000000e+08
1.496306770000000000e+08
1.467129400000000000e+08
1.429383670000000000e+08
1.405981790000000000e+08
1.209319260000000000e+08
1.185881760000000000e+08
1.474585060000000000e+08
1.445033120000000000e+08
1.413089870000000000e+08
1.226083370000000000e+08
1.298156170000000000e+08
1.503223220000000000e+08
1.499903670000000000e+08
1.263062600000000000e+07
1.467613680000000000e+08
1.428761640000000000e+08
1.416851800000000000e+08
1.501434240000000000e+08
1.428746310000000000e+08
1.529696870000000000e+08
1.225594000000000000e+08
1.410269030000000000e+08
1.503569060000000000e+08
1.474719120000000000e+08
1.415444940000000000e+08
1.257255600000000000e+07
1.416283390000000000e+08
1.428658090000000000e+08
1.030783000000000000e+06
1.416122210000000000e+08
1.494205960000000000e+08
1.503011090000000000e+08
1.428893380000000000e+08
1.500349480000000000e+08
1.000756100000000000e+07
1.410960710000000000e+08
1.429771050000000000e+08
1.445970530000000000e+08
1.420172650000000000e+08
1.388459900000000000e+07
1.494506120000000000e+08
1.496307540000000000e+08
1.185895020000000000e+08
1.493067690000000000e+08
1.496011560000000000e+08
1.210901590000000000e+08
1.494976620000000000e+08
1.415275790000000000e+08
1.503902600000000000e+08
1.495732640000000000e+08
1.504304310000000000e+08
1.208949280000000000e+08
1.504378990000000000e+08
1.421078210000000000e+08
1.474695870000000000e+08
1.493475340000000000e+08
1.501887580000000000e+08
1.525375670000000000e+08
1.210114380000000000e+08
1.538350920000000000e+08
1.417094360000000000e+08
1.501627390000000000e+08
1.405803360000000000e+08
1.391165900000000000e+07
1.420484470000000000e+08
1.492180720000000000e+08
1.000755000000000000e+07
1.010171590000000000e+08
1.263160500000000000e+07
1.530665710000000000e+08
1.417127260000000000e+08
1.530447340000000000e+08
1.209562360000000000e+08
1.413075920000000000e+08
1.211054660000000000e+08
1.031299000000000000e+06
1.496644230000000000e+08
1.401232640000000000e+08
1.226168510000000000e+08
1.411233490000000000e+08
1.496282160000000000e+08
1.491073600000000000e+08
1.504407550000000000e+08
1.500985420000000000e+08
1.415318100000000000e+08
1.409723680000000000e+08
1.492713030000000000e+08
1.034432000000000000e+06
1.401217020000000000e+08
1.225037330000000000e+08
1.525740130000000000e+08
1.428512600000000000e+08
1.408298640000000000e+08
1.491231400000000000e+08
1.253077700000000000e+07
1.428734440000000000e+08
1.525611080000000000e+08
1.225582710000000000e+08
1.413072980000000000e+08
1.495986760000000000e+08
1.491770490000000000e+08
1.501401660000000000e+08
1.226704680000000000e+08
1.491561800000000000e+08
1.474573340000000000e+08
1.417714830000000000e+08
1.210240990000000000e+08
1.209166810000000000e+08
1.407990350000000000e+08
1.503236430000000000e+08
1.211063260000000000e+08
1.474701590000000000e+08
1.209315650000000000e+08
1.493905650000000000e+08
1.415464810000000000e+08
1.530669780000000000e+08
1.441217260000000000e+08
1.210891370000000000e+08
1.127460000000000000e+06
1.428853690000000000e+08
1.417572300000000000e+08
1.400730340000000000e+08
1.445045010000000000e+08
1.210076020000000000e+08
1.503201780000000000e+08
1.225425690000000000e+08
1.421426020000000000e+08
1.298153180000000000e+08
1.525031790000000000e+08
1.409411530000000000e+08
1.523603700000000000e+08
1.263255800000000000e+07
1.298101030000000000e+08
1.225048260000000000e+08
1.254735800000000000e+07
1.524702120000000000e+08
1.501657350000000000e+08
1.225749400000000000e+08
1.529649700000000000e+08
1.500625020000000000e+08
1.210483110000000000e+08
1.415478300000000000e+08
1.226181590000000000e+08
1.499135980000000000e+08
1.413335910000000000e+08
1.419417080000000000e+08
1.491012260000000000e+08
1.494501520000000000e+08
1.529666360000000000e+08
1.401436570000000000e+08
1.494975430000000000e+08
1.466920320000000000e+08
1.530460660000000000e+08
1.523595530000000000e+08
1.209550330000000000e+08
1.524719780000000000e+08
1.494791340000000000e+08
1.530789590000000000e+08
1.444968190000000000e+08
1.252199700000000000e+07
1.429288370000000000e+08
1.420854910000000000e+08
1.502721310000000000e+08
1.523616840000000000e+08
1.298623230000000000e+08
1.391194900000000000e+07
1.419740660000000000e+08
1.429841350000000000e+08
1.185743890000000000e+08
1.409382470000000000e+08
1.524699910000000000e+08
1.529834710000000000e+08
1.503199680000000000e+08
1.416094300000000000e+08
1.226089820000000000e+08
1.009898180000000000e+08
1.420817110000000000e+08
1.413282920000000000e+08
1.412128810000000000e+08
1.441198520000000000e+08
1.445030410000000000e+08
1.428522890000000000e+08
1.495405250000000000e+08
1.417722920000000000e+08
1.225412200000000000e+08
1.529846980000000000e+08
1.493466750000000000e+08
1.499708750000000000e+08
1.254931200000000000e+07
1.537084600000000000e+08
1.525626460000000000e+08
1.504306460000000000e+08
1.414801760000000000e+08
1.410250900000000000e+08
1.529647920000000000e+08
1.010587280000000000e+08
1.474563280000000000e+08
1.502753090000000000e+08
1.419770860000000000e+08
1.525713880000000000e+08
1.537126970000000000e+08
1.410970270000000000e+08
1.417556000000000000e+08
1.401579110000000000e+08
1.445751420000000000e+08
1.501449410000000000e+08
1.209559710000000000e+08
1.257113900000000000e+07
1.525084590000000000e+08
1.011010720000000000e+08
1.420183280000000000e+08
1.209761060000000000e+08
1.466874190000000000e+08
1.428887740000000000e+08
1.500643910000000000e+08
1.210917260000000000e+08
1.252579700000000000e+07
1.225749490000000000e+08
1.009912750000000000e+08
1.034832000000000000e+06
1.445406880000000000e+08
1.391597400000000000e+07
1.446205230000000000e+08
1.417091010000000000e+08
1.417572940000000000e+08
1.406083260000000000e+08
1.429294810000000000e+08
1.499705890000000000e+08
1.499140720000000000e+08
1.429379550000000000e+08
1.492186830000000000e+08
1.210090610000000000e+08
1.209731830000000000e+08
1.208951160000000000e+08
1.441103620000000000e+08
1.208983500000000000e+08
1.501657400000000000e+08
1.499025390000000000e+08
1.414804340000000000e+08
1.495390160000000000e+08
1.409978180000000000e+08
1.537107970000000000e+08
1.009758900000000000e+08
1.444635250000000000e+08
1.501022270000000000e+08
1.428756600000000000e+08
1.428662270000000000e+08
1.537414280000000000e+08
1.252996000000000000e+07
1.523592810000000000e+08
1.413088310000000000e+08
1.263191200000000000e+07
1.441260520000000000e+08
1.430291420000000000e+08
1.298096240000000000e+08
1.537979770000000000e+08
1.150363000000000000e+06
1.010402690000000000e+08
1.428892160000000000e+08
1.257368800000000000e+07
1.413357870000000000e+08
1.524775530000000000e+08
1.503591980000000000e+08
1.413275800000000000e+08
1.428741310000000000e+08
1.402053730000000000e+08
1.525928700000000000e+08
1.225602550000000000e+08
1.493476290000000000e+08
1.408932380000000000e+08
1.419454650000000000e+08
1.415280600000000000e+08
1.185897960000000000e+08
1.420856410000000000e+08
1.446214200000000000e+08
1.025149000000000000e+06
1.410301680000000000e+08
1.494733940000000000e+08
1.446532130000000000e+08
1.119096000000000000e+06
1.467316300000000000e+08
1.419092810000000000e+08
1.491039410000000000e+08
1.210791320000000000e+08
1.493920920000000000e+08
1.441432550000000000e+08
1.208886370000000000e+08
1.420874510000000000e+08
1.467306220000000000e+08
1.537231830000000000e+08
1.490595840000000000e+08
1.525892860000000000e+08
1.498396460000000000e+08
1.211578670000000000e+08
1.378850770000000000e+08
1.406306350000000000e+08
1.493882650000000000e+08
1.418705890000000000e+08
1.415264390000000000e+08
1.210502430000000000e+08
1.029624000000000000e+06
1.492489690000000000e+08
1.466911670000000000e+08
1.406335680000000000e+08
1.378404420000000000e+08
1.009941040000000000e+08
1.225552440000000000e+08
1.225051440000000000e+08
1.417658360000000000e+08
1.494731710000000000e+08
1.417577320000000000e+08
1.226135130000000000e+08
1.466541330000000000e+08
1.501422690000000000e+08
1.441412710000000000e+08
1.446534460000000000e+08
1.412104480000000000e+08
1.414117130000000000e+08
1.525075650000000000e+08
1.406082300000000000e+08
1.416834000000000000e+08
1.298154840000000000e+08
1.430280970000000000e+08
1.209570860000000000e+08
1.429314850000000000e+08
1.252674500000000000e+07
1.411553520000000000e+08
1.225222710000000000e+08
1.529739860000000000e+08
1.496290770000000000e+08
1.416854650000000000e+08
1.441031390000000000e+08
1.419765980000000000e+08
1.413321080000000000e+08
1.210510650000000000e+08
1.421460510000000000e+08
1.525059480000000000e+08
1.210909960000000000e+08
1.226715190000000000e+08
1.495390580000000000e+08
1.186543000000000000e+08
1.298381300000000000e+08
1.500652440000000000e+08
1.405999720000000000e+08
1.298147810000000000e+08
1.494238510000000000e+08
1.467608730000000000e+08
1.416218030000000000e+08
1.466552360000000000e+08
1.500303230000000000e+08
1.501056030000000000e+08
1.118965000000000000e+06
1.412881400000000000e+08
1.467311900000000000e+08
1.257225100000000000e+07
1.226102850000000000e+08
1.414727770000000000e+08
1.418238820000000000e+08
1.421445940000000000e+08
1.412814950000000000e+08
1.537965570000000000e+08
1.009212700000000000e+08
1.502744870000000000e+08
1.441804440000000000e+08
1.408977320000000000e+08
1.010033750000000000e+08
1.210071900000000000e+08
1.257377400000000000e+07
1.225036880000000000e+08
1.419115190000000000e+08
1.253201000000000000e+07
1.446524260000000000e+08
1.491610750000000000e+08
1.418114320000000000e+08
1.114381000000000000e+06
1.503599820000000000e+08
1.445745760000000000e+08
1.127571000000000000e+06
1.526208270000000000e+08
1.421482280000000000e+08
1.493517760000000000e+08
1.009904090000000000e+08
1.538394770000000000e+08
1.418262290000000000e+08
1.409715450000000000e+08
1.441626060000000000e+08
1.298152090000000000e+08
1.495398940000000000e+08
1.446220050000000000e+08
1.406889410000000000e+08
1.502729650000000000e+08
1.408947030000000000e+08
1.226704210000000000e+08
1.495014850000000000e+08
1.504418100000000000e+08
1.537247020000000000e+08
1.298883340000000000e+08
1.530448630000000000e+08
1.501075390000000000e+08
1.034145000000000000e+06
1.494979040000000000e+08
1.416829310000000000e+08
1.492183500000000000e+08
1.417573260000000000e+08
1.010016140000000000e+08
1.495398420000000000e+08
1.529730690000000000e+08
1.000682100000000000e+07
1.031795000000000000e+06
1.500989790000000000e+08
1.421076180000000000e+08
1.419759030000000000e+08
1.406874460000000000e+08
1.494992920000000000e+08
1.010575710000000000e+08
1.537979300000000000e+08
1.430243430000000000e+08
1.441662260000000000e+08
1.467291020000000000e+08
1.503233340000000000e+08
1.441201280000000000e+08
1.185725820000000000e+08
1.502497710000000000e+08
1.257160800000000000e+07
1.010393320000000000e+08
1.411241440000000000e+08
1.492531730000000000e+08
1.529639350000000000e+08
1.418688360000000000e+08
1.466901070000000000e+08
1.467253870000000000e+08
1.011037600000000000e+08
1.491763050000000000e+08
1.419456890000000000e+08
1.499353650000000000e+08
1.501660910000000000e+08
1.493925740000000000e+08
1.446516230000000000e+08
1.466868930000000000e+08
1.401215780000000000e+08
1.033222000000000000e+06
1.420860810000000000e+08
1.406872140000000000e+08
1.010388580000000000e+08
1.211041780000000000e+08
1.537134270000000000e+08
1.496026150000000000e+08
1.444648520000000000e+08
1.467256020000000000e+08
1.112323000000000000e+06
1.499734670000000000e+08
1.430414590000000000e+08
1.035713000000000000e+06
1.419136470000000000e+08
1.252608600000000000e+07
1.502486560000000000e+08
1.538017150000000000e+08
1.298631820000000000e+08
1.414713920000000000e+08
1.417574410000000000e+08
1.209602350000000000e+08
1.492179370000000000e+08
1.226092680000000000e+08
1.378838620000000000e+08
1.502722770000000000e+08
1.496308240000000000e+08
1.537108750000000000e+08
1.417568210000000000e+08
1.430437110000000000e+08
1.501663970000000000e+08
1.391592200000000000e+07
1.412151410000000000e+08
1.428512950000000000e+08
1.420146200000000000e+08
1.419153670000000000e+08
1.525385150000000000e+08
1.441020170000000000e+08
1.298148510000000000e+08
1.491796070000000000e+08
1.226696200000000000e+08
1.474594250000000000e+08
1.210077790000000000e+08
1.428671740000000000e+08
1.428651860000000000e+08
1.501887360000000000e+08
1.226089790000000000e+08
1.010034120000000000e+08
1.529703880000000000e+08
1.257401800000000000e+07
1.210911590000000000e+08
1.503557640000000000e+08
1.500639970000000000e+08
1.492190920000000000e+08
1.417092960000000000e+08
1.467125270000000000e+08
1.529651550000000000e+08
1.529696950000000000e+08
1.418117340000000000e+08
1.415279650000000000e+08
1.441489250000000000e+08
1.501069480000000000e+08
1.028594000000000000e+06
1.499317540000000000e+08
1.413358860000000000e+08
1.417701210000000000e+08
1.418052200000000000e+08
1.412817420000000000e+08
1.525728970000000000e+08
1.410303920000000000e+08
1.428695870000000000e+08
1.445219560000000000e+08
1.413277060000000000e+08
1.407968540000000000e+08
1.421078330000000000e+08
1.499717540000000000e+08
1.494743870000000000e+08
1.410919230000000000e+08
1.474712780000000000e+08
1.226148510000000000e+08
1.420517860000000000e+08
1.530295040000000000e+08
1.421077560000000000e+08
1.210091680000000000e+08
1.428690130000000000e+08
1.298884820000000000e+08
1.257358700000000000e+07
1.253056700000000000e+07
1.409431850000000000e+08
1.010147190000000000e+08
1.416231740000000000e+08
1.388355100000000000e+07
1.538385810000000000e+08
1.210795370000000000e+08
1.503925840000000000e+08
1.467267620000000000e+08
1.525373180000000000e+08
1.421455340000000000e+08
1.416252740000000000e+08
1.496258120000000000e+08
1.502965600000000000e+08
1.428686210000000000e+08
1.406630570000000000e+08
1.226098410000000000e+08
1.405761740000000000e+08
1.496307340000000000e+08
1.093756100000000000e+07
1.408929380000000000e+08
1.298406340000000000e+08
1.225576170000000000e+08
1.225568440000000000e+08
1.226120550000000000e+08
1.414845090000000000e+08
1.501479850000000000e+08
1.501873730000000000e+08
1.226711150000000000e+08
1.210502290000000000e+08
1.410262670000000000e+08
1.093422600000000000e+07
1.499345900000000000e+08
1.414711050000000000e+08
1.011394530000000000e+08
1.417141910000000000e+08
1.430713640000000000e+08
1.226125100000000000e+08
1.500295380000000000e+08
1.494459280000000000e+08
1.401430530000000000e+08
1.429819560000000000e+08
1.467290420000000000e+08
1.445232030000000000e+08
1.411860750000000000e+08
1.251147100000000000e+07
1.010990680000000000e+08
1.388387200000000000e+07
1.185893370000000000e+08
1.093749300000000000e+07
1.492181000000000000e+08
1.414071590000000000e+08
1.525074570000000000e+08
1.412710780000000000e+08
1.011013900000000000e+08
1.420500460000000000e+08
1.405783040000000000e+08
1.504403620000000000e+08
1.537232280000000000e+08
1.441091510000000000e+08
1.409683570000000000e+08
1.411852700000000000e+08
1.210114120000000000e+08
1.445034030000000000e+08
1.420528760000000000e+08
1.445399690000000000e+08
1.493478050000000000e+08
1.412119660000000000e+08
1.421060960000000000e+08
1.420819730000000000e+08
1.417126540000000000e+08
1.414793100000000000e+08
1.406868390000000000e+08
1.401424270000000000e+08
1.538522040000000000e+08
1.428508780000000000e+08
1.420829420000000000e+08
1.010145230000000000e+08
1.226168070000000000e+08
1.529707310000000000e+08
1.010592200000000000e+08
1.226098460000000000e+08
1.428690660000000000e+08
1.210904070000000000e+08
1.496014080000000000e+08
1.010141930000000000e+08
1.501641240000000000e+08
1.466878330000000000e+08
1.445969110000000000e+08
1.441022870000000000e+08
1.446200930000000000e+08
1.492152620000000000e+08
1.523726810000000000e+08
1.406873820000000000e+08
1.225559560000000000e+08
1.421423160000000000e+08
1.393716000000000000e+08
1.493025070000000000e+08
1.225757420000000000e+08
1.499879400000000000e+08
1.538398610000000000e+08
1.208952250000000000e+08
1.501053500000000000e+08
1.494980990000000000e+08
1.226705540000000000e+08
1.423157690000000000e+08
1.525093500000000000e+08
1.409718420000000000e+08
1.501072620000000000e+08
1.298132900000000000e+08
1.401396730000000000e+08
1.114132000000000000e+06
1.525940220000000000e+08
1.499756760000000000e+08
1.000707600000000000e+07
1.498395090000000000e+08
1.523605460000000000e+08
1.225220610000000000e+08
1.428663120000000000e+08
1.413086610000000000e+08
1.524767560000000000e+08
1.210070480000000000e+08
1.499880680000000000e+08
1.420816230000000000e+08
1.523594130000000000e+08
1.537099320000000000e+08
1.011030910000000000e+08
1.405992840000000000e+08
1.411571610000000000e+08
1.423508890000000000e+08
1.412802550000000000e+08
1.413288750000000000e+08
1.414861050000000000e+08
1.537091210000000000e+08
1.467119580000000000e+08
1.491545770000000000e+08
1.503615130000000000e+08
1.492514430000000000e+08
1.418105290000000000e+08
1.524704890000000000e+08
1.210793590000000000e+08
1.491548210000000000e+08
1.401215830000000000e+08
1.538014450000000000e+08
1.226865740000000000e+08
1.414125320000000000e+08
1.529737980000000000e+08
1.494498880000000000e+08
1.525072300000000000e+08
1.010991790000000000e+08
1.445753670000000000e+08
1.525064700000000000e+08
1.413267280000000000e+08
1.210264120000000000e+08
1.529854020000000000e+08
1.467136620000000000e+08
1.031405000000000000e+06
1.441423470000000000e+08
1.378613810000000000e+08
1.494223640000000000e+08
1.011005990000000000e+08
1.529703620000000000e+08
1.394850320000000000e+08
1.211354400000000000e+08
1.093209400000000000e+07
1.009217630000000000e+08
1.113193000000000000e+06
1.498477470000000000e+08
1.298104590000000000e+08
1.504319200000000000e+08
1.501048080000000000e+08
1.010391810000000000e+08
1.495391580000000000e+08
1.491587240000000000e+08
1.467256420000000000e+08
1.503905430000000000e+08
1.418115400000000000e+08
1.420167670000000000e+08
1.500633210000000000e+08
1.011392340000000000e+08
1.446220820000000000e+08
1.502726560000000000e+08
1.474717060000000000e+08
1.502733010000000000e+08
1.538397360000000000e+08
1.030997000000000000e+06
1.414357580000000000e+08
1.124725000000000000e+06
1.210060210000000000e+08
1.099199000000000000e+06
1.210076610000000000e+08
1.491587890000000000e+08
1.128207000000000000e+06
1.226862790000000000e+08
1.501647950000000000e+08
1.501469730000000000e+08
1.393705370000000000e+08
1.411209400000000000e+08
1.420868120000000000e+08
1.225744750000000000e+08
1.210867810000000000e+08
1.445058260000000000e+08
1.297846400000000000e+08
1.529704680000000000e+08
1.537433170000000000e+08
1.011397710000000000e+08
1.503593250000000000e+08
1.225424830000000000e+08
1.503927530000000000e+08
1.538015660000000000e+08
1.410247990000000000e+08
1.445985690000000000e+08
1.413345850000000000e+08
1.010028980000000000e+08
1.401425310000000000e+08
1.525610340000000000e+08
1.408937220000000000e+08
1.209602090000000000e+08
1.491792260000000000e+08
1.523721680000000000e+08
1.402053500000000000e+08
1.420520860000000000e+08
1.467607910000000000e+08
1.414736170000000000e+08
1.412677910000000000e+08
1.495745420000000000e+08
1.538399050000000000e+08
1.429765800000000000e+08
1.467113710000000000e+08
1.400721130000000000e+08
1.011248040000000000e+08
1.129343000000000000e+06
1.225220140000000000e+08
1.417718310000000000e+08
1.378840340000000000e+08
1.252614100000000000e+07
1.413073070000000000e+08
1.421079220000000000e+08
1.529839950000000000e+08
1.411863250000000000e+08
1.496312890000000000e+08
1.225038400000000000e+08
1.400745170000000000e+08
1.409388040000000000e+08
1.226862770000000000e+08
1.499721020000000000e+08
1.409394640000000000e+08
1.393693330000000000e+08
1.441041640000000000e+08
1.226171620000000000e+08
1.441252340000000000e+08
1.210910480000000000e+08
1.208972970000000000e+08
1.416112370000000000e+08
1.208952650000000000e+08
1.501665260000000000e+08
1.420487460000000000e+08
1.209330120000000000e+08
1.502737120000000000e+08
1.411265590000000000e+08
1.254650900000000000e+07
1.298138140000000000e+08
1.421093900000000000e+08
1.405786060000000000e+08
1.428845920000000000e+08
1.252844700000000000e+07
1.100206000000000000e+06
1.418678950000000000e+08
1.446019090000000000e+08
1.503008700000000000e+08
1.502490230000000000e+08
1.428747350000000000e+08
1.093248000000000000e+07
1.474591550000000000e+08
1.495703800000000000e+08
1.500292720000000000e+08
1.428523180000000000e+08
1.030078000000000000e+06
1.501887780000000000e+08
1.525895770000000000e+08
1.529677160000000000e+08
1.529854700000000000e+08
1.410948610000000000e+08
1.414220960000000000e+08
1.495736590000000000e+08
1.525607590000000000e+08
1.210064350000000000e+08
1.415433180000000000e+08
1.499885230000000000e+08
1.421447290000000000e+08
1.429442900000000000e+08
1.496030710000000000e+08
1.009744420000000000e+08
1.420490250000000000e+08
1.496023080000000000e+08
1.428848150000000000e+08
1.011001270000000000e+08
1.496280340000000000e+08
1.419090980000000000e+08
1.417528830000000000e+08
1.501512620000000000e+08
1.413089760000000000e+08
1.398472800000000000e+07
1.414820690000000000e+08
1.503236840000000000e+08
1.474586310000000000e+08
1.393691070000000000e+08
1.502995760000000000e+08
1.502447200000000000e+08
1.490599540000000000e+08
1.467606460000000000e+08
1.420184640000000000e+08
1.225571040000000000e+08
1.441802100000000000e+08
1.417661440000000000e+08
1.297848510000000000e+08
1.466893110000000000e+08
1.538357010000000000e+08
1.413335730000000000e+08
1.420161190000000000e+08
1.429610560000000000e+08
1.045665000000000000e+06
1.210116920000000000e+08
1.493479920000000000e+08
1.112837000000000000e+06
1.493472960000000000e+08
1.225429850000000000e+08
1.501454380000000000e+08
1.414840550000000000e+08
1.412804500000000000e+08
1.445209820000000000e+08
1.537986020000000000e+08
1.209165740000000000e+08
1.226872470000000000e+08
1.409985220000000000e+08
1.211351840000000000e+08
1.406320370000000000e+08
1.491553600000000000e+08
1.502487620000000000e+08
1.411871260000000000e+08
1.408308740000000000e+08
1.210767390000000000e+08
1.420816740000000000e+08
1.412821360000000000e+08
1.496310350000000000e+08
1.525747510000000000e+08
1.430438640000000000e+08
1.209764790000000000e+08
1.225049310000000000e+08
1.420486910000000000e+08
1.503569030000000000e+08
1.117070000000000000e+06
1.525046370000000000e+08
1.499738790000000000e+08
1.428753640000000000e+08
1.414358160000000000e+08
1.503605510000000000e+08
1.225416070000000000e+08
1.525900340000000000e+08
1.493481010000000000e+08
1.009924860000000000e+08
1.406922800000000000e+08
1.009924570000000000e+08
1.491268100000000000e+08
1.530293970000000000e+08
1.493490370000000000e+08
1.028584000000000000e+06
1.024991000000000000e+06
1.185728030000000000e+08
1.418676270000000000e+08
1.225223260000000000e+08
1.524691690000000000e+08
1.441201830000000000e+08
1.428759380000000000e+08
1.503589910000000000e+08
1.416106610000000000e+08
1.225760600000000000e+08
1.503248410000000000e+08
1.420851920000000000e+08
1.430234440000000000e+08
1.444826330000000000e+08
1.414813110000000000e+08
1.413087690000000000e+08
1.378623310000000000e+08
1.413282790000000000e+08
1.505132760000000000e+08
1.430223200000000000e+08
1.416278690000000000e+08
1.412844110000000000e+08
1.441022330000000000e+08
1.499762760000000000e+08
1.414234160000000000e+08
1.525376920000000000e+08
1.418112610000000000e+08
1.010020710000000000e+08
1.529686460000000000e+08
1.413323340000000000e+08
1.503919080000000000e+08
1.500646950000000000e+08
1.211069320000000000e+08
1.420826420000000000e+08
1.498395250000000000e+08
1.298383700000000000e+08
1.225225740000000000e+08
1.298099000000000000e+08
1.429306060000000000e+08
1.209336190000000000e+08
1.411842070000000000e+08
1.226094800000000000e+08
1.226143940000000000e+08
1.440707640000000000e+08
1.414358180000000000e+08
1.498417070000000000e+08
1.419438080000000000e+08
1.408283330000000000e+08
1.505138240000000000e+08
1.410930290000000000e+08
1.529645950000000000e+08
1.210065410000000000e+08
1.409404930000000000e+08
1.418235040000000000e+08
1.445994060000000000e+08
1.537250690000000000e+08
1.412876610000000000e+08
1.493907100000000000e+08
1.010149970000000000e+08
1.413347930000000000e+08
1.420521870000000000e+08
1.503196390000000000e+08
1.401435060000000000e+08
1.530670670000000000e+08
1.298083910000000000e+08
1.493906480000000000e+08
1.523720690000000000e+08
1.196529000000000000e+06
1.416256050000000000e+08
1.491794510000000000e+08
1.225221670000000000e+08
1.429844380000000000e+08
1.406638850000000000e+08
1.500995110000000000e+08
1.252940500000000000e+07
1.416864550000000000e+08
1.441477500000000000e+08
1.467257430000000000e+08
1.416266340000000000e+08
1.411876250000000000e+08
1.499732810000000000e+08
1.410308250000000000e+08
1.011018830000000000e+08
1.467298410000000000e+08
1.413284250000000000e+08
1.491549270000000000e+08
1.430224580000000000e+08
1.499731960000000000e+08
1.501656570000000000e+08
1.503247870000000000e+08
1.009755240000000000e+08
1.418117560000000000e+08
1.418230410000000000e+08
1.495391010000000000e+08
1.529691810000000000e+08
1.494975790000000000e+08
1.406356670000000000e+08
1.000854700000000000e+07
1.446193340000000000e+08
1.421485870000000000e+08
1.009215720000000000e+08
1.010175020000000000e+08
1.298102290000000000e+08
1.401222300000000000e+08
1.441493720000000000e+08
1.112513000000000000e+06
1.529725310000000000e+08
1.414071490000000000e+08
1.498477190000000000e+08
1.405120850000000000e+08
1.499718280000000000e+08
1.441488180000000000e+08
1.411839010000000000e+08
1.492194960000000000e+08
1.502724470000000000e+08
1.429446770000000000e+08
1.445389170000000000e+08
1.416078980000000000e+08
1.466876620000000000e+08
1.446222420000000000e+08
1.467327240000000000e+08
1.405111410000000000e+08
1.495384800000000000e+08
1.500635800000000000e+08
1.129237000000000000e+06
1.257415900000000000e+07
1.009739480000000000e+08
1.428684790000000000e+08
1.417085460000000000e+08
1.523725570000000000e+08
1.445056450000000000e+08
1.504281350000000000e+08
1.494981980000000000e+08
1.417542910000000000e+08
1.494220870000000000e+08
1.466549260000000000e+08
1.444807410000000000e+08
1.010158770000000000e+08
1.496006390000000000e+08
1.210107070000000000e+08
1.494744940000000000e+08
1.525374790000000000e+08
1.503933020000000000e+08
1.524766570000000000e+08
1.491753960000000000e+08
1.225225010000000000e+08
1.499300840000000000e+08
1.402055200000000000e+08
1.445968880000000000e+08
1.408923730000000000e+08
1.225564680000000000e+08
1.496657550000000000e+08
1.419102910000000000e+08
1.407974640000000000e+08
1.419437230000000000e+08
1.409986720000000000e+08
1.499715370000000000e+08
1.034756000000000000e+06
1.529701970000000000e+08
1.260517800000000000e+07
1.429779280000000000e+08
1.445142680000000000e+08
1.210117200000000000e+08
1.394852160000000000e+08
1.411851420000000000e+08
1.010991150000000000e+08
1.428696110000000000e+08
1.405787910000000000e+08
1.209572860000000000e+08
1.538372200000000000e+08
1.505135910000000000e+08
1.495395520000000000e+08
1.010703470000000000e+08
1.225225480000000000e+08
1.499134190000000000e+08
1.260544100000000000e+07
1.210497160000000000e+08
1.504370650000000000e+08
1.496014510000000000e+08
1.186528830000000000e+08
1.210246120000000000e+08
1.410297870000000000e+08
1.529668030000000000e+08
1.400738530000000000e+08
1.419796960000000000e+08
1.416246590000000000e+08
1.445973060000000000e+08
1.411534720000000000e+08
1.251166700000000000e+07
1.466882600000000000e+08
1.441038410000000000e+08
1.501066010000000000e+08
1.441625500000000000e+08
1.419756200000000000e+08
1.441104150000000000e+08
1.441223020000000000e+08
1.467275610000000000e+08
1.502497370000000000e+08
1.501428060000000000e+08
1.011012400000000000e+08
1.010990310000000000e+08
1.500296710000000000e+08
1.494783610000000000e+08
1.409983370000000000e+08
1.430226880000000000e+08
1.503600850000000000e+08
1.441260530000000000e+08
1.298151890000000000e+08
1.420175870000000000e+08
1.504294810000000000e+08
1.494231520000000000e+08
1.128333000000000000e+06
1.421431150000000000e+08
1.499900980000000000e+08
1.009945800000000000e+08
1.491612000000000000e+08
1.410247240000000000e+08
1.226699690000000000e+08
1.411529310000000000e+08
1.398485400000000000e+07
1.501053720000000000e+08
1.467273990000000000e+08
1.502726460000000000e+08
1.297847740000000000e+08
1.420148310000000000e+08
1.490402340000000000e+08
1.378607990000000000e+08
1.537106180000000000e+08
1.409972420000000000e+08
1.378846040000000000e+08
1.412815260000000000e+08
1.494979930000000000e+08
1.500988600000000000e+08
1.257348800000000000e+07
1.420519900000000000e+08
1.466902800000000000e+08
1.421441620000000000e+08
1.011014150000000000e+08
1.413288620000000000e+08
1.500982910000000000e+08
1.211579700000000000e+08
1.211347840000000000e+08
1.502740710000000000e+08
1.503617370000000000e+08
1.400724480000000000e+08
1.444645540000000000e+08
1.209173740000000000e+08
1.011017020000000000e+08
1.467085190000000000e+08
1.418097290000000000e+08
1.529716880000000000e+08
1.429435880000000000e+08
1.128676000000000000e+06
1.009936430000000000e+08
1.414849810000000000e+08
1.122511000000000000e+06
1.405959530000000000e+08
1.529654490000000000e+08
1.400749750000000000e+08
1.406357780000000000e+08
1.492531400000000000e+08
1.209166800000000000e+08
1.257086800000000000e+07
1.011030250000000000e+08
1.420528260000000000e+08
1.445033250000000000e+08
1.490367580000000000e+08
1.494445630000000000e+08
1.467270510000000000e+08
1.402066970000000000e+08
1.495417770000000000e+08
1.419134870000000000e+08
1.428523730000000000e+08
1.501899400000000000e+08
1.416238660000000000e+08
1.429395170000000000e+08
1.501640810000000000e+08
1.253077100000000000e+07
1.501891530000000000e+08
1.416280190000000000e+08
1.503598920000000000e+08
1.492481960000000000e+08
1.503898530000000000e+08
1.298135520000000000e+08
1.408280630000000000e+08
1.419102980000000000e+08
1.499765350000000000e+08
1.405804970000000000e+08
1.537962690000000000e+08
1.423508900000000000e+08
1.097888000000000000e+06
1.298129320000000000e+08
1.409716660000000000e+08
1.467097360000000000e+08
1.186536080000000000e+08
1.500987770000000000e+08
1.495400130000000000e+08
1.537425490000000000e+08
1.445221800000000000e+08
1.428889900000000000e+08
1.405794300000000000e+08
1.504380410000000000e+08
1.430419870000000000e+08
1.441220670000000000e+08
1.406593500000000000e+08
1.400724410000000000e+08
1.419094440000000000e+08
1.420842740000000000e+08
1.394852180000000000e+08
1.208984550000000000e+08
1.492191450000000000e+08
1.501890700000000000e+08
1.493033100000000000e+08
1.496035240000000000e+08
1.417706090000000000e+08
1.011023270000000000e+08
1.406001470000000000e+08
1.210100360000000000e+08
1.226163540000000000e+08
1.441645960000000000e+08
1.525019330000000000e+08
1.252798600000000000e+07
1.496281000000000000e+08
1.405982250000000000e+08
1.524754120000000000e+08
1.428654370000000000e+08
1.011019360000000000e+08
1.209174770000000000e+08
1.209777350000000000e+08
1.498455320000000000e+08
1.150453000000000000e+06
1.491267960000000000e+08
1.226867250000000000e+08
1.444819290000000000e+08
1.414791740000000000e+08
1.491027280000000000e+08
1.428863220000000000e+08
1.503919970000000000e+08
1.410281640000000000e+08
1.009199240000000000e+08
1.401568530000000000e+08
1.525897540000000000e+08
1.209319110000000000e+08
1.411546380000000000e+08
1.421438860000000000e+08
1.298384990000000000e+08
1.492193760000000000e+08
1.500628830000000000e+08
1.011256910000000000e+08
1.210875140000000000e+08
1.537980740000000000e+08
1.130183000000000000e+06
1.429602530000000000e+08
1.254679100000000000e+07
1.445031000000000000e+08
1.226866100000000000e+08
1.402072230000000000e+08
1.467268970000000000e+08
1.408915970000000000e+08
1.409685430000000000e+08
1.428752630000000000e+08
1.405985420000000000e+08
1.501407230000000000e+08
1.525391520000000000e+08
1.405121260000000000e+08
1.537420660000000000e+08
1.118463000000000000e+06
1.500990790000000000e+08
1.421449690000000000e+08
1.491202760000000000e+08
1.529850100000000000e+08
1.419759260000000000e+08
1.210087670000000000e+08
1.524745980000000000e+08
1.445213390000000000e+08
1.523724250000000000e+08
1.538344200000000000e+08
1.503581700000000000e+08
1.298154790000000000e+08
1.408985750000000000e+08
1.466868670000000000e+08
1.421105360000000000e+08
1.502497280000000000e+08
1.430418630000000000e+08
1.500316240000000000e+08
1.429383410000000000e+08
1.525382570000000000e+08
1.419777950000000000e+08
1.009752030000000000e+08
1.406591720000000000e+08
1.420145030000000000e+08
1.210249140000000000e+08
1.410289660000000000e+08
1.413268420000000000e+08
1.209596110000000000e+08
1.011245280000000000e+08
1.408280090000000000e+08
1.411567520000000000e+08
1.211591920000000000e+08
1.503204560000000000e+08
1.415436200000000000e+08
1.421449150000000000e+08
1.409388020000000000e+08
1.428699170000000000e+08
1.412109490000000000e+08
1.112868000000000000e+06
1.416251590000000000e+08
1.414715220000000000e+08
1.495396210000000000e+08
1.226709520000000000e+08
1.430422750000000000e+08
1.429765500000000000e+08
1.414112010000000000e+08
1.538547650000000000e+08
1.530776080000000000e+08
1.493913350000000000e+08
1.416218850000000000e+08
1.538368760000000000e+08
1.474592380000000000e+08
1.505131940000000000e+08
1.503598830000000000e+08
1.445744770000000000e+08
1.445996630000000000e+08
1.400721120000000000e+08
1.444638160000000000e+08
1.254783000000000000e+07
1.391239700000000000e+07
1.010180400000000000e+08
1.499306560000000000e+08
1.419129030000000000e+08
1.496287950000000000e+08
1.491759360000000000e+08
1.211052230000000000e+08
1.445227120000000000e+08
1.430306090000000000e+08
1.209591600000000000e+08
1.378851030000000000e+08
1.407975240000000000e+08
1.186541640000000000e+08
1.500295020000000000e+08
1.524754040000000000e+08
1.428685700000000000e+08
1.530460760000000000e+08
1.411230490000000000e+08
1.466534870000000000e+08
1.226860390000000000e+08
1.525040970000000000e+08
1.401577320000000000e+08
1.210780850000000000e+08
1.503896030000000000e+08
1.010176380000000000e+08
1.500302500000000000e+08
1.400724860000000000e+08
1.414107890000000000e+08
1.393694360000000000e+08
1.010596720000000000e+08
1.524750170000000000e+08
1.210100830000000000e+08
1.441028390000000000e+08
1.254642200000000000e+07
1.467097840000000000e+08
1.009925250000000000e+08
1.211346600000000000e+08
1.502746320000000000e+08
1.419419860000000000e+08
1.411870820000000000e+08
1.523567540000000000e+08
1.524778270000000000e+08
1.529712550000000000e+08
1.493516790000000000e+08
1.414072010000000000e+08
1.405993770000000000e+08
1.502496790000000000e+08
1.503246560000000000e+08
1.413320750000000000e+08
1.210077950000000000e+08
1.429589410000000000e+08
1.210491830000000000e+08
1.210767140000000000e+08
1.441021720000000000e+08
1.226124000000000000e+08
1.225551760000000000e+08
1.418226250000000000e+08
1.418093590000000000e+08
1.467627100000000000e+08
1.298634570000000000e+08
1.412686900000000000e+08
1.009909080000000000e+08
1.420868130000000000e+08
1.466551040000000000e+08
1.523605400000000000e+08
1.419457500000000000e+08
1.401384540000000000e+08
1.530466870000000000e+08
1.466873780000000000e+08
1.491217280000000000e+08
1.430289540000000000e+08
1.413345550000000000e+08
1.028614000000000000e+06
1.530286470000000000e+08
1.525610350000000000e+08
1.029392000000000000e+06
1.298381150000000000e+08
1.378847310000000000e+08
1.209769020000000000e+08
1.421087460000000000e+08
1.263103200000000000e+07
1.225050930000000000e+08
1.491014110000000000e+08
1.428737310000000000e+08
1.502746490000000000e+08
1.499705990000000000e+08
1.209600910000000000e+08
1.429445950000000000e+08
1.257389000000000000e+07
1.412788100000000000e+08
1.149866000000000000e+06
1.503199030000000000e+08
1.209320740000000000e+08
1.210253540000000000e+08
1.378845790000000000e+08
1.263084800000000000e+07
1.428663130000000000e+08
1.503215120000000000e+08
1.009895880000000000e+08
1.416868040000000000e+08
1.413078770000000000e+08
1.413280670000000000e+08
1.185907460000000000e+08
1.499309460000000000e+08
1.429602210000000000e+08
1.225554480000000000e+08
1.525906370000000000e+08
1.402071460000000000e+08
1.474695050000000000e+08
1.226697420000000000e+08
1.500288330000000000e+08
1.411275430000000000e+08
1.226164900000000000e+08
1.418086750000000000e+08
1.503937960000000000e+08
1.525938470000000000e+08
1.474559830000000000e+08
1.428893170000000000e+08
1.411529270000000000e+08
1.009762400000000000e+08
1.503919880000000000e+08
1.225056100000000000e+08
1.410964920000000000e+08
1.446021240000000000e+08
1.538389630000000000e+08
1.419124690000000000e+08
1.499881040000000000e+08
1.421089490000000000e+08
1.503574240000000000e+08
1.525082520000000000e+08
1.474580590000000000e+08
1.496301600000000000e+08
1.210782270000000000e+08
1.210270550000000000e+08
1.186539910000000000e+08
1.429596040000000000e+08
1.420843060000000000e+08
1.429848200000000000e+08
1.406629080000000000e+08
1.525090730000000000e+08
1.406896530000000000e+08
1.011004890000000000e+08
1.225053600000000000e+08
1.032061000000000000e+06
1.493464180000000000e+08
1.393710530000000000e+08
1.119844000000000000e+06
1.538385580000000000e+08
1.210500600000000000e+08
1.407977860000000000e+08
1.298148220000000000e+08
1.420541590000000000e+08
1.525916100000000000e+08
1.225212860000000000e+08
1.537986610000000000e+08
1.474553470000000000e+08
1.420175090000000000e+08
1.466882380000000000e+08
1.418652010000000000e+08
1.501418130000000000e+08
1.010999220000000000e+08
1.525021470000000000e+08
1.298875550000000000e+08
1.502482950000000000e+08
1.493484200000000000e+08
1.093363600000000000e+07
1.500288060000000000e+08
1.429435060000000000e+08
1.416114890000000000e+08
1.537255460000000000e+08
1.537243060000000000e+08
1.501884290000000000e+08
1.412788880000000000e+08
1.413079660000000000e+08
1.409964210000000000e+08
1.010395020000000000e+08
1.409451450000000000e+08
1.211583880000000000e+08
1.445153060000000000e+08
1.529842760000000000e+08
1.494220960000000000e+08
1.529697140000000000e+08
1.417694340000000000e+08
1.209330820000000000e+08
1.394851880000000000e+08
1.378609560000000000e+08
1.503617680000000000e+08
1.416112760000000000e+08
1.494788460000000000e+08
1.093363100000000000e+07
1.429609170000000000e+08
1.418697240000000000e+08
1.298399210000000000e+08
1.414132190000000000e+08
1.419439410000000000e+08
1.009913730000000000e+08
1.009902940000000000e+08
1.253231900000000000e+07
1.474587540000000000e+08
1.413067320000000000e+08
1.537426080000000000e+08
1.410281980000000000e+08
1.474583350000000000e+08
1.209179700000000000e+08
1.260697900000000000e+07
1.415437440000000000e+08
1.499316030000000000e+08
1.401589620000000000e+08
1.405291990000000000e+08
1.257325300000000000e+07
1.444824630000000000e+08
1.298402540000000000e+08
1.423511320000000000e+08
1.501645430000000000e+08
1.411560180000000000e+08
1.419143010000000000e+08
1.492183350000000000e+08
1.416100500000000000e+08
1.429589740000000000e+08
1.503897600000000000e+08
1.501056130000000000e+08
1.537098880000000000e+08
1.411210800000000000e+08
1.411546690000000000e+08
1.466363660000000000e+08
1.401583420000000000e+08
1.529664520000000000e+08
1.466884110000000000e+08
1.226097880000000000e+08
1.417680400000000000e+08
1.494234330000000000e+08
1.421077590000000000e+08
1.428515460000000000e+08
1.537121150000000000e+08
1.529647660000000000e+08
1.225556980000000000e+08
1.226173170000000000e+08
1.467605490000000000e+08
1.416211580000000000e+08
1.405113180000000000e+08
1.225212500000000000e+08
1.260638800000000000e+07
1.093173600000000000e+07
1.010394210000000000e+08
1.209777640000000000e+08
1.209741070000000000e+08
1.428888330000000000e+08
1.504408600000000000e+08
1.099837000000000000e+06
1.402054120000000000e+08
1.405980470000000000e+08
1.414236340000000000e+08
1.446519510000000000e+08
1.226101210000000000e+08
1.493028250000000000e+08
1.441803220000000000e+08
1.504287030000000000e+08
1.498609620000000000e+08
1.501667210000000000e+08
1.400717440000000000e+08
1.257212400000000000e+07
1.503936230000000000e+08
1.011025560000000000e+08
1.502698560000000000e+08
1.429434860000000000e+08
1.402057770000000000e+08
1.405284110000000000e+08
1.446534580000000000e+08
1.524756020000000000e+08
1.413065730000000000e+08
1.499337760000000000e+08
1.498472950000000000e+08
1.211351920000000000e+08
1.474570060000000000e+08
1.494242640000000000e+08
1.491800880000000000e+08
1.414246430000000000e+08
1.495727200000000000e+08
1.226861540000000000e+08
1.412839210000000000e+08
1.010162020000000000e+08
1.428662770000000000e+08
1.263204400000000000e+07
1.226159660000000000e+08
1.493918780000000000e+08
1.298145010000000000e+08
1.494201490000000000e+08
1.297827470000000000e+08
1.414794120000000000e+08
1.253056600000000000e+07
1.210889130000000000e+08
1.225572050000000000e+08
1.429603390000000000e+08
1.413354890000000000e+08
1.441037750000000000e+08
1.010690590000000000e+08
1.418100800000000000e+08
1.537428470000000000e+08
1.500625270000000000e+08
1.414233710000000000e+08
1.441044690000000000e+08
1.523584470000000000e+08
1.409681170000000000e+08
1.420822350000000000e+08
1.429834860000000000e+08
1.011003200000000000e+08
1.414084450000000000e+08
1.430302260000000000e+08
1.429389540000000000e+08
1.210098250000000000e+08
1.011002780000000000e+08
1.491020060000000000e+08
1.494231030000000000e+08
1.537408630000000000e+08
1.467630340000000000e+08
1.011396140000000000e+08
1.416829210000000000e+08
1.209605420000000000e+08
1.445055310000000000e+08
1.395251760000000000e+08
1.525052840000000000e+08
1.537227700000000000e+08
1.504318390000000000e+08
1.093529100000000000e+07
1.523618950000000000e+08
1.467616940000000000e+08
1.401591160000000000e+08
1.501880970000000000e+08
1.411877190000000000e+08
1.395576200000000000e+07
1.420186970000000000e+08
1.538359800000000000e+08
1.298115830000000000e+08
1.499763950000000000e+08
1.441804530000000000e+08
1.124221000000000000e+06
1.494729150000000000e+08
1.420860910000000000e+08
1.408018980000000000e+08
1.493910100000000000e+08
1.491268060000000000e+08
1.010164570000000000e+08
1.211588530000000000e+08
1.429590580000000000e+08
1.405795370000000000e+08
1.474558310000000000e+08
1.413271520000000000e+08
1.210077780000000000e+08
1.503618030000000000e+08
1.416079720000000000e+08
1.525018330000000000e+08
1.430436480000000000e+08
1.429437960000000000e+08
1.210905810000000000e+08
1.391424900000000000e+07
1.504306160000000000e+08
1.496642540000000000e+08
1.420824670000000000e+08
