1.426343870000000000e+08
1.545622560000000000e+08
1.381197580000000000e+08
1.479213430000000000e+08
1.443282700000000000e+07
1.544924320000000000e+08
1.374215940000000000e+08
1.416024350000000000e+08
1.143788800000000000e+07
1.036051680000000000e+08
1.502950590000000000e+08
1.002323400000000000e+07
1.380465590000000000e+08
1.545675740000000000e+08
1.538963570000000000e+08
1.383991970000000000e+08
1.538960910000000000e+08
1.425029690000000000e+08
1.425838580000000000e+08
1.159511000000000000e+07
1.381092760000000000e+08
1.415855250000000000e+08
1.543406630000000000e+08
1.477616090000000000e+08
1.392053040000000000e+08
1.476077120000000000e+08
1.539755150000000000e+08
1.035822370000000000e+08
1.424434250000000000e+08
1.417620090000000000e+08
1.416614560000000000e+08
1.004297000000000000e+07
1.424299890000000000e+08
1.488419690000000000e+08
1.028416880000000000e+08
1.392514240000000000e+08
1.384203840000000000e+08
1.414883760000000000e+08
1.425205160000000000e+08
1.036564700000000000e+08
1.376092770000000000e+08
1.416189710000000000e+08
1.036893910000000000e+08
1.541245570000000000e+08
1.381107100000000000e+08
1.271130540000000000e+09
1.417600560000000000e+08
1.474747510000000000e+08
1.478965570000000000e+08
1.421032110000000000e+08
1.201307286000000000e+09
1.035712380000000000e+08
1.415357850000000000e+08
1.102701768000000000e+09
1.427855270000000000e+08
1.427861790000000000e+08
1.422591880000000000e+08
1.149623000000000000e+07
1.538582390000000000e+08
1.414869600000000000e+08
1.476106230000000000e+08
1.381073630000000000e+08
1.159588300000000000e+07
1.544359990000000000e+08
1.381066340000000000e+08
1.015220640000000000e+08
1.420126080000000000e+08
1.381305780000000000e+08
1.424426760000000000e+08
1.381696370000000000e+08
1.374820160000000000e+08
1.384763840000000000e+08
1.416912330000000000e+08
1.400695475000000000e+09
1.425891640000000000e+08
1.428267050000000000e+08
1.036891010000000000e+08
1.271365948000000000e+09
1.302556100000000000e+08
1.435984600000000000e+07
1.409346210000000000e+08
1.426175150000000000e+08
1.301587790000000000e+08
1.036899120000000000e+08
1.429041840000000000e+08
1.475571610000000000e+08
1.422592350000000000e+08
1.380733130000000000e+08
1.499985370000000000e+08
1.440182600000000000e+07
1.545703480000000000e+08
1.421656490000000000e+08
1.037508610000000000e+08
1.384719050000000000e+08
1.262189150000000000e+08
1.478937390000000000e+08
1.479538850000000000e+08
1.424453920000000000e+08
1.375041580000000000e+08
1.429321720000000000e+08
1.421670950000000000e+08
1.002465000000000000e+07
1.379952090000000000e+08
1.102550101000000000e+09
1.028424830000000000e+08
1.401013102000000000e+09
1.433761100000000000e+07
1.420892120000000000e+08
1.499956840000000000e+08
1.544534840000000000e+08
1.544920210000000000e+08
1.479510180000000000e+08
1.375456400000000000e+08
1.478214340000000000e+08
1.545673850000000000e+08
1.414318710000000000e+08
1.301583630000000000e+08
1.487818900000000000e+07
1.425098800000000000e+07
1.544755080000000000e+08
1.436177200000000000e+07
1.414316050000000000e+08
1.375439090000000000e+08
1.392023990000000000e+08
1.424727400000000000e+07
1.005486600000000000e+07
1.544559530000000000e+08
1.374204480000000000e+08
1.262189200000000000e+08
1.477926460000000000e+08
1.422700840000000000e+08
1.476059370000000000e+08
1.539371100000000000e+08
1.499990290000000000e+08
1.173689900000000000e+07
1.421655170000000000e+08
1.427853980000000000e+08
1.426174030000000000e+08
1.173691000000000000e+07
1.385574590000000000e+08
1.415354030000000000e+08
1.416171080000000000e+08
1.262141280000000000e+08
1.381218190000000000e+08
1.424419100000000000e+08
1.374208460000000000e+08
1.538929710000000000e+08
1.400807589000000000e+09
1.410980580000000000e+08
1.477612850000000000e+08
1.479210140000000000e+08
1.028885410000000000e+08
1.427490450000000000e+08
1.400770435000000000e+09
1.425357210000000000e+08
1.410708380000000000e+08
1.420549410000000000e+08
1.425655050000000000e+08
1.485869800000000000e+07
1.499950350000000000e+08
1.384098700000000000e+08
1.428709600000000000e+07
1.386241500000000000e+08
1.384967530000000000e+08
1.384386610000000000e+08
1.544923780000000000e+08
1.474749570000000000e+08
1.428780150000000000e+08
1.261006300000000000e+08
1.391939290000000000e+08
1.376463420000000000e+08
1.385549940000000000e+08
1.381315230000000000e+08
1.477602970000000000e+08
1.500712070000000000e+08
1.036842890000000000e+08
1.379842300000000000e+08
1.384467310000000000e+08
1.485876300000000000e+07
1.155215200000000000e+07
1.038068530000000000e+08
1.381335720000000000e+08
1.411000680000000000e+08
1.410707530000000000e+08
1.036060330000000000e+08
1.543388730000000000e+08
1.479529220000000000e+08
1.425204070000000000e+08
1.427382280000000000e+08
1.029259150000000000e+08
1.386216000000000000e+08
1.427515440000000000e+08
1.029291610000000000e+08
1.499962390000000000e+08
1.419443600000000000e+07
1.414342450000000000e+08
1.383449020000000000e+08
1.173324900000000000e+07
1.545709280000000000e+08
1.543400030000000000e+08
1.500721210000000000e+08
1.544551980000000000e+08
1.538949660000000000e+08
1.004319500000000000e+07
1.028417990000000000e+08
1.384699730000000000e+08
1.420997000000000000e+08
1.392035060000000000e+08
1.392039740000000000e+08
1.416774160000000000e+08
1.035718560000000000e+08
1.035820310000000000e+08
1.037436900000000000e+08
1.102628617000000000e+09
1.166971100000000000e+07
1.479405630000000000e+08
1.478949340000000000e+08
1.540691020000000000e+08
1.417181230000000000e+08
1.428766000000000000e+07
1.441702340000000000e+08
1.441341190000000000e+08
1.036563990000000000e+08
1.102715777000000000e+09
1.475577740000000000e+08
1.478928750000000000e+08
1.427933980000000000e+08
1.415340020000000000e+08
1.424999700000000000e+07
1.436261500000000000e+07
1.429365120000000000e+08
1.391507570000000000e+08
1.386241250000000000e+08
1.379956530000000000e+08
1.380425560000000000e+08
1.421179760000000000e+08
1.428552800000000000e+07
1.374997270000000000e+08
1.417609530000000000e+08
1.414891080000000000e+08
1.028463340000000000e+08
1.538966360000000000e+08
1.149592800000000000e+07
1.386546000000000000e+08
1.384766410000000000e+08
1.379835270000000000e+08
1.381108560000000000e+08
1.389865240000000000e+08
1.420434130000000000e+08
1.166678700000000000e+07
1.384998780000000000e+08
1.425031300000000000e+08
1.392514070000000000e+08
1.392522640000000000e+08
1.416890670000000000e+08
1.544539550000000000e+08
1.489604540000000000e+08
1.173717200000000000e+07
1.102701578000000000e+09
1.538948850000000000e+08
1.476110490000000000e+08
1.381187690000000000e+08
1.489901100000000000e+07
1.383462480000000000e+08
1.441350940000000000e+08
1.475566280000000000e+08
1.384219430000000000e+08
1.416191850000000000e+08
1.392046700000000000e+08
1.149032700000000000e+07
1.427499110000000000e+08
1.384697230000000000e+08
1.422157970000000000e+08
1.381758500000000000e+08
1.400707369000000000e+09
1.173673500000000000e+07
1.425846310000000000e+08
1.427387000000000000e+08
1.167241700000000000e+07
1.375455060000000000e+08
1.383313880000000000e+08
1.498310310000000000e+08
1.376723880000000000e+08
1.376442260000000000e+08
1.475630100000000000e+08
1.544586270000000000e+08
1.410734640000000000e+08
1.421006190000000000e+08
1.400994843000000000e+09
1.036045950000000000e+08
1.424854200000000000e+07
1.036907820000000000e+08
1.415353630000000000e+08
1.425917580000000000e+08
1.426152180000000000e+08
1.476070490000000000e+08
1.401126559000000000e+09
1.425195310000000000e+08
1.028462190000000000e+08
1.476104990000000000e+08
1.476091550000000000e+08
1.392713800000000000e+08
1.392016560000000000e+08
1.036563500000000000e+08
1.422012200000000000e+08
1.426179920000000000e+08
1.476058050000000000e+08
1.427379190000000000e+08
1.271046655000000000e+09
1.426341340000000000e+08
1.415823510000000000e+08
1.424880050000000000e+08
1.544560920000000000e+08
1.479408510000000000e+08
1.429365760000000000e+08
1.392045150000000000e+08
1.425867950000000000e+08
1.376073460000000000e+08
1.485841000000000000e+07
1.376496960000000000e+08
1.476070320000000000e+08
1.540666900000000000e+08
1.425364110000000000e+08
1.381079600000000000e+08
1.004558900000000000e+07
1.005369000000000000e+07
1.544917420000000000e+08
1.425668740000000000e+08
1.271050704000000000e+09
1.476119770000000000e+08
1.384369870000000000e+08
1.427383140000000000e+08
1.499857420000000000e+08
1.426149750000000000e+08
1.543397600000000000e+08
1.433550100000000000e+07
1.424419990000000000e+08
1.417501850000000000e+08
1.477609610000000000e+08
1.420924870000000000e+08
1.476099080000000000e+08
1.477593300000000000e+08
1.427271820000000000e+08
1.420889150000000000e+08
1.545711780000000000e+08
1.425652810000000000e+08
1.167333300000000000e+07
1.543438700000000000e+08
1.478208940000000000e+08
1.417055700000000000e+07
1.421019830000000000e+08
1.475752110000000000e+08
1.545110090000000000e+08
1.416608520000000000e+08
1.037554870000000000e+08
1.479927980000000000e+08
1.412233100000000000e+07
1.502964160000000000e+08
1.545617900000000000e+08
1.477952080000000000e+08
1.376469900000000000e+08
1.545618240000000000e+08
1.422017570000000000e+08
1.426343350000000000e+08
1.421667310000000000e+08
1.036562970000000000e+08
1.498303080000000000e+08
1.538929830000000000e+08
1.479405350000000000e+08
1.201228154000000000e+09
1.401020353000000000e+09
1.497981990000000000e+08
1.538581380000000000e+08
1.475763030000000000e+08
1.422152950000000000e+08
1.201291460000000000e+09
1.149094000000000000e+07
1.417888550000000000e+08
1.427269550000000000e+08
1.475127710000000000e+08
1.424577000000000000e+08
1.376084540000000000e+08
1.427807230000000000e+08
1.499973880000000000e+08
1.036901990000000000e+08
1.374214790000000000e+08
1.028437900000000000e+08
1.037437340000000000e+08
1.036576320000000000e+08
1.410338800000000000e+08
1.035732040000000000e+08
1.424406440000000000e+08
1.425843330000000000e+08
1.002218400000000000e+07
1.475765510000000000e+08
1.420440450000000000e+08
1.439932800000000000e+07
1.440175500000000000e+07
1.381071410000000000e+08
1.499970320000000000e+08
1.102584065000000000e+09
1.544576950000000000e+08
1.002419300000000000e+07
1.384207250000000000e+08
1.390307830000000000e+08
1.005764700000000000e+07
1.425854590000000000e+08
1.383455460000000000e+08
1.425621390000000000e+08
1.201292734000000000e+09
1.477971350000000000e+08
1.488311500000000000e+07
1.425655530000000000e+08
1.415856240000000000e+08
1.425640040000000000e+08
1.440943540000000000e+08
1.201246068000000000e+09
1.476105570000000000e+08
1.421686580000000000e+08
1.545653130000000000e+08
1.036912920000000000e+08
1.415336780000000000e+08
1.474723440000000000e+08
1.383540060000000000e+08
1.433859900000000000e+07
1.424903630000000000e+08
1.544861300000000000e+08
1.416578300000000000e+07
1.401081862000000000e+09
1.433767500000000000e+07
1.544561200000000000e+08
1.376095100000000000e+08
1.439979600000000000e+07
1.029283640000000000e+08
1.037020880000000000e+08
1.426341080000000000e+08
1.375012780000000000e+08
1.415353230000000000e+08
1.442815090000000000e+08
1.499861660000000000e+08
1.028866920000000000e+08
1.545694050000000000e+08
1.415851290000000000e+08
1.441699300000000000e+08
1.035808250000000000e+08
1.392033700000000000e+08
1.386233450000000000e+08
1.443256000000000000e+07
1.384222380000000000e+08
1.538955250000000000e+08
1.167343700000000000e+07
1.540089720000000000e+08
1.474760370000000000e+08
1.425837750000000000e+08
1.545104510000000000e+08
1.429636470000000000e+08
1.419516700000000000e+07
1.498291340000000000e+08
1.383307410000000000e+08
1.414326960000000000e+08
1.412008300000000000e+07
1.158994700000000000e+07
1.376035300000000000e+08
1.476125870000000000e+08
1.414782580000000000e+08
1.028861100000000000e+08
1.180099500000000000e+07
1.036320310000000000e+08
1.173608500000000000e+07
1.183247300000000000e+07
1.201194272000000000e+09
1.425022880000000000e+08
1.271262829000000000e+09
1.475639300000000000e+08
1.392521630000000000e+08
1.478205380000000000e+08
1.414676040000000000e+08
1.485965300000000000e+07
1.375054980000000000e+08
1.478931870000000000e+08
1.375785210000000000e+08
1.476104560000000000e+08
1.374989720000000000e+08
1.384720930000000000e+08
1.442110020000000000e+08
1.374821080000000000e+08
1.028882380000000000e+08
1.503157680000000000e+08
1.029275940000000000e+08
1.500262660000000000e+08
1.479541290000000000e+08
1.475553300000000000e+08
1.201328516000000000e+09
1.476130060000000000e+08
1.540088740000000000e+08
1.375061460000000000e+08
1.386320090000000000e+08
1.002275000000000000e+07
1.383469200000000000e+08
1.102617332000000000e+09
1.477925860000000000e+08
1.381712850000000000e+08
1.102694587000000000e+09
1.425203020000000000e+08
1.401014375000000000e+09
1.475752330000000000e+08
1.543423440000000000e+08
1.400696306000000000e+09
1.028480020000000000e+08
1.544863280000000000e+08
1.421024170000000000e+08
1.410356810000000000e+08
1.427269700000000000e+08
1.035798030000000000e+08
1.489079390000000000e+08
1.380434140000000000e+08
1.421518920000000000e+08
1.538951140000000000e+08
1.380258870000000000e+08
1.379863380000000000e+08
1.414777930000000000e+08
1.102469580000000000e+09
1.414892060000000000e+08
1.415259380000000000e+08
1.035809800000000000e+08
1.428346100000000000e+07
1.001661677000000000e+09
1.376038140000000000e+08
1.414878190000000000e+08
1.262332600000000000e+08
1.424552000000000000e+07
1.037433770000000000e+08
1.545122520000000000e+08
1.427273390000000000e+08
1.381709450000000000e+08
1.417608040000000000e+08
1.428648700000000000e+08
1.500253060000000000e+08
1.475638660000000000e+08
1.383508030000000000e+08
1.416157040000000000e+08
1.441699670000000000e+08
1.102718542000000000e+09
1.420576130000000000e+08
1.422593250000000000e+08
1.384942330000000000e+08
1.476129560000000000e+08
1.391923610000000000e+08
1.424297580000000000e+08
1.499959040000000000e+08
1.416209820000000000e+08
1.425867660000000000e+08
1.037022080000000000e+08
1.028871450000000000e+08
1.475559810000000000e+08
1.475595940000000000e+08
1.488194000000000000e+07
1.384210580000000000e+08
1.417597250000000000e+08
1.036332570000000000e+08
1.384152130000000000e+08
1.381219090000000000e+08
1.424434800000000000e+08
1.475138110000000000e+08
1.441341230000000000e+08
1.409923290000000000e+08
1.262332290000000000e+08
1.102550100000000000e+09
1.038066820000000000e+08
1.477925650000000000e+08
1.375809770000000000e+08
1.425372080000000000e+08
1.474755040000000000e+08
1.037018650000000000e+08
1.271028034000000000e+09
1.173671900000000000e+07
1.429344530000000000e+08
1.478914700000000000e+08
1.416889690000000000e+08
1.543408510000000000e+08
1.036326240000000000e+08
1.425369620000000000e+08
1.424443860000000000e+08
1.424869820000000000e+08
1.381083990000000000e+08
1.425920460000000000e+08
1.036878730000000000e+08
1.381318410000000000e+08
1.384710340000000000e+08
1.502947350000000000e+08
1.383449950000000000e+08
1.383454000000000000e+08
1.489139210000000000e+08
1.176421300000000000e+07
1.271282343000000000e+09
1.443115500000000000e+07
1.427258810000000000e+08
1.476111970000000000e+08
1.427260720000000000e+08
1.374994710000000000e+08
1.478069970000000000e+08
1.383326060000000000e+08
1.036572430000000000e+08
1.425195680000000000e+08
1.102705218000000000e+09
1.376085600000000000e+08
1.503164090000000000e+08
1.478061550000000000e+08
1.380278400000000000e+08
1.002255600000000000e+07
1.028856650000000000e+08
1.427849460000000000e+08
1.036319050000000000e+08
1.384370230000000000e+08
1.414312250000000000e+08
1.544828510000000000e+08
1.416789590000000000e+08
1.439803300000000000e+07
1.414876640000000000e+08
1.384749880000000000e+08
1.410724820000000000e+08
1.440998980000000000e+08
1.425902240000000000e+08
1.545109350000000000e+08
1.375007440000000000e+08
1.416894240000000000e+08
1.036907780000000000e+08
1.475129520000000000e+08
1.376070010000000000e+08
1.155129100000000000e+07
1.392713060000000000e+08
1.037521010000000000e+08
1.384729400000000000e+08
1.502960120000000000e+08
1.428234200000000000e+07
1.391922790000000000e+08
1.420567650000000000e+08
1.102554583000000000e+09
1.375443630000000000e+08
1.424909300000000000e+07
1.427510980000000000e+08
1.545693640000000000e+08
1.498318070000000000e+08
1.545697050000000000e+08
1.544853250000000000e+08
1.476091050000000000e+08
1.541639540000000000e+08
1.389860380000000000e+08
1.475768620000000000e+08
1.417205300000000000e+07
1.410343960000000000e+08
1.434113300000000000e+07
1.411010350000000000e+08
1.036839640000000000e+08
1.424768200000000000e+07
1.415253240000000000e+08
1.379964650000000000e+08
1.427831590000000000e+08
1.176686500000000000e+07
1.426168250000000000e+08
1.400769906000000000e+09
1.005432400000000000e+07
1.478964750000000000e+08
1.424415580000000000e+08
1.414660710000000000e+08
1.028410710000000000e+08
1.485944360000000000e+08
1.475129550000000000e+08
1.035720910000000000e+08
1.477961210000000000e+08
1.176741400000000000e+07
1.426144190000000000e+08
1.374810930000000000e+08
1.415247970000000000e+08
1.544525010000000000e+08
1.384691420000000000e+08
1.543454680000000000e+08
1.476083350000000000e+08
1.414350970000000000e+08
1.035730920000000000e+08
1.428096470000000000e+08
1.478802380000000000e+08
1.401081864000000000e+09
1.381334740000000000e+08
1.485961900000000000e+08
1.425909360000000000e+08
1.416180510000000000e+08
1.479404620000000000e+08
1.539353860000000000e+08
1.271341297000000000e+09
1.545483490000000000e+08
1.201246764000000000e+09
1.434080700000000000e+07
1.488046700000000000e+07
1.376435140000000000e+08
1.414339140000000000e+08
1.427264770000000000e+08
1.102613201000000000e+09
1.102711768000000000e+09
1.425627160000000000e+08
1.426192450000000000e+08
1.385476510000000000e+08
1.201246763000000000e+09
1.477578040000000000e+08
1.386551860000000000e+08
1.386584670000000000e+08
1.424838700000000000e+07
1.425888230000000000e+08
1.391932060000000000e+08
1.386244420000000000e+08
1.476105560000000000e+08
1.386536380000000000e+08
1.271218438000000000e+09
1.425862960000000000e+08
1.381693100000000000e+08
1.201199133000000000e+09
1.478213270000000000e+08
1.421556120000000000e+08
1.384721930000000000e+08
1.420901950000000000e+08
1.415857730000000000e+08
1.544745380000000000e+08
1.475585900000000000e+08
1.183107200000000000e+07
1.383458630000000000e+08
1.500269340000000000e+08
1.201330483000000000e+09
1.427839830000000000e+08
1.401020355000000000e+09
1.261402740000000000e+08
1.424453540000000000e+08
1.422015620000000000e+08
1.474749720000000000e+08
1.426192370000000000e+08
1.383322760000000000e+08
1.102493238000000000e+09
1.422583140000000000e+08
1.255804060000000000e+08
1.489848900000000000e+07
1.038058490000000000e+08
1.383980150000000000e+08
1.028478630000000000e+08
1.433976100000000000e+07
1.424896760000000000e+08
1.262142660000000000e+08
1.544544320000000000e+08
1.439765300000000000e+07
1.376086610000000000e+08
1.038083920000000000e+08
1.417146190000000000e+08
1.478971900000000000e+08
1.424491800000000000e+07
1.385577170000000000e+08
1.029004120000000000e+08
1.383341030000000000e+08
1.391503610000000000e+08
1.538589560000000000e+08
1.424832300000000000e+07
1.427926980000000000e+08
1.384208990000000000e+08
1.475586800000000000e+08
1.427856840000000000e+08
1.301818280000000000e+08
1.028890340000000000e+08
1.544537520000000000e+08
1.424442190000000000e+08
1.262329830000000000e+08
1.478986610000000000e+08
1.173305600000000000e+07
1.424296240000000000e+08
1.421651820000000000e+08
1.427807250000000000e+08
1.374784270000000000e+08
1.375011840000000000e+08
1.545702350000000000e+08
1.428476440000000000e+08
1.255797550000000000e+08
1.390327300000000000e+08
1.383321530000000000e+08
1.102555267000000000e+09
1.422587960000000000e+08
1.488035600000000000e+07
1.417175760000000000e+08
1.414335210000000000e+08
1.164250500000000000e+07
1.487927800000000000e+07
1.498327020000000000e+08
1.487843800000000000e+07
1.154980700000000000e+07
1.427465410000000000e+08
1.425192900000000000e+08
1.424823200000000000e+07
1.420132880000000000e+08
1.028426380000000000e+08
1.415229590000000000e+08
1.421555450000000000e+08
1.545111650000000000e+08
1.415219140000000000e+08
1.392713860000000000e+08
1.479705920000000000e+08
1.478908990000000000e+08
1.499848990000000000e+08
1.543397610000000000e+08
1.414770880000000000e+08
1.477949510000000000e+08
1.164360700000000000e+07
1.440081600000000000e+07
1.004354700000000000e+07
1.005010000000000000e+07
1.544567480000000000e+08
1.004880100000000000e+07
1.414345800000000000e+08
1.420604030000000000e+08
1.424454170000000000e+08
1.035806250000000000e+08
1.416159530000000000e+08
1.416780440000000000e+08
1.301818660000000000e+08
1.538587880000000000e+08
1.376057020000000000e+08
1.411180400000000000e+08
1.409350440000000000e+08
1.036876160000000000e+08
1.422707990000000000e+08
1.500231460000000000e+08
1.036925420000000000e+08
1.475587470000000000e+08
1.261988500000000000e+08
1.036570280000000000e+08
1.545117420000000000e+08
1.478065620000000000e+08
1.424474460000000000e+08
1.036994040000000000e+08
1.424410420000000000e+08
1.424439870000000000e+08
1.035719190000000000e+08
1.477580740000000000e+08
1.164076000000000000e+07
1.503140610000000000e+08
1.424400810000000000e+08
1.384009790000000000e+08
1.271318147000000000e+09
1.422159060000000000e+08
1.478946970000000000e+08
1.036846550000000000e+08
1.503169090000000000e+08
1.544865650000000000e+08
1.545707050000000000e+08
1.421680420000000000e+08
1.392019910000000000e+08
1.167268800000000000e+07
1.167286300000000000e+07
1.544537150000000000e+08
1.037421980000000000e+08
1.004537900000000000e+07
1.417596860000000000e+08
1.176738600000000000e+07
1.442034900000000000e+08
1.422030950000000000e+08
1.416025480000000000e+08
1.426166910000000000e+08
1.376082470000000000e+08
1.417622640000000000e+08
1.441377160000000000e+08
1.029293450000000000e+08
1.384014460000000000e+08
1.385006140000000000e+08
1.427853860000000000e+08
1.543418150000000000e+08
1.381687800000000000e+08
1.412172700000000000e+07
1.441302240000000000e+08
1.421542620000000000e+08
1.489120180000000000e+08
1.004935300000000000e+07
1.489099540000000000e+08
1.424396940000000000e+08
1.155335500000000000e+07
1.499992980000000000e+08
1.374973230000000000e+08
1.479232810000000000e+08
1.036311040000000000e+08
1.392053100000000000e+08
1.036319170000000000e+08
1.477594310000000000e+08
1.414775580000000000e+08
1.379863110000000000e+08
1.427262210000000000e+08
1.392033090000000000e+08
1.442788810000000000e+08
1.149012300000000000e+07
1.500722100000000000e+08
1.538961700000000000e+08
1.416793050000000000e+08
1.414783200000000000e+08
1.382446320000000000e+08
1.424874800000000000e+07
1.417894390000000000e+08
1.419965600000000000e+07
1.102509698000000000e+09
1.262144930000000000e+08
1.416037890000000000e+08
1.416145770000000000e+08
1.380240020000000000e+08
1.426352740000000000e+08
1.004712400000000000e+07
1.375427750000000000e+08
1.183266700000000000e+07
1.415377630000000000e+08
1.005752900000000000e+07
1.416023810000000000e+08
1.417173600000000000e+08
1.036059680000000000e+08
1.301800240000000000e+08
1.414673660000000000e+08
1.037436670000000000e+08
1.486178580000000000e+08
1.421676770000000000e+08
1.416794740000000000e+08
1.004712300000000000e+07
1.489902100000000000e+07
1.005792700000000000e+07
1.420998380000000000e+08
1.159239600000000000e+07
1.410695190000000000e+08
1.102698835000000000e+09
1.538932340000000000e+08
1.498343930000000000e+08
1.478065820000000000e+08
1.424461200000000000e+08
1.414339170000000000e+08
1.036053990000000000e+08
1.503166210000000000e+08
1.377082020000000000e+08
1.420885170000000000e+08
1.441333070000000000e+08
1.427472610000000000e+08
1.301799650000000000e+08
1.102630962000000000e+09
1.485654900000000000e+07
1.541649920000000000e+08
1.498359020000000000e+08
1.478780620000000000e+08
1.538912650000000000e+08
1.380266060000000000e+08
1.375031400000000000e+08
1.428271510000000000e+08
1.487892400000000000e+07
1.427517240000000000e+08
1.425035140000000000e+08
1.544367500000000000e+08
1.500264660000000000e+08
1.176556200000000000e+07
1.035824780000000000e+08
1.477594950000000000e+08
1.036308850000000000e+08
1.424898990000000000e+08
1.503147540000000000e+08
1.421035010000000000e+08
1.544739940000000000e+08
1.541811870000000000e+08
1.374982580000000000e+08
1.425194880000000000e+08
1.415231120000000000e+08
1.426185860000000000e+08
1.427803470000000000e+08
1.035722130000000000e+08
1.028466480000000000e+08
1.271099623000000000e+09
1.500234350000000000e+08
1.029009910000000000e+08
1.486196850000000000e+08
1.164325000000000000e+07
1.539710700000000000e+08
1.417656310000000000e+08
1.477901320000000000e+08
1.425860790000000000e+08
1.424455050000000000e+08
1.540926720000000000e+08
1.381703940000000000e+08
1.376497530000000000e+08
1.411177870000000000e+08
1.415224420000000000e+08
1.500257470000000000e+08
1.476065840000000000e+08
1.271027077000000000e+09
1.381800170000000000e+08
1.005334800000000000e+07
1.421033540000000000e+08
1.425371760000000000e+08
1.176474400000000000e+07
1.036324020000000000e+08
1.392041430000000000e+08
1.028473640000000000e+08
1.476111850000000000e+08
1.301581950000000000e+08
1.499981420000000000e+08
1.390282800000000000e+08
1.376063180000000000e+08
1.102582998000000000e+09
1.411009770000000000e+08
1.382435200000000000e+08
1.414319410000000000e+08
1.036908340000000000e+08
1.428101560000000000e+08
1.302013220000000000e+08
1.499975910000000000e+08
1.381682620000000000e+08
1.486196610000000000e+08
1.381078410000000000e+08
1.183455500000000000e+07
1.416170440000000000e+08
1.380252640000000000e+08
1.422044890000000000e+08
1.001575335000000000e+09
1.477612960000000000e+08
1.545680990000000000e+08
1.384004220000000000e+08
1.498307880000000000e+08
1.425915150000000000e+08
1.391955800000000000e+08
1.422030320000000000e+08
1.005734700000000000e+07
1.029039380000000000e+08
1.485565300000000000e+07
1.479235610000000000e+08
1.415217510000000000e+08
1.035821730000000000e+08
1.478963800000000000e+08
1.503163580000000000e+08
1.419985000000000000e+07
1.392038360000000000e+08
1.485682300000000000e+07
1.392014670000000000e+08
1.201247611000000000e+09
1.443219200000000000e+07
1.376038010000000000e+08
1.036036850000000000e+08
1.424901150000000000e+08
1.414760990000000000e+08
1.475761070000000000e+08
1.154635100000000000e+07
1.427912530000000000e+08
1.180636100000000000e+07
1.261396290000000000e+08
1.479408540000000000e+08
1.424871720000000000e+08
1.391961060000000000e+08
1.004742100000000000e+07
1.166959200000000000e+07
1.420476160000000000e+08
1.499945760000000000e+08
1.424426570000000000e+08
1.180112500000000000e+07
1.420449420000000000e+08
1.375799260000000000e+08
1.173775000000000000e+07
1.391521470000000000e+08
1.410997850000000000e+08
1.475617320000000000e+08
1.416170430000000000e+08
1.180624500000000000e+07
1.383339800000000000e+08
1.540906630000000000e+08
1.381220540000000000e+08
1.538930910000000000e+08
1.410718930000000000e+08
1.037412620000000000e+08
1.485958030000000000e+08
1.433516200000000000e+07
1.376055350000000000e+08
1.425882320000000000e+08
1.028443150000000000e+08
1.500251290000000000e+08
1.028467860000000000e+08
1.479363050000000000e+08
1.384466010000000000e+08
1.271325892000000000e+09
1.380227230000000000e+08
1.036326710000000000e+08
1.375444350000000000e+08
1.500281200000000000e+08
1.415404740000000000e+08
1.183414100000000000e+07
1.383475290000000000e+08
1.201360406000000000e+09
1.477585490000000000e+08
1.410701150000000000e+08
1.478987010000000000e+08
1.038060850000000000e+08
1.479510300000000000e+08
1.173369100000000000e+07
1.271265755000000000e+09
1.037433170000000000e+08
1.159399100000000000e+07
1.415827470000000000e+08
1.441760710000000000e+08
1.416027780000000000e+08
1.545697590000000000e+08
1.163976900000000000e+07
1.422699270000000000e+08
1.416766200000000000e+07
1.429416240000000000e+08
1.441017350000000000e+08
1.035709080000000000e+08
1.440960570000000000e+08
1.376026200000000000e+08
1.427374430000000000e+08
1.149032500000000000e+07
1.004830800000000000e+07
1.037513580000000000e+08
1.479705980000000000e+08
1.391952290000000000e+08
1.545677660000000000e+08
1.426195790000000000e+08
1.173570600000000000e+07
1.499967130000000000e+08
1.038036290000000000e+08
1.380248240000000000e+08
1.426165530000000000e+08
1.379828660000000000e+08
1.028415140000000000e+08
1.502955410000000000e+08
1.426194210000000000e+08
1.475625280000000000e+08
1.424397390000000000e+08
1.028474950000000000e+08
1.301582050000000000e+08
1.544926310000000000e+08
1.427837460000000000e+08
1.479509030000000000e+08
1.497987980000000000e+08
1.036892530000000000e+08
1.416881450000000000e+08
1.422710300000000000e+08
1.427400060000000000e+08
1.004330900000000000e+07
1.376043110000000000e+08
1.541829880000000000e+08
1.545115630000000000e+08
1.544916000000000000e+08
1.381209580000000000e+08
1.149182200000000000e+07
1.476126450000000000e+08
1.424427170000000000e+08
1.004363000000000000e+07
1.439841800000000000e+07
1.422698150000000000e+08
1.543395980000000000e+08
1.201286482000000000e+09
1.414649820000000000e+08
1.435846400000000000e+07
1.392039760000000000e+08
1.028103550000000000e+08
1.029032580000000000e+08
1.036858130000000000e+08
1.544841320000000000e+08
1.433927100000000000e+07
1.478929820000000000e+08
1.422726280000000000e+08
1.384059440000000000e+08
1.382447980000000000e+08
1.474732530000000000e+08
1.426173790000000000e+08
1.173689500000000000e+07
1.488419590000000000e+08
1.503139480000000000e+08
1.029240490000000000e+08
1.036336720000000000e+08
1.417512790000000000e+08
1.167139500000000000e+07
1.538943920000000000e+08
1.381676310000000000e+08
1.381200680000000000e+08
1.415844240000000000e+08
1.544899850000000000e+08
1.384400270000000000e+08
1.427802350000000000e+08
1.441748810000000000e+08
1.421195930000000000e+08
1.416780230000000000e+08
1.422020950000000000e+08
1.433613000000000000e+07
1.538581620000000000e+08
1.545489400000000000e+08
1.001565755000000000e+09
1.425921530000000000e+08
1.384408970000000000e+08
1.029269820000000000e+08
1.376418990000000000e+08
1.500287110000000000e+08
1.422587290000000000e+08
1.037538670000000000e+08
1.428778840000000000e+08
1.424464330000000000e+08
1.416911680000000000e+08
1.545700140000000000e+08
1.376067260000000000e+08
1.476131280000000000e+08
1.475566320000000000e+08
1.154858000000000000e+07
1.429343130000000000e+08
1.425878270000000000e+08
1.425920700000000000e+08
1.035725460000000000e+08
1.424398830000000000e+08
1.028431350000000000e+08
1.544042570000000000e+08
1.375001830000000000e+08
1.544041910000000000e+08
1.036860380000000000e+08
1.417477470000000000e+08
1.036334340000000000e+08
1.038022940000000000e+08
1.416589990000000000e+08
1.028468560000000000e+08
1.392293740000000000e+08
1.425653840000000000e+08
1.479363610000000000e+08
1.544902010000000000e+08
1.538603490000000000e+08
1.035713880000000000e+08
1.036057780000000000e+08
1.435992900000000000e+07
1.422701740000000000e+08
1.036998160000000000e+08
1.500694130000000000e+08
1.411000180000000000e+08
1.503167280000000000e+08
1.427809440000000000e+08
1.375022820000000000e+08
1.414666550000000000e+08
1.544561900000000000e+08
1.425668290000000000e+08
1.036857360000000000e+08
1.376051770000000000e+08
1.416154220000000000e+08
1.442039390000000000e+08
1.425865510000000000e+08
1.503147930000000000e+08
1.479509380000000000e+08
1.028479550000000000e+08
1.015221420000000000e+08
1.499988640000000000e+08
1.035805690000000000e+08
1.035726180000000000e+08
1.271355422000000000e+09
1.474737560000000000e+08
1.167147200000000000e+07
1.429039480000000000e+08
1.102623645000000000e+09
1.538970880000000000e+08
1.102716939000000000e+09
1.420439160000000000e+08
1.545121740000000000e+08
1.477916960000000000e+08
1.422029480000000000e+08
1.541071590000000000e+08
1.419955900000000000e+07
1.036315010000000000e+08
1.029292480000000000e+08
1.374213670000000000e+08
1.544750060000000000e+08
1.385011880000000000e+08
1.499960990000000000e+08
1.475597090000000000e+08
1.425909560000000000e+08
1.414892370000000000e+08
1.163867500000000000e+07
1.036041760000000000e+08
1.173260400000000000e+07
1.038045640000000000e+08
1.417889190000000000e+08
1.392016770000000000e+08
1.475755740000000000e+08
1.415361910000000000e+08
1.476058580000000000e+08
1.384099640000000000e+08
1.426144790000000000e+08
1.381085620000000000e+08
1.427517980000000000e+08
1.544567680000000000e+08
1.411004370000000000e+08
1.301583610000000000e+08
1.475124000000000000e+08
1.425634060000000000e+08
1.543444140000000000e+08
1.429615450000000000e+08
1.401134542000000000e+09
1.102636440000000000e+09
1.476068670000000000e+08
1.435780900000000000e+07
1.379986110000000000e+08
1.427486470000000000e+08
1.416200200000000000e+08
1.497982420000000000e+08
1.499973920000000000e+08
1.498331170000000000e+08
1.375454030000000000e+08
1.422758570000000000e+08
1.417479460000000000e+08
1.424454450000000000e+08
1.374537690000000000e+08
1.028976290000000000e+08
1.539201980000000000e+08
1.183275500000000000e+07
1.179987200000000000e+07
1.436017000000000000e+07
1.479406380000000000e+08
1.441325510000000000e+08
1.545109360000000000e+08
1.004579500000000000e+07
1.427817500000000000e+08
1.392514260000000000e+08
1.102601958000000000e+09
1.036048340000000000e+08
1.433633100000000000e+07
1.427456980000000000e+08
1.376493800000000000e+08
1.424577610000000000e+08
1.424397700000000000e+08
1.380727170000000000e+08
1.384691570000000000e+08
1.499988160000000000e+08
1.381292260000000000e+08
1.410708240000000000e+08
1.005645000000000000e+07
1.416192400000000000e+08
1.474753050000000000e+08
1.538589140000000000e+08
1.543421160000000000e+08
1.475558270000000000e+08
1.028865650000000000e+08
1.475743640000000000e+08
1.425850720000000000e+08
1.443167700000000000e+07
1.441316520000000000e+08
1.036326770000000000e+08
1.271359291000000000e+09
1.380719420000000000e+08
1.424690500000000000e+07
1.037414380000000000e+08
1.379852300000000000e+08
1.544538750000000000e+08
1.379981450000000000e+08
1.421687360000000000e+08
1.416131290000000000e+08
1.416895000000000000e+07
1.029234480000000000e+08
1.183463100000000000e+07
1.381103560000000000e+08
1.375812980000000000e+08
1.421835400000000000e+08
1.379973270000000000e+08
1.425641110000000000e+08
1.380747500000000000e+08
1.416887000000000000e+08
1.422009910000000000e+08
1.421664620000000000e+08
1.475569490000000000e+08
1.149525300000000000e+07
1.489893000000000000e+07
1.442824560000000000e+08
1.421003890000000000e+08
1.036851340000000000e+08
1.416764160000000000e+08
1.037528170000000000e+08
1.440158800000000000e+07
1.545697580000000000e+08
1.374993540000000000e+08
1.419572600000000000e+07
1.428478090000000000e+08
1.435929900000000000e+07
1.427279040000000000e+08
1.540925580000000000e+08
1.381695720000000000e+08
1.302007250000000000e+08
1.028997100000000000e+08
1.420472040000000000e+08
1.487849900000000000e+07
1.544747490000000000e+08
1.392292350000000000e+08
1.417645750000000000e+08
1.424910570000000000e+08
1.036047010000000000e+08
1.545122410000000000e+08
1.543392260000000000e+08
1.400801643000000000e+09
1.543412390000000000e+08
1.410732400000000000e+08
1.424685400000000000e+07
1.392558930000000000e+08
1.401023908000000000e+09
1.479378600000000000e+08
1.429465300000000000e+08
1.538957830000000000e+08
1.477949540000000000e+08
1.028414380000000000e+08
1.475565350000000000e+08
1.176863400000000000e+07
1.383544240000000000e+08
1.374992020000000000e+08
1.475638750000000000e+08
1.015688550000000000e+08
1.384110910000000000e+08
1.486200950000000000e+08
1.401120538000000000e+09
1.425346050000000000e+08
1.375061270000000000e+08
1.029286190000000000e+08
1.499865950000000000e+08
1.499853270000000000e+08
1.426170770000000000e+08
1.416785000000000000e+07
1.544740360000000000e+08
1.426154350000000000e+08
1.037552490000000000e+08
1.415338010000000000e+08
1.375034360000000000e+08
1.102503442000000000e+09
1.416617680000000000e+08
1.477901060000000000e+08
1.488003800000000000e+07
1.478206980000000000e+08
1.380466600000000000e+08
1.425027060000000000e+08
1.427856190000000000e+08
1.383306030000000000e+08
1.036051970000000000e+08
1.485979020000000000e+08
1.028457120000000000e+08
1.499945700000000000e+08
1.475580330000000000e+08
1.478935560000000000e+08
1.383291510000000000e+08
1.478916620000000000e+08
1.441715370000000000e+08
1.422580340000000000e+08
1.417067100000000000e+07
1.489120170000000000e+08
1.036855690000000000e+08
1.427388210000000000e+08
1.376094390000000000e+08
1.544907610000000000e+08
1.475764760000000000e+08
1.428624460000000000e+08
1.545702790000000000e+08
1.433877600000000000e+07
1.422707030000000000e+08
1.424472510000000000e+08
1.036894870000000000e+08
1.029299270000000000e+08
1.538913470000000000e+08
1.262198360000000000e+08
1.029239590000000000e+08
1.302015950000000000e+08
1.415843020000000000e+08
1.544751490000000000e+08
1.424913000000000000e+08
1.421040490000000000e+08
1.440975970000000000e+08
1.384726380000000000e+08
1.428480770000000000e+08
1.037430970000000000e+08
1.261330310000000000e+08
1.415226770000000000e+08
1.479210990000000000e+08
1.475131490000000000e+08
1.390325480000000000e+08
1.271314855000000000e+09
1.440175100000000000e+07
1.425349830000000000e+08
1.478206070000000000e+08
1.424424500000000000e+08
1.028999160000000000e+08
1.543454180000000000e+08
1.498348490000000000e+08
1.164008500000000000e+07
1.439966900000000000e+07
1.422577260000000000e+08
1.102591398000000000e+09
1.004596000000000000e+07
1.400934613000000000e+09
1.201228157000000000e+09
1.036554260000000000e+08
1.262147210000000000e+08
1.037412870000000000e+08
1.428778700000000000e+08
1.383320400000000000e+08
1.498342150000000000e+08
1.417181040000000000e+08
1.037515390000000000e+08
1.421658680000000000e+08
1.176663700000000000e+07
1.543408300000000000e+08
1.374211360000000000e+08
1.427376430000000000e+08
1.383454660000000000e+08
1.028991770000000000e+08
1.425851180000000000e+08
1.544586160000000000e+08
1.427938160000000000e+08
1.416154960000000000e+08
1.427815740000000000e+08
1.498311580000000000e+08
1.029251260000000000e+08
1.381104120000000000e+08
1.497976190000000000e+08
1.426175720000000000e+08
1.422039950000000000e+08
1.478943330000000000e+08
1.476053930000000000e+08
1.428780960000000000e+08
1.420900650000000000e+08
1.422699130000000000e+08
1.028977610000000000e+08
1.545494530000000000e+08
1.261917380000000000e+08
1.417479560000000000e+08
1.424809500000000000e+07
1.417645910000000000e+08
1.004533500000000000e+07
1.035708640000000000e+08
1.416180540000000000e+08
1.038080230000000000e+08
1.426342670000000000e+08
1.036556600000000000e+08
1.381692360000000000e+08
1.255803000000000000e+08
1.036853490000000000e+08
1.488249000000000000e+07
1.424398790000000000e+08
1.428102070000000000e+08
1.498343380000000000e+08
1.476057580000000000e+08
1.374822450000000000e+08
1.149676900000000000e+07
1.183290400000000000e+07
1.442085450000000000e+08
1.176539500000000000e+07
1.381310330000000000e+08
1.478067660000000000e+08
1.439948200000000000e+07
1.183504400000000000e+07
1.005612000000000000e+07
1.416786820000000000e+08
1.544381320000000000e+08
1.425359490000000000e+08
1.427495290000000000e+08
1.502944430000000000e+08
1.036877770000000000e+08
1.381691300000000000e+08
1.425364430000000000e+08
1.374799790000000000e+08
1.379850270000000000e+08
1.427264630000000000e+08
1.384720750000000000e+08
1.383305420000000000e+08
1.414875710000000000e+08
1.392290590000000000e+08
1.427819100000000000e+08
1.255799960000000000e+08
1.036886140000000000e+08
1.415228520000000000e+08
1.433711100000000000e+07
1.421540410000000000e+08
1.479406450000000000e+08
1.426182440000000000e+08
1.271237667000000000e+09
1.180214400000000000e+07
1.477579330000000000e+08
1.384181060000000000e+08
1.425358000000000000e+08
1.036334720000000000e+08
1.538588140000000000e+08
1.411008310000000000e+08
1.486185480000000000e+08
1.489849300000000000e+07
1.037506510000000000e+08
1.500687570000000000e+08
1.475764120000000000e+08
1.392034680000000000e+08
1.392298310000000000e+08
1.545677950000000000e+08
1.028857440000000000e+08
1.424423450000000000e+08
1.384713280000000000e+08
1.543440080000000000e+08
1.400921376000000000e+09
1.416606730000000000e+08
1.424997000000000000e+07
1.179987400000000000e+07
1.499985970000000000e+08
1.544573680000000000e+08
1.029288090000000000e+08
1.375811060000000000e+08
1.015686420000000000e+08
1.429614600000000000e+08
1.426184110000000000e+08
1.420131660000000000e+08
1.427802010000000000e+08
1.427517970000000000e+08
1.425917760000000000e+08
1.155186500000000000e+07
1.428103470000000000e+08
1.381330080000000000e+08
1.424901370000000000e+08
1.500231670000000000e+08
1.425023950000000000e+08
1.036568740000000000e+08
1.439951300000000000e+07
1.475581480000000000e+08
1.416196700000000000e+08
1.038060030000000000e+08
1.001545355000000000e+09
1.442810810000000000e+08
1.479381880000000000e+08
1.301808840000000000e+08
1.400989060000000000e+09
1.428502900000000000e+07
1.375047090000000000e+08
1.544550520000000000e+08
1.442825240000000000e+08
1.035808940000000000e+08
1.427827150000000000e+08
1.426169710000000000e+08
1.029234190000000000e+08
1.426156880000000000e+08
1.380246490000000000e+08
1.386225190000000000e+08
1.391534350000000000e+08
1.183517800000000000e+07
1.475565110000000000e+08
1.416612720000000000e+08
1.393035310000000000e+08
1.538916680000000000e+08
1.425917780000000000e+08
1.417876570000000000e+08
1.420600950000000000e+08
1.544858870000000000e+08
1.425864080000000000e+08
1.037001940000000000e+08
1.424890300000000000e+08
1.475570900000000000e+08
1.475561770000000000e+08
1.384746300000000000e+08
1.427482830000000000e+08
1.382913510000000000e+08
1.412203300000000000e+07
1.028861830000000000e+08
1.392288870000000000e+08
1.376037900000000000e+08
1.410976160000000000e+08
1.427378660000000000e+08
1.545692300000000000e+08
1.102452862000000000e+09
1.442782120000000000e+08
1.173805200000000000e+07
1.158948200000000000e+07
1.028473740000000000e+08
1.001674175000000000e+09
1.424465240000000000e+08
1.479506200000000000e+08
1.416897430000000000e+08
1.261916040000000000e+08
1.538931970000000000e+08
1.427485580000000000e+08
1.426195830000000000e+08
1.379957480000000000e+08
1.422020050000000000e+08
1.436089900000000000e+07
1.477907700000000000e+08
1.421198600000000000e+08
1.424721080000000000e+08
1.475587280000000000e+08
1.544752060000000000e+08
1.035808770000000000e+08
1.424870410000000000e+08
1.035820960000000000e+08
1.422033350000000000e+08
1.414870730000000000e+08
1.410334780000000000e+08
1.545492500000000000e+08
1.374817670000000000e+08
1.029239010000000000e+08
1.440993740000000000e+08
1.427809390000000000e+08
1.440076000000000000e+07
1.005365400000000000e+07
1.028442540000000000e+08
1.038035200000000000e+08
1.417213500000000000e+07
1.425664130000000000e+08
1.424418300000000000e+08
1.379857160000000000e+08
1.376436500000000000e+08
1.427464710000000000e+08
1.426187970000000000e+08
1.392029100000000000e+08
1.425202240000000000e+08
1.005486200000000000e+07
1.376078570000000000e+08
1.415823430000000000e+08
1.421192400000000000e+08
1.427388790000000000e+08
1.005563100000000000e+07
1.155259300000000000e+07
1.478800890000000000e+08
1.029300170000000000e+08
1.476119650000000000e+08
1.384767050000000000e+08
1.421810450000000000e+08
1.417222500000000000e+07
1.419456400000000000e+07
1.421542320000000000e+08
1.382857530000000000e+08
1.376491230000000000e+08
1.478074320000000000e+08
1.500717480000000000e+08
1.385554050000000000e+08
1.433614300000000000e+07
1.474741910000000000e+08
1.415820530000000000e+08
1.538923840000000000e+08
1.410339840000000000e+08
1.035811550000000000e+08
1.411960100000000000e+07
1.477906660000000000e+08
1.374987950000000000e+08
1.419383900000000000e+07
1.540714000000000000e+08
1.419949800000000000e+07
1.478065780000000000e+08
1.384190700000000000e+08
1.425889540000000000e+08
1.477588010000000000e+08
1.488421080000000000e+08
1.383399920000000000e+08
1.503167520000000000e+08
1.477892230000000000e+08
1.475633120000000000e+08
1.389853840000000000e+08
1.427827520000000000e+08
1.376063340000000000e+08
1.478076730000000000e+08
1.167175800000000000e+07
1.479227880000000000e+08
1.427270220000000000e+08
1.486175570000000000e+08
1.383990540000000000e+08
1.036333360000000000e+08
1.500726530000000000e+08
1.417647860000000000e+08
1.029258980000000000e+08
1.544537060000000000e+08
1.442777410000000000e+08
1.376716440000000000e+08
1.036913960000000000e+08
1.166710400000000000e+07
1.478199450000000000e+08
1.410720020000000000e+08
1.439969200000000000e+07
1.539183510000000000e+08
1.424785900000000000e+07
1.400714115000000000e+09
1.261337110000000000e+08
1.029000200000000000e+08
1.167050200000000000e+07
1.475584310000000000e+08
1.036039530000000000e+08
1.425671360000000000e+08
1.417609860000000000e+08
1.539184200000000000e+08
1.166995400000000000e+07
1.475747680000000000e+08
1.425366390000000000e+08
1.375038270000000000e+08
1.383536040000000000e+08
1.386314270000000000e+08
1.036320480000000000e+08
1.415838270000000000e+08
1.391919070000000000e+08
1.478202370000000000e+08
1.416910440000000000e+08
1.374572880000000000e+08
1.425191300000000000e+08
1.427829680000000000e+08
1.261990300000000000e+08
1.421031300000000000e+08
1.271268578000000000e+09
1.436273500000000000e+07
1.412161700000000000e+07
1.415389560000000000e+08
1.476074990000000000e+08
1.035715780000000000e+08
1.410692310000000000e+08
