1.478979640000000000e+08
1.479408540000000000e+08
1.369496300000000000e+08
1.499109940000000000e+08
1.428641550000000000e+08
1.540903260000000000e+08
1.477135570000000000e+08
1.158277050000000000e+08
1.000109000000000000e+08
1.424871720000000000e+08
1.489680640000000000e+08
1.475603900000000000e+08
1.540931240000000000e+08
1.489178630000000000e+08
1.486237020000000000e+08
1.427912530000000000e+08
1.489711180000000000e+08
1.015764750000000000e+08
1.493960760000000000e+08
1.378876090000000000e+08
1.502516620000000000e+08
1.171591340000000000e+08
1.055098300000000000e+08
1.428091090000000000e+08
1.424426570000000000e+08
1.486546130000000000e+08
1.501622990000000000e+08
1.377099820000000000e+08
1.488361600000000000e+08
1.494524070000000000e+08
1.423983510000000000e+08
1.387098200000000000e+08
1.175059930000000000e+08
1.476700790000000000e+08
1.494157670000000000e+08
1.037412620000000000e+08
1.475617320000000000e+08
1.430075740000000000e+08
1.385584600000000000e+08
1.488781580000000000e+08
1.540906630000000000e+08
1.369471790000000000e+08
1.179318210000000000e+08
1.000140760000000000e+08
1.201247611000000000e+09
1.263686600000000000e+08
1.173560760000000000e+08
1.385421370000000000e+08
1.036908340000000000e+08
1.428101560000000000e+08
1.102455399000000000e+09
1.486232400000000000e+08
1.376765900000000000e+08
1.425915150000000000e+08
1.493449750000000000e+08
1.428258770000000000e+08
1.369493720000000000e+08
1.386621260000000000e+08
1.493949650000000000e+08
1.499161480000000000e+08
1.539191150000000000e+08
1.262364730000000000e+08
1.385771210000000000e+08
1.000134600000000000e+08
1.539366600000000000e+08
1.428710490000000000e+08
1.035821730000000000e+08
1.479235610000000000e+08
1.385086920000000000e+08
1.385799760000000000e+08
1.054854560000000000e+08
1.478963800000000000e+08
1.172947570000000000e+08
1.376431360000000000e+08
1.475761070000000000e+08
1.540873900000000000e+08
1.499154910000000000e+08
1.377508280000000000e+08
1.255511770000000000e+08
1.016158200000000000e+08
1.424901150000000000e+08
1.001575335000000000e+09
1.036036850000000000e+08
1.539513070000000000e+08
1.173788740000000000e+08
1.385912010000000000e+08
1.054835190000000000e+08
1.423072460000000000e+08
1.000140780000000000e+08
1.429416240000000000e+08
1.502675270000000000e+08
1.377712900000000000e+08
1.476256610000000000e+08
1.386893880000000000e+08
1.539495110000000000e+08
1.015748800000000000e+08
1.499284790000000000e+08
1.172792960000000000e+08
1.489154960000000000e+08
1.055353640000000000e+08
1.502787290000000000e+08
1.037513580000000000e+08
1.097546000000000000e+06
1.005224800000000000e+07
1.545659040000000000e+08
1.540125590000000000e+08
1.479705980000000000e+08
1.540086270000000000e+08
1.479385140000000000e+08
1.263683860000000000e+08
1.035709080000000000e+08
1.263146370000000000e+08
1.378830140000000000e+08
1.377500980000000000e+08
1.095565000000000000e+06
1.501840940000000000e+08
1.499199030000000000e+08
1.172524500000000000e+08
1.489313220000000000e+08
1.426195790000000000e+08
1.479396110000000000e+08
1.540916780000000000e+08
1.255526930000000000e+08
1.376500460000000000e+08
1.385089280000000000e+08
1.386897440000000000e+08
1.426194210000000000e+08
1.502682070000000000e+08
1.426165530000000000e+08
1.545638940000000000e+08
1.377336030000000000e+08
1.015482850000000000e+08
1.038036290000000000e+08
1.054399500000000000e+08
1.499190480000000000e+08
1.489176570000000000e+08
1.036326710000000000e+08
1.038026910000000000e+08
1.263191330000000000e+08
1.539756890000000000e+08
1.541081880000000000e+08
1.271265755000000000e+09
1.494519120000000000e+08
1.174170400000000000e+08
1.502695180000000000e+08
1.425882320000000000e+08
1.488951710000000000e+08
1.173559050000000000e+08
1.479363050000000000e+08
1.486210590000000000e+08
1.263694340000000000e+08
1.393682290000000000e+08
1.263231730000000000e+08
1.255279360000000000e+08
1.379053690000000000e+08
1.489620680000000000e+08
1.423085610000000000e+08
1.174175790000000000e+08
1.378034090000000000e+08
1.386502250000000000e+08
1.377706350000000000e+08
1.425211440000000000e+08
1.377326160000000000e+08
1.037418300000000000e+08
1.158548610000000000e+08
1.037433170000000000e+08
1.478952310000000000e+08
1.423941770000000000e+08
1.545697590000000000e+08
1.494678110000000000e+08
1.271325892000000000e+09
1.478987010000000000e+08
1.479510300000000000e+08
1.054854230000000000e+08
1.038060850000000000e+08
1.158555250000000000e+08
1.479370000000000000e+08
1.541643890000000000e+08
1.172739970000000000e+08
1.201360406000000000e+09
1.173562300000000000e+08
1.369462090000000000e+08
1.502512710000000000e+08
1.055071040000000000e+08
1.379047820000000000e+08
1.377294170000000000e+08
1.486748400000000000e+08
1.179317040000000000e+08
1.036059680000000000e+08
1.102698835000000000e+09
1.494417710000000000e+08
1.476713960000000000e+08
1.173809080000000000e+08
1.423716320000000000e+08
1.503869850000000000e+08
1.423975120000000000e+08
1.037436670000000000e+08
1.102630962000000000e+09
1.066699000000000000e+06
1.479226240000000000e+08
1.493651610000000000e+08
1.428274660000000000e+08
1.394170160000000000e+08
1.378096710000000000e+08
1.424461200000000000e+08
1.376476970000000000e+08
1.386874590000000000e+08
1.428086560000000000e+08
1.158587870000000000e+08
1.376480930000000000e+08
1.539491930000000000e+08
1.055752720000000000e+08
1.427472610000000000e+08
1.379365010000000000e+08
1.477140220000000000e+08
1.066142000000000000e+06
1.385454390000000000e+08
1.423733540000000000e+08
1.377082020000000000e+08
1.036053990000000000e+08
1.540684080000000000e+08
1.015759520000000000e+08
1.377132020000000000e+08
1.479232810000000000e+08
1.377343780000000000e+08
1.000129630000000000e+08
1.479525760000000000e+08
1.486730230000000000e+08
1.476853430000000000e+08
1.173547180000000000e+08
1.424396940000000000e+08
1.489120180000000000e+08
1.489099540000000000e+08
1.502652470000000000e+08
1.015467600000000000e+08
1.043986000000000000e+06
1.488949420000000000e+08
1.539896480000000000e+08
1.540898460000000000e+08
1.102509698000000000e+09
1.489698880000000000e+08
1.502697190000000000e+08
1.502516220000000000e+08
1.036311040000000000e+08
1.055077800000000000e+08
1.171249810000000000e+08
1.489706400000000000e+08
1.263193320000000000e+08
1.386896550000000000e+08
1.262378280000000000e+08
1.036319170000000000e+08
1.393661480000000000e+08
1.067536000000000000e+06
1.005944300000000000e+07
1.385792490000000000e+08
1.174165250000000000e+08
1.539495890000000000e+08
1.427262210000000000e+08
1.386338530000000000e+08
1.158581030000000000e+08
1.385583870000000000e+08
1.423944000000000000e+08
1.426352740000000000e+08
1.042290000000000000e+06
1.429624460000000000e+08
1.369453830000000000e+08
1.385433230000000000e+08
1.423026340000000000e+08
1.499280230000000000e+08
1.263196050000000000e+08
1.502652490000000000e+08
1.489613720000000000e+08
1.369512550000000000e+08
1.493949500000000000e+08
1.428640430000000000e+08
1.378892620000000000e+08
1.488789790000000000e+08
1.411290260000000000e+08
1.424455050000000000e+08
1.425860790000000000e+08
1.386605510000000000e+08
1.476265000000000000e+08
1.376497530000000000e+08
1.486215200000000000e+08
1.540926720000000000e+08
1.054393370000000000e+08
1.423946410000000000e+08
1.476272640000000000e+08
1.171670580000000000e+08
1.172983640000000000e+08
1.378109390000000000e+08
1.540671690000000000e+08
1.386611220000000000e+08
1.476065840000000000e+08
1.172192840000000000e+08
1.000138270000000000e+08
1.015484410000000000e+08
1.037507100000000000e+08
1.476111850000000000e+08
1.043379000000000000e+06
1.423835360000000000e+08
1.425371760000000000e+08
1.489620540000000000e+08
1.036324020000000000e+08
1.428271510000000000e+08
1.054842240000000000e+08
1.262348100000000000e+08
1.502655440000000000e+08
1.425035140000000000e+08
1.427517240000000000e+08
1.541649920000000000e+08
1.262387120000000000e+08
1.423025580000000000e+08
1.043581000000000000e+06
1.262372010000000000e+08
1.385893210000000000e+08
1.271099623000000000e+09
1.540074020000000000e+08
1.479496130000000000e+08
1.424898990000000000e+08
1.035824780000000000e+08
1.488782060000000000e+08
1.036308850000000000e+08
1.539490680000000000e+08
1.499177970000000000e+08
1.263163110000000000e+08
1.101161000000000000e+06
1.544739940000000000e+08
1.263511290000000000e+08
1.541811870000000000e+08
1.102418286000000000e+09
1.386661520000000000e+08
1.542039880000000000e+08
1.042868000000000000e+06
1.411185340000000000e+08
1.427803470000000000e+08
1.174121770000000000e+08
1.479504040000000000e+08
1.428286710000000000e+08
1.423812180000000000e+08
1.540929100000000000e+08
1.171629400000000000e+08
1.035722130000000000e+08
1.425194880000000000e+08
1.476863070000000000e+08
1.426185860000000000e+08
1.423992830000000000e+08
1.054860340000000000e+08
1.423968240000000000e+08
1.428732060000000000e+08
1.479933290000000000e+08
1.488396640000000000e+08
1.539193790000000000e+08
1.036315010000000000e+08
1.499277150000000000e+08
1.262780090000000000e+08
1.541071590000000000e+08
1.377097360000000000e+08
1.429350230000000000e+08
1.499282060000000000e+08
1.540891690000000000e+08
1.158552050000000000e+08
1.540932170000000000e+08
1.425909560000000000e+08
1.544750060000000000e+08
1.378816990000000000e+08
1.000125750000000000e+08
1.423174520000000000e+08
1.263187880000000000e+08
1.263672080000000000e+08
1.423192440000000000e+08
1.423850000000000000e+08
1.038045640000000000e+08
1.423870230000000000e+08
1.489690830000000000e+08
1.037548880000000000e+08
1.377339370000000000e+08
1.255295560000000000e+08
1.001502903000000000e+09
1.036041760000000000e+08
1.427517980000000000e+08
1.426144790000000000e+08
1.173544170000000000e+08
1.544567680000000000e+08
1.171662130000000000e+08
1.478205000000000000e+08
1.475755740000000000e+08
1.540103790000000000e+08
1.499167450000000000e+08
1.476058580000000000e+08
1.489144030000000000e+08
1.102623645000000000e+09
1.036857360000000000e+08
1.425668290000000000e+08
1.386186480000000000e+08
1.054396630000000000e+08
1.423983720000000000e+08
1.035730240000000000e+08
1.478957250000000000e+08
1.423870240000000000e+08
1.271355422000000000e+09
1.378896120000000000e+08
1.544561900000000000e+08
1.001512783000000000e+09
1.376473670000000000e+08
1.479509380000000000e+08
1.172206540000000000e+08
1.035805690000000000e+08
1.479498950000000000e+08
1.097723000000000000e+06
1.179313010000000000e+08
1.494410630000000000e+08
1.499167420000000000e+08
1.540072460000000000e+08
1.425865510000000000e+08
1.377773870000000000e+08
1.377346220000000000e+08
1.001499579000000000e+09
1.486236790000000000e+08
1.379061970000000000e+08
1.427841240000000000e+08
1.379382860000000000e+08
1.476735520000000000e+08
1.369458490000000000e+08
1.385602720000000000e+08
1.429039480000000000e+08
1.488958170000000000e+08
1.489161650000000000e+08
1.489640200000000000e+08
1.545121740000000000e+08
1.502667500000000000e+08
1.175062540000000000e+08
1.538970880000000000e+08
1.423836420000000000e+08
1.539903440000000000e+08
1.479406380000000000e+08
1.422769450000000000e+08
1.054407440000000000e+08
1.055767100000000000e+08
1.036048340000000000e+08
1.189132600000000000e+07
1.539767120000000000e+08
1.037437550000000000e+08
1.377329810000000000e+08
1.385090550000000000e+08
1.386520160000000000e+08
1.411206890000000000e+08
1.174203410000000000e+08
1.427817500000000000e+08
1.540679190000000000e+08
1.545109360000000000e+08
1.428283810000000000e+08
1.502533290000000000e+08
1.493977430000000000e+08
1.476269110000000000e+08
1.540118660000000000e+08
1.424577610000000000e+08
1.424397700000000000e+08
1.429332000000000000e+08
1.376493800000000000e+08
1.427456980000000000e+08
1.541075310000000000e+08
1.037005570000000000e+08
1.542045950000000000e+08
1.540875940000000000e+08
1.499275820000000000e+08
1.102601958000000000e+09
1.386645740000000000e+08
1.428729650000000000e+08
1.488951520000000000e+08
1.000090420000000000e+08
1.429458070000000000e+08
1.385807170000000000e+08
1.493619220000000000e+08
1.423821260000000000e+08
1.174197510000000000e+08
1.429632100000000000e+08
1.042982000000000000e+06
1.429615450000000000e+08
1.377105820000000000e+08
1.502665160000000000e+08
1.476068670000000000e+08
1.423081240000000000e+08
1.038053870000000000e+08
1.423195400000000000e+08
1.540069880000000000e+08
1.425634060000000000e+08
1.386891490000000000e+08
1.429624810000000000e+08
1.545670330000000000e+08
1.263682810000000000e+08
1.386886510000000000e+08
1.172221740000000000e+08
1.427486470000000000e+08
1.423723860000000000e+08
1.494433220000000000e+08
1.476816560000000000e+08
1.540675100000000000e+08
1.263196610000000000e+08
1.102636440000000000e+09
1.538972630000000000e+08
1.401134542000000000e+09
1.173558050000000000e+08
1.171610880000000000e+08
1.037416290000000000e+08
1.103005000000000000e+06
1.503441720000000000e+08
1.054834620000000000e+08
1.429036580000000000e+08
1.488399730000000000e+08
1.488388940000000000e+08
1.545502980000000000e+08
1.411200710000000000e+08
1.394160150000000000e+08
1.158095710000000000e+08
1.394151000000000000e+08
1.501719400000000000e+08
1.037524400000000000e+08
1.377700920000000000e+08
1.539201980000000000e+08
1.502286450000000000e+08
1.378894540000000000e+08
1.065668000000000000e+06
1.503437570000000000e+08
1.424454450000000000e+08
1.428788950000000000e+08
1.377774290000000000e+08
1.540872990000000000e+08
1.054383740000000000e+08
1.043354000000000000e+06
1.499154580000000000e+08
1.488935640000000000e+08
1.493965810000000000e+08
1.544841320000000000e+08
1.036858130000000000e+08
1.037416600000000000e+08
1.115423000000000000e+06
1.376449360000000000e+08
1.423012490000000000e+08
1.539773530000000000e+08
1.015476090000000000e+08
1.411202770000000000e+08
1.386641270000000000e+08
1.055758760000000000e+08
1.429340760000000000e+08
1.377282730000000000e+08
1.378035910000000000e+08
1.489317840000000000e+08
1.478929820000000000e+08
1.544560880000000000e+08
1.486557970000000000e+08
1.499283650000000000e+08
1.377088060000000000e+08
1.545670060000000000e+08
1.174143770000000000e+08
1.378025520000000000e+08
1.379582930000000000e+08
1.539735470000000000e+08
1.423225270000000000e+08
1.503442810000000000e+08
1.262366890000000000e+08
1.499127380000000000e+08
1.376431520000000000e+08
1.426173790000000000e+08
1.036336720000000000e+08
1.201286482000000000e+09
1.488419590000000000e+08
1.378895390000000000e+08
1.423194800000000000e+08
1.502656050000000000e+08
1.544899850000000000e+08
1.423961940000000000e+08
1.393677860000000000e+08
1.377333810000000000e+08
1.493662630000000000e+08
1.427802350000000000e+08
1.394151350000000000e+08
1.000113510000000000e+08
1.544926310000000000e+08
1.000141310000000000e+08
1.540097000000000000e+08
1.489631340000000000e+08
1.493969880000000000e+08
1.055779760000000000e+08
1.378091890000000000e+08
1.479357430000000000e+08
1.424397390000000000e+08
1.475625280000000000e+08
1.385813800000000000e+08
1.499289420000000000e+08
1.377268100000000000e+08
1.036892530000000000e+08
1.501617240000000000e+08
1.540916150000000000e+08
1.378885810000000000e+08
1.423075210000000000e+08
1.423950570000000000e+08
1.172196620000000000e+08
1.427837460000000000e+08
1.386608800000000000e+08
1.540887690000000000e+08
1.386615150000000000e+08
1.411299960000000000e+08
1.479509030000000000e+08
1.386527840000000000e+08
1.476860410000000000e+08
1.189165600000000000e+07
1.545115630000000000e+08
1.263232720000000000e+08
1.173539760000000000e+08
1.499120350000000000e+08
1.476859470000000000e+08
1.179195600000000000e+08
1.541829880000000000e+08
1.502764170000000000e+08
1.545658310000000000e+08
1.377699620000000000e+08
1.423805510000000000e+08
1.544916000000000000e+08
1.377769230000000000e+08
1.539199190000000000e+08
1.475603880000000000e+08
1.502766580000000000e+08
1.053796090000000000e+08
1.476126450000000000e+08
1.376473520000000000e+08
1.423984310000000000e+08
1.494688230000000000e+08
1.055779780000000000e+08
1.475602730000000000e+08
1.425920700000000000e+08
1.424398830000000000e+08
1.503634840000000000e+08
1.044165000000000000e+06
1.379356760000000000e+08
1.489178090000000000e+08
1.479363610000000000e+08
1.377337380000000000e+08
1.429461460000000000e+08
1.028186000000000000e+06
1.425653840000000000e+08
1.423478790000000000e+08
1.540688810000000000e+08
1.036860380000000000e+08
1.488952020000000000e+08
1.038022940000000000e+08
1.036334340000000000e+08
1.423853590000000000e+08
1.502271880000000000e+08
1.036057780000000000e+08
1.488360520000000000e+08
1.541821440000000000e+08
1.544902010000000000e+08
1.171640310000000000e+08
1.489636300000000000e+08
1.540073570000000000e+08
1.175063390000000000e+08
1.066665000000000000e+06
1.545502090000000000e+08
1.173565220000000000e+08
1.423023550000000000e+08
1.035713880000000000e+08
1.427809440000000000e+08
1.493995730000000000e+08
1.489166260000000000e+08
1.501622220000000000e+08
1.377139810000000000e+08
1.476796720000000000e+08
1.387092160000000000e+08
1.036998160000000000e+08
1.489655930000000000e+08
1.054885160000000000e+08
1.423970060000000000e+08
1.486725220000000000e+08
1.542042090000000000e+08
1.493678240000000000e+08
1.494510970000000000e+08
1.055061400000000000e+08
1.394006720000000000e+08
1.545489400000000000e+08
1.055764960000000000e+08
1.489667960000000000e+08
1.425921530000000000e+08
1.376418990000000000e+08
1.377347990000000000e+08
1.411296570000000000e+08
1.376472710000000000e+08
1.035704460000000000e+08
1.386196680000000000e+08
1.541252710000000000e+08
1.015496430000000000e+08
1.171607060000000000e+08
1.541081460000000000e+08
1.423718880000000000e+08
1.502689670000000000e+08
1.476131280000000000e+08
1.476442230000000000e+08
1.489147260000000000e+08
1.539746550000000000e+08
1.422769790000000000e+08
1.037538670000000000e+08
1.428778840000000000e+08
1.424464330000000000e+08
1.172957820000000000e+08
1.499280000000000000e+08
1.174170230000000000e+08
1.501838390000000000e+08
1.385437610000000000e+08
1.540880160000000000e+08
1.493702630000000000e+08
1.540679250000000000e+08
1.423813640000000000e+08
1.425878270000000000e+08
1.489174250000000000e+08
1.054393310000000000e+08
1.102591398000000000e+09
1.494381210000000000e+08
1.423174420000000000e+08
1.173537670000000000e+08
1.042770000000000000e+06
1.054897150000000000e+08
1.037430970000000000e+08
1.100839000000000000e+06
1.428480770000000000e+08
1.494522610000000000e+08
1.494534210000000000e+08
1.486543620000000000e+08
1.411313010000000000e+08
1.201228157000000000e+09
1.379674820000000000e+08
1.400934613000000000e+09
1.055341040000000000e+08
1.255520510000000000e+08
1.479210990000000000e+08
1.379393760000000000e+08
1.379681910000000000e+08
1.539917830000000000e+08
1.263192620000000000e+08
1.424424500000000000e+08
1.488779840000000000e+08
1.097851000000000000e+06
1.173547100000000000e+08
1.172539840000000000e+08
1.502514650000000000e+08
1.387103340000000000e+08
1.036927900000000000e+08
1.540141600000000000e+08
1.476812840000000000e+08
1.425349830000000000e+08
1.478206070000000000e+08
1.053796590000000000e+08
1.545666110000000000e+08
1.540868640000000000e+08
1.055087730000000000e+08
1.175060700000000000e+08
1.539757460000000000e+08
1.542177480000000000e+08
1.271314855000000000e+09
1.401045351000000000e+09
1.377339270000000000e+08
1.054855900000000000e+08
1.037412870000000000e+08
1.428778700000000000e+08
1.489665800000000000e+08
1.036554260000000000e+08
1.429357390000000000e+08
1.502768350000000000e+08
1.001491819000000000e+09
1.377332230000000000e+08
1.386329110000000000e+08
1.476863060000000000e+08
1.544907610000000000e+08
1.475764760000000000e+08
1.378832610000000000e+08
1.423084780000000000e+08
1.545702790000000000e+08
1.428624460000000000e+08
1.379043970000000000e+08
1.499271500000000000e+08
1.539512170000000000e+08
1.411476180000000000e+08
1.427388210000000000e+08
1.189133800000000000e+07
1.489120170000000000e+08
1.493999890000000000e+08
1.263252910000000000e+08
1.263220040000000000e+08
1.015766750000000000e+08
1.541652820000000000e+08
1.499128710000000000e+08
1.378099600000000000e+08
1.427918910000000000e+08
1.429456890000000000e+08
1.502296320000000000e+08
1.036894870000000000e+08
1.201200652000000000e+09
1.540917660000000000e+08
1.369469300000000000e+08
1.493666830000000000e+08
1.394172800000000000e+08
1.540116940000000000e+08
1.428263760000000000e+08
1.263226560000000000e+08
1.479920960000000000e+08
1.411301270000000000e+08
1.038032720000000000e+08
1.489117810000000000e+08
1.503250740000000000e+08
1.424913000000000000e+08
1.378826120000000000e+08
1.423065180000000000e+08
1.476420570000000000e+08
1.489336020000000000e+08
1.263672630000000000e+08
1.171596710000000000e+08
1.172736620000000000e+08
1.183561500000000000e+07
1.544751490000000000e+08
1.540677970000000000e+08
1.426342670000000000e+08
1.038080230000000000e+08
1.385057540000000000e+08
1.054870830000000000e+08
1.036556600000000000e+08
1.427916730000000000e+08
1.502289370000000000e+08
1.540916300000000000e+08
1.262387660000000000e+08
1.385086050000000000e+08
1.035708640000000000e+08
1.427921480000000000e+08
1.489328230000000000e+08
1.540085040000000000e+08
1.066957000000000000e+06
1.386659040000000000e+08
1.424398790000000000e+08
1.424130900000000000e+08
1.538976150000000000e+08
1.255292390000000000e+08
1.377291540000000000e+08
1.036853490000000000e+08
1.429056560000000000e+08
1.015401560000000000e+08
1.101202000000000000e+06
1.428102070000000000e+08
1.172738510000000000e+08
1.539734410000000000e+08
1.423207150000000000e+08
1.476057580000000000e+08
1.377278270000000000e+08
1.503272160000000000e+08
1.427495290000000000e+08
1.425359490000000000e+08
1.376457960000000000e+08
1.502674370000000000e+08
1.540902430000000000e+08
1.427918320000000000e+08
1.036877770000000000e+08
1.174114770000000000e+08
1.476801590000000000e+08
1.476817190000000000e+08
1.502260950000000000e+08
1.263216150000000000e+08
1.477138910000000000e+08
1.379340660000000000e+08
1.172199880000000000e+08
1.502282990000000000e+08
1.037515390000000000e+08
1.394186130000000000e+08
1.385047410000000000e+08
1.427815740000000000e+08
1.263203450000000000e+08
1.540114030000000000e+08
1.386534720000000000e+08
1.544586160000000000e+08
1.494537380000000000e+08
1.425851180000000000e+08
1.423066060000000000e+08
1.385905890000000000e+08
1.428780960000000000e+08
1.476053930000000000e+08
1.540900770000000000e+08
1.502659940000000000e+08
1.426175720000000000e+08
1.501719500000000000e+08
1.038032070000000000e+08
1.545672100000000000e+08
1.423008220000000000e+08
1.499281730000000000e+08
1.173784960000000000e+08
1.095587000000000000e+06
1.172525470000000000e+08
1.545494530000000000e+08
1.378032260000000000e+08
1.429037590000000000e+08
1.425641110000000000e+08
1.489177090000000000e+08
1.054406420000000000e+08
1.540671540000000000e+08
1.378105760000000000e+08
1.539768290000000000e+08
1.411289930000000000e+08
1.385595250000000000e+08
1.540873980000000000e+08
1.541656720000000000e+08
1.539703480000000000e+08
1.476441870000000000e+08
1.489693120000000000e+08
1.539198560000000000e+08
1.378878470000000000e+08
1.036851340000000000e+08
1.055103630000000000e+08
1.545697580000000000e+08
1.037528170000000000e+08
1.190842200000000000e+07
1.255518480000000000e+08
1.376475650000000000e+08
1.429411540000000000e+08
1.171667010000000000e+08
1.262366480000000000e+08
1.544747490000000000e+08
1.424910570000000000e+08
1.379057750000000000e+08
1.038027650000000000e+08
1.540925580000000000e+08
1.054383180000000000e+08
1.428478090000000000e+08
1.540123760000000000e+08
1.385074840000000000e+08
1.271359291000000000e+09
1.499171290000000000e+08
1.385455520000000000e+08
1.385882560000000000e+08
1.386593480000000000e+08
1.262379440000000000e+08
1.424573590000000000e+08
1.488396340000000000e+08
1.488954320000000000e+08
1.540926480000000000e+08
1.055755370000000000e+08
1.476700710000000000e+08
1.540109090000000000e+08
1.255276290000000000e+08
1.100695000000000000e+06
1.385609210000000000e+08
1.263190110000000000e+08
1.037414380000000000e+08
1.476275280000000000e+08
1.423805410000000000e+08
1.499283720000000000e+08
1.036326770000000000e+08
1.544538750000000000e+08
1.369500320000000000e+08
1.545670110000000000e+08
1.179203820000000000e+08
1.103214000000000000e+06
1.263217780000000000e+08
1.425850720000000000e+08
1.423853960000000000e+08
1.377327340000000000e+08
1.476281630000000000e+08
1.369485410000000000e+08
1.425346050000000000e+08
1.102350000000000000e+06
1.263147600000000000e+08
1.386645230000000000e+08
1.428486170000000000e+08
1.037552490000000000e+08
1.426154350000000000e+08
1.476269460000000000e+08
1.054383110000000000e+08
1.541063260000000000e+08
1.426170770000000000e+08
1.541825490000000000e+08
1.054396970000000000e+08
1.544740360000000000e+08
1.494387410000000000e+08
1.036051970000000000e+08
1.262372320000000000e+08
1.541650550000000000e+08
1.385775410000000000e+08
1.493645530000000000e+08
1.493963670000000000e+08
1.262757540000000000e+08
1.262380570000000000e+08
1.172983500000000000e+08
1.478206980000000000e+08
1.493983230000000000e+08
1.427856190000000000e+08
1.425027060000000000e+08
1.423083960000000000e+08
1.539919210000000000e+08
1.393818600000000000e+08
1.102503442000000000e+09
1.179201120000000000e+08
1.502926830000000000e+08
1.044430000000000000e+06
1.541822430000000000e+08
1.478935560000000000e+08
1.488789310000000000e+08
1.540894720000000000e+08
1.015398500000000000e+08
1.394143760000000000e+08
1.037004230000000000e+08
1.479534010000000000e+08
1.479525370000000000e+08
1.043105000000000000e+06
1.429419350000000000e+08
1.175085440000000000e+08
1.377513440000000000e+08
1.377347580000000000e+08
1.502691760000000000e+08
1.401120538000000000e+09
1.539502370000000000e+08
1.424130010000000000e+08
1.479378600000000000e+08
1.488957500000000000e+08
1.172762190000000000e+08
1.503172140000000000e+08
1.479359670000000000e+08
1.545666240000000000e+08
1.400801643000000000e+09
1.255513930000000000e+08
1.429465300000000000e+08
1.385803260000000000e+08
1.378008450000000000e+08
1.486239930000000000e+08
1.263215930000000000e+08
1.054864610000000000e+08
1.172990520000000000e+08
1.158272900000000000e+08
1.262783470000000000e+08
1.401023908000000000e+09
1.499123960000000000e+08
1.262398510000000000e+08
1.262394230000000000e+08
1.158553040000000000e+08
1.475638750000000000e+08
1.423082090000000000e+08
1.369493190000000000e+08
1.476802630000000000e+08
1.385903200000000000e+08
1.476119650000000000e+08
1.386534580000000000e+08
1.158603030000000000e+08
1.429818070000000000e+08
1.502278140000000000e+08
1.263508840000000000e+08
1.055340780000000000e+08
1.394188040000000000e+08
1.369475730000000000e+08
1.376491230000000000e+08
1.476278660000000000e+08
1.423722490000000000e+08
1.479516000000000000e+08
1.540714000000000000e+08
1.411294650000000000e+08
1.116124000000000000e+06
1.377106020000000000e+08
1.035811550000000000e+08
1.378014990000000000e+08
1.486236360000000000e+08
1.263153790000000000e+08
1.476867430000000000e+08
1.423858270000000000e+08
1.263167550000000000e+08
1.493624040000000000e+08
1.488421080000000000e+08
1.499275120000000000e+08
1.255521510000000000e+08
1.488393150000000000e+08
1.263222680000000000e+08
1.494531910000000000e+08
1.425889540000000000e+08
1.035808770000000000e+08
1.429426770000000000e+08
1.544752060000000000e+08
1.494687960000000000e+08
1.476270720000000000e+08
1.429463080000000000e+08
1.035820960000000000e+08
1.385810980000000000e+08
1.424721080000000000e+08
1.429803160000000000e+08
1.054859100000000000e+08
1.158558160000000000e+08
1.427809390000000000e+08
1.489621550000000000e+08
1.499122090000000000e+08
1.171252110000000000e+08
1.502517510000000000e+08
1.263491900000000000e+08
1.545492500000000000e+08
1.429036190000000000e+08
1.423218340000000000e+08
1.377280340000000000e+08
1.427464710000000000e+08
1.376436500000000000e+08
1.386879230000000000e+08
1.173550570000000000e+08
1.038035200000000000e+08
1.377284840000000000e+08
1.425664130000000000e+08
1.424418300000000000e+08
1.423823820000000000e+08
1.376739770000000000e+08
1.037503850000000000e+08
1.055765190000000000e+08
1.377521810000000000e+08
1.539768310000000000e+08
1.494180730000000000e+08
1.425202240000000000e+08
1.426187970000000000e+08
1.385429990000000000e+08
1.542042080000000000e+08
1.427388790000000000e+08
1.476709880000000000e+08
1.001405934000000000e+09
1.055756310000000000e+08
1.425671360000000000e+08
1.541067580000000000e+08
1.036039530000000000e+08
1.545647960000000000e+08
1.489130530000000000e+08
1.000087120000000000e+08
1.499194940000000000e+08
1.376767100000000000e+08
1.475747680000000000e+08
1.539184200000000000e+08
1.539495010000000000e+08
1.425366390000000000e+08
1.271268578000000000e+09
1.502687830000000000e+08
1.263508200000000000e+08
1.502265250000000000e+08
1.540092380000000000e+08
1.263191580000000000e+08
1.499509200000000000e+08
1.393675620000000000e+08
1.479531200000000000e+08
1.377503320000000000e+08
1.385789060000000000e+08
1.479944690000000000e+08
1.377714030000000000e+08
1.476257550000000000e+08
1.428633080000000000e+08
1.386347180000000000e+08
1.036320480000000000e+08
1.476856230000000000e+08
1.385415790000000000e+08
1.423078760000000000e+08
1.428084470000000000e+08
1.386492160000000000e+08
1.386607980000000000e+08
1.476074990000000000e+08
1.015925200000000000e+08
1.035715780000000000e+08
1.499284150000000000e+08
1.479220280000000000e+08
1.423501210000000000e+08
1.427829680000000000e+08
1.499176320000000000e+08
1.489136010000000000e+08
1.425191300000000000e+08
1.379359600000000000e+08
1.479353890000000000e+08
1.423839680000000000e+08
1.541253260000000000e+08
1.489697620000000000e+08
1.055130850000000000e+08
1.493618490000000000e+08
1.502665220000000000e+08
1.475633120000000000e+08
1.171232010000000000e+08
1.427827520000000000e+08
1.171609340000000000e+08
1.171641610000000000e+08
1.489621200000000000e+08
1.036333360000000000e+08
1.400714115000000000e+09
1.172772680000000000e+08
1.539362180000000000e+08
1.479227880000000000e+08
1.158253880000000000e+08
1.385775590000000000e+08
1.427270220000000000e+08
1.001420991000000000e+09
1.378043180000000000e+08
1.423839140000000000e+08
1.488387140000000000e+08
1.488360260000000000e+08
1.000112080000000000e+08
1.376716440000000000e+08
1.379062100000000000e+08
1.385428650000000000e+08
1.479371480000000000e+08
1.502769470000000000e+08
1.411463620000000000e+08
1.499110020000000000e+08
1.501621410000000000e+08
1.539183510000000000e+08
1.493975430000000000e+08
1.385061140000000000e+08
1.429404120000000000e+08
1.175077420000000000e+08
1.158571770000000000e+08
1.386636270000000000e+08
1.476739280000000000e+08
1.262787700000000000e+08
1.400921376000000000e+09
1.174105860000000000e+08
1.255291440000000000e+08
1.386633570000000000e+08
1.037506510000000000e+08
1.493957660000000000e+08
1.262768800000000000e+08
1.376498530000000000e+08
1.493687870000000000e+08
1.545670320000000000e+08
1.174091120000000000e+08
1.424423450000000000e+08
1.502931670000000000e+08
1.489599280000000000e+08
1.489142880000000000e+08
1.429633490000000000e+08
1.005932200000000000e+07
1.475764120000000000e+08
1.386878470000000000e+08
1.386874350000000000e+08
1.545659260000000000e+08
1.172982590000000000e+08
1.423222650000000000e+08
1.540670540000000000e+08
1.544573680000000000e+08
1.423007560000000000e+08
1.172720970000000000e+08
1.489106020000000000e+08
1.489689780000000000e+08
1.502657690000000000e+08
1.411313620000000000e+08
1.502267890000000000e+08
1.427517970000000000e+08
1.479522170000000000e+08
1.425917760000000000e+08
1.427802010000000000e+08
1.502254020000000000e+08
1.426184110000000000e+08
1.479716120000000000e+08
1.173817370000000000e+08
1.262773960000000000e+08
1.541069570000000000e+08
1.429614600000000000e+08
1.540123840000000000e+08
1.377522070000000000e+08
1.172787320000000000e+08
1.038075260000000000e+08
1.427264630000000000e+08
1.271237667000000000e+09
1.486564820000000000e+08
1.386344460000000000e+08
1.425364430000000000e+08
1.378021000000000000e+08
1.055767110000000000e+08
1.263502980000000000e+08
1.054404520000000000e+08
1.539743800000000000e+08
1.493686750000000000e+08
1.385054830000000000e+08
1.394183910000000000e+08
1.394184360000000000e+08
1.054890070000000000e+08
1.174100150000000000e+08
1.378043870000000000e+08
1.493691110000000000e+08
1.386509030000000000e+08
1.386348990000000000e+08
1.426182440000000000e+08
1.479406450000000000e+08
1.255524280000000000e+08
1.477138800000000000e+08
1.054407390000000000e+08
1.479535740000000000e+08
1.493675340000000000e+08
1.502264340000000000e+08
1.386521330000000000e+08
1.427819100000000000e+08
1.158098210000000000e+08
1.027928000000000000e+06
1.036886140000000000e+08
1.541647670000000000e+08
1.158593320000000000e+08
1.486231000000000000e+08
1.036334720000000000e+08
1.425358000000000000e+08
1.429423090000000000e+08
1.015487990000000000e+08
1.172733440000000000e+08
1.172783280000000000e+08
1.476252880000000000e+08
1.541259480000000000e+08
1.055758450000000000e+08
1.379359840000000000e+08
1.503882030000000000e+08
1.000120360000000000e+08
1.486236040000000000e+08
1.493699700000000000e+08
1.476250640000000000e+08
1.493675970000000000e+08
1.102452862000000000e+09
1.424890300000000000e+08
1.425864080000000000e+08
1.037001940000000000e+08
1.488942890000000000e+08
1.544858870000000000e+08
1.174138940000000000e+08
1.493964980000000000e+08
1.493623400000000000e+08
1.015401350000000000e+08
1.173563440000000000e+08
1.493627210000000000e+08
1.044246000000000000e+06
1.054832440000000000e+08
1.489711460000000000e+08
1.171674550000000000e+08
1.379595670000000000e+08
1.540072470000000000e+08
1.503873030000000000e+08
1.427482830000000000e+08
1.378100620000000000e+08
1.055070450000000000e+08
1.429057110000000000e+08
1.501705280000000000e+08
1.502532020000000000e+08
1.001651081000000000e+09
1.476735530000000000e+08
1.377759850000000000e+08
1.427378660000000000e+08
1.393793580000000000e+08
1.502300840000000000e+08
1.541809910000000000e+08
1.255303260000000000e+08
1.545692300000000000e+08
1.493630450000000000e+08
1.369448260000000000e+08
1.539756740000000000e+08
1.426195830000000000e+08
1.385811890000000000e+08
1.376487510000000000e+08
1.478979460000000000e+08
1.428475720000000000e+08
1.158564600000000000e+08
1.425846180000000000e+08
1.479506200000000000e+08
1.158575870000000000e+08
1.386639020000000000e+08
1.424465240000000000e+08
1.386523720000000000e+08
1.479932770000000000e+08
1.427485580000000000e+08
1.000102260000000000e+08
1.502801990000000000e+08
1.172719320000000000e+08
1.377346240000000000e+08
1.120305000000000000e+06
1.385427960000000000e+08
1.539904460000000000e+08
1.428103470000000000e+08
1.541262080000000000e+08
1.477138580000000000e+08
1.174180900000000000e+08
1.541063790000000000e+08
1.424901370000000000e+08
1.386609990000000000e+08
1.001545355000000000e+09
1.478956070000000000e+08
1.425023950000000000e+08
1.038060030000000000e+08
1.393658860000000000e+08
1.036568740000000000e+08
1.423946560000000000e+08
1.376752240000000000e+08
1.427827150000000000e+08
1.035808940000000000e+08
1.544550520000000000e+08
1.385043920000000000e+08
1.489661210000000000e+08
1.038074700000000000e+08
1.426169710000000000e+08
1.493974200000000000e+08
1.430079230000000000e+08
1.385781550000000000e+08
1.429616210000000000e+08
1.158566540000000000e+08
1.479381880000000000e+08
1.493637990000000000e+08
1.489674760000000000e+08
1.386634820000000000e+08
1.379055100000000000e+08
1.425917780000000000e+08
1.172803940000000000e+08
1.428631070000000000e+08
1.255530520000000000e+08
1.502517630000000000e+08
1.385058290000000000e+08
1.429629090000000000e+08
1.426156880000000000e+08
1.540708290000000000e+08
1.386864180000000000e+08
1.423188970000000000e+08
1.263207760000000000e+08
1.541063340000000000e+08
1.174164290000000000e+08
1.541064930000000000e+08
1.486231440000000000e+08
1.015762330000000000e+08
1.479210140000000000e+08
1.424151550000000000e+08
1.394153710000000000e+08
1.255287960000000000e+08
1.541246070000000000e+08
1.479690490000000000e+08
1.393993910000000000e+08
1.503851590000000000e+08
1.479392110000000000e+08
1.425357210000000000e+08
1.263125890000000000e+08
1.386187270000000000e+08
1.488955760000000000e+08
1.540107280000000000e+08
1.379571740000000000e+08
1.378303160000000000e+08
1.172210230000000000e+08
1.386886130000000000e+08
1.427490450000000000e+08
1.386872240000000000e+08
1.540121880000000000e+08
1.378813410000000000e+08
1.263149330000000000e+08
1.486793620000000000e+08
1.425655050000000000e+08
1.055756910000000000e+08
1.400807589000000000e+09
1.379365830000000000e+08
1.376463420000000000e+08
1.369487120000000000e+08
1.423843350000000000e+08
1.429613840000000000e+08
1.423872200000000000e+08
1.493681960000000000e+08
1.174131440000000000e+08
1.428780150000000000e+08
1.400770435000000000e+09
1.544923780000000000e+08
1.385069710000000000e+08
1.385885400000000000e+08
1.263125240000000000e+08
1.479373760000000000e+08
1.501850310000000000e+08
1.494403870000000000e+08
1.540118580000000000e+08
1.544755080000000000e+08
1.493446780000000000e+08
1.255288590000000000e+08
1.489636350000000000e+08
1.479216410000000000e+08
1.540119000000000000e+08
1.054873170000000000e+08
1.066738000000000000e+06
1.544559530000000000e+08
1.377715800000000000e+08
1.054897320000000000e+08
1.000130150000000000e+08
1.502656750000000000e+08
1.493987860000000000e+08
1.488935140000000000e+08
1.423740600000000000e+08
1.426174030000000000e+08
1.423183450000000000e+08
1.427853980000000000e+08
1.172981760000000000e+08
1.540109120000000000e+08
1.429628670000000000e+08
1.394153760000000000e+08
1.478954020000000000e+08
1.369477430000000000e+08
1.478982250000000000e+08
1.476059370000000000e+08
1.539371100000000000e+08
1.424419100000000000e+08
1.539752890000000000e+08
1.476722060000000000e+08
1.502695790000000000e+08
1.545650550000000000e+08
1.502522210000000000e+08
1.494523620000000000e+08
1.489618860000000000e+08
1.545633840000000000e+08
1.478949340000000000e+08
1.479405630000000000e+08
1.499112320000000000e+08
1.502764120000000000e+08
1.423951760000000000e+08
1.478961040000000000e+08
1.493973120000000000e+08
1.037436900000000000e+08
1.035820310000000000e+08
1.476246670000000000e+08
1.493994200000000000e+08
1.540688270000000000e+08
1.027083000000000000e+06
1.067965000000000000e+06
1.377778100000000000e+08
1.540691020000000000e+08
1.179203460000000000e+08
1.000140100000000000e+08
1.036563990000000000e+08
1.493974180000000000e+08
1.429365120000000000e+08
1.499161520000000000e+08
1.179206030000000000e+08
1.173574630000000000e+08
1.172809210000000000e+08
1.499294030000000000e+08
1.102628617000000000e+09
1.428715160000000000e+08
1.015936210000000000e+08
1.489134360000000000e+08
1.478928750000000000e+08
1.427933980000000000e+08
1.486544410000000000e+08
1.539919460000000000e+08
1.001651765000000000e+09
1.476712450000000000e+08
1.501618950000000000e+08
1.478959260000000000e+08
1.502258460000000000e+08
1.540703150000000000e+08
1.489146720000000000e+08
1.042432000000000000e+06
1.429801530000000000e+08
1.540103910000000000e+08
1.486568170000000000e+08
1.545647950000000000e+08
1.502926320000000000e+08
1.055105890000000000e+08
1.503269270000000000e+08
1.499193300000000000e+08
1.499153570000000000e+08
1.000119080000000000e+08
1.036842890000000000e+08
1.036060330000000000e+08
1.255293460000000000e+08
1.479529220000000000e+08
1.038068530000000000e+08
1.540920740000000000e+08
1.428714980000000000e+08
1.158563520000000000e+08
1.369456310000000000e+08
1.102660250000000000e+09
1.378880170000000000e+08
1.427515440000000000e+08
1.425204070000000000e+08
1.427922040000000000e+08
1.427382280000000000e+08
1.376713050000000000e+08
1.103206000000000000e+06
1.545709280000000000e+08
1.544551980000000000e+08
1.424299890000000000e+08
1.488380530000000000e+08
1.538972660000000000e+08
1.494428310000000000e+08
1.488419690000000000e+08
1.488372360000000000e+08
1.503441770000000000e+08
1.424434250000000000e+08
1.369505500000000000e+08
1.545663330000000000e+08
1.377503780000000000e+08
1.379054420000000000e+08
1.501828690000000000e+08
1.255508060000000000e+08
1.174203430000000000e+08
1.369512480000000000e+08
1.036564700000000000e+08
1.102701768000000000e+09
1.502277320000000000e+08
1.377720650000000000e+08
1.493967530000000000e+08
1.201307286000000000e+09
1.000102860000000000e+08
1.369492020000000000e+08
1.385594210000000000e+08
1.378308290000000000e+08
1.425205160000000000e+08
1.476850960000000000e+08
1.000110760000000000e+08
1.054393560000000000e+08
1.054842420000000000e+08
1.540919960000000000e+08
1.386863290000000000e+08
1.479925620000000000e+08
1.423175010000000000e+08
1.540143480000000000e+08
1.478965570000000000e+08
1.544743740000000000e+08
1.540938400000000000e+08
1.423976110000000000e+08
1.054895900000000000e+08
1.263236240000000000e+08
1.541245570000000000e+08
1.539198760000000000e+08
1.036893910000000000e+08
1.539500560000000000e+08
1.486772450000000000e+08
1.035712380000000000e+08
1.427855270000000000e+08
1.255506470000000000e+08
1.183533000000000000e+07
1.479213430000000000e+08
1.255284100000000000e+08
1.501697490000000000e+08
1.423175060000000000e+08
1.385083840000000000e+08
1.385773410000000000e+08
1.000136000000000000e+08
1.385063110000000000e+08
1.502657160000000000e+08
1.426343870000000000e+08
1.541075340000000000e+08
1.476278220000000000e+08
1.489661810000000000e+08
1.489156840000000000e+08
1.501620530000000000e+08
1.115703000000000000e+06
1.377722800000000000e+08
1.171594250000000000e+08
1.476737160000000000e+08
1.411467980000000000e+08
1.539905130000000000e+08
1.386590030000000000e+08
1.544924320000000000e+08
1.173798350000000000e+08
1.488788960000000000e+08
1.377087540000000000e+08
1.377699830000000000e+08
1.423983790000000000e+08
1.502515210000000000e+08
1.494687780000000000e+08
1.158558290000000000e+08
1.376501920000000000e+08
1.545675740000000000e+08
1.055336190000000000e+08
1.425838580000000000e+08
1.423816640000000000e+08
1.486269920000000000e+08
1.385427360000000000e+08
1.425029690000000000e+08
1.102339958000000000e+09
1.035822370000000000e+08
1.476271150000000000e+08
1.174181680000000000e+08
1.158560770000000000e+08
1.539755150000000000e+08
1.174104700000000000e+08
1.476077120000000000e+08
1.476870630000000000e+08
1.428271300000000000e+08
1.000121640000000000e+08
1.493947770000000000e+08
1.475616930000000000e+08
1.545703480000000000e+08
1.171250130000000000e+08
1.501845530000000000e+08
1.488395710000000000e+08
1.429041840000000000e+08
1.102550101000000000e+09
1.377140200000000000e+08
1.486750200000000000e+08
1.429321720000000000e+08
1.378898870000000000e+08
1.502254730000000000e+08
1.183578900000000000e+07
1.479538850000000000e+08
1.478937390000000000e+08
1.540703830000000000e+08
1.037508610000000000e+08
1.540119350000000000e+08
1.424453920000000000e+08
1.540124520000000000e+08
1.038074730000000000e+08
1.055755190000000000e+08
1.015761160000000000e+08
1.489690500000000000e+08
1.411478300000000000e+08
1.054392070000000000e+08
1.541072300000000000e+08
1.001444020000000000e+09
1.394162870000000000e+08
1.015493310000000000e+08
1.000116510000000000e+08
1.174114100000000000e+08
1.255295540000000000e+08
1.541828430000000000e+08
1.016156400000000000e+08
1.055084760000000000e+08
1.097431000000000000e+06
1.173782750000000000e+08
1.479510180000000000e+08
1.544920210000000000e+08
1.489690570000000000e+08
1.400695475000000000e+09
1.423959250000000000e+08
1.377086790000000000e+08
1.172469030000000000e+08
1.501827020000000000e+08
1.539177250000000000e+08
1.427861790000000000e+08
1.423176640000000000e+08
1.488939540000000000e+08
1.479519850000000000e+08
1.054891830000000000e+08
1.494402910000000000e+08
1.386646130000000000e+08
1.378820830000000000e+08
1.379359240000000000e+08
1.271365948000000000e+09
1.378300340000000000e+08
1.054831810000000000e+08
1.476106230000000000e+08
1.428627920000000000e+08
1.489317170000000000e+08
1.411466180000000000e+08
1.036926700000000000e+08
1.102359033000000000e+09
1.425891640000000000e+08
1.539723940000000000e+08
1.038031770000000000e+08
1.539177590000000000e+08
1.376728770000000000e+08
1.175072380000000000e+08
1.424426760000000000e+08
1.036891010000000000e+08
1.036899120000000000e+08
1.426175150000000000e+08
1.502672050000000000e+08
1.502525190000000000e+08
1.423489910000000000e+08
1.428267050000000000e+08
1.426159290000000000e+08
1.427269550000000000e+08
1.428772280000000000e+08
1.158602070000000000e+08
1.475763030000000000e+08
1.502254190000000000e+08
1.477139690000000000e+08
1.476819550000000000e+08
1.015760890000000000e+08
1.429800260000000000e+08
1.427807230000000000e+08
1.055129230000000000e+08
1.494696560000000000e+08
1.475601420000000000e+08
1.262365600000000000e+08
1.386510460000000000e+08
1.036901990000000000e+08
1.386521820000000000e+08
1.429425470000000000e+08
1.424577000000000000e+08
1.393994120000000000e+08
1.172986230000000000e+08
1.158598560000000000e+08
1.174192090000000000e+08
1.540116970000000000e+08
1.015468750000000000e+08
1.035732040000000000e+08
1.054393350000000000e+08
1.036880260000000000e+08
1.393673650000000000e+08
1.015764940000000000e+08
1.171615060000000000e+08
1.174091090000000000e+08
1.376483220000000000e+08
1.055770690000000000e+08
1.201291460000000000e+09
1.369483860000000000e+08
1.494512280000000000e+08
1.479522700000000000e+08
1.036576320000000000e+08
1.037437340000000000e+08
1.378831090000000000e+08
1.499294520000000000e+08
1.042949000000000000e+06
1.385435730000000000e+08
1.489102040000000000e+08
1.385412260000000000e+08
1.502535660000000000e+08
1.540874000000000000e+08
1.425843330000000000e+08
1.486548620000000000e+08
1.424406440000000000e+08
1.379682530000000000e+08
1.174148200000000000e+08
1.179323230000000000e+08
1.486214010000000000e+08
1.476259460000000000e+08
1.369460030000000000e+08
1.488937030000000000e+08
1.493991330000000000e+08
1.489091300000000000e+08
1.541815490000000000e+08
1.424419990000000000e+08
1.423489560000000000e+08
1.502664820000000000e+08
1.054388890000000000e+08
1.478208940000000000e+08
1.255520830000000000e+08
1.201228154000000000e+09
1.401020353000000000e+09
1.262382290000000000e+08
1.158256980000000000e+08
1.488391010000000000e+08
1.005873100000000000e+07
1.255528410000000000e+08
1.427271820000000000e+08
1.425652810000000000e+08
1.378809810000000000e+08
1.179312310000000000e+08
1.386509180000000000e+08
1.545711780000000000e+08
1.502514660000000000e+08
1.542042850000000000e+08
1.037554870000000000e+08
1.379572400000000000e+08
1.479927980000000000e+08
1.475752110000000000e+08
1.423025260000000000e+08
1.394137560000000000e+08
1.545110090000000000e+08
1.424132040000000000e+08
1.479405350000000000e+08
1.036562970000000000e+08
1.377117130000000000e+08
1.043761000000000000e+06
1.545617900000000000e+08
1.426343350000000000e+08
1.376469900000000000e+08
1.545618240000000000e+08
1.501717600000000000e+08
1.201366098000000000e+09
1.263201090000000000e+08
1.171666130000000000e+08
1.385764480000000000e+08
1.545694050000000000e+08
1.172226110000000000e+08
1.502521600000000000e+08
1.171673440000000000e+08
1.379359400000000000e+08
1.493689790000000000e+08
1.037020880000000000e+08
1.171600890000000000e+08
1.423845360000000000e+08
1.035808250000000000e+08
1.426157610000000000e+08
1.502295530000000000e+08
1.172185970000000000e+08
1.541254770000000000e+08
1.502768440000000000e+08
1.262763960000000000e+08
1.054883170000000000e+08
1.540870680000000000e+08
1.263226200000000000e+08
1.377778480000000000e+08
1.377127810000000000e+08
1.540700260000000000e+08
1.476275650000000000e+08
1.015492760000000000e+08
1.385073120000000000e+08
1.489107480000000000e+08
1.262781300000000000e+08
1.489617180000000000e+08
1.499282670000000000e+08
1.423214140000000000e+08
1.015935120000000000e+08
1.540089720000000000e+08
1.385903750000000000e+08
1.379054850000000000e+08
1.379577770000000000e+08
1.503871860000000000e+08
1.378044490000000000e+08
1.425854590000000000e+08
1.171670280000000000e+08
1.423941960000000000e+08
1.423825280000000000e+08
1.171662090000000000e+08
1.015759500000000000e+08
1.479498590000000000e+08
1.377132000000000000e+08
1.158599000000000000e+08
1.502785510000000000e+08
1.429037140000000000e+08
1.386632660000000000e+08
1.544576950000000000e+08
1.501621610000000000e+08
1.201246068000000000e+09
1.423497700000000000e+08
1.386887610000000000e+08
1.539724810000000000e+08
1.378002260000000000e+08
1.425640040000000000e+08
1.476703500000000000e+08
1.428643580000000000e+08
1.401081862000000000e+09
1.425621390000000000e+08
1.476806810000000000e+08
1.425655530000000000e+08
1.424903630000000000e+08
1.494000100000000000e+08
1.476098590000000000e+08
1.174189110000000000e+08
1.036919960000000000e+08
1.539201210000000000e+08
1.158253790000000000e+08
1.005949000000000000e+07
1.171639880000000000e+08
1.486271540000000000e+08
1.036912920000000000e+08
1.476105570000000000e+08
1.377289560000000000e+08
1.545653130000000000e+08
1.545666670000000000e+08
1.422772910000000000e+08
1.172209810000000000e+08
1.175055720000000000e+08
1.502287750000000000e+08
1.494387050000000000e+08
1.000139730000000000e+08
1.015470060000000000e+08
1.502649820000000000e+08
1.172543740000000000e+08
1.544861300000000000e+08
1.158267550000000000e+08
1.544561200000000000e+08
1.201292734000000000e+09
1.386643980000000000e+08
1.539740610000000000e+08
1.502675250000000000e+08
1.429469990000000000e+08
1.501829150000000000e+08
1.271368020000000000e+09
1.476280950000000000e+08
1.193881600000000000e+07
1.499196180000000000e+08
1.476110490000000000e+08
1.400994843000000000e+09
1.386348130000000000e+08
1.501690600000000000e+08
1.486239480000000000e+08
1.427499110000000000e+08
1.427267530000000000e+08
1.067732000000000000e+06
1.171672520000000000e+08
1.172735310000000000e+08
1.499287100000000000e+08
1.493681580000000000e+08
1.054874790000000000e+08
1.427387000000000000e+08
1.386897460000000000e+08
1.425846310000000000e+08
1.540674690000000000e+08
1.476265450000000000e+08
1.386534430000000000e+08
1.544586270000000000e+08
1.262771850000000000e+08
1.036045950000000000e+08
1.541643210000000000e+08
1.489657100000000000e+08
1.502259740000000000e+08
1.400707369000000000e+09
1.189311000000000000e+07
1.475630100000000000e+08
1.545638470000000000e+08
1.377515600000000000e+08
1.376442260000000000e+08
1.376723880000000000e+08
1.377504870000000000e+08
1.053785630000000000e+08
1.489124350000000000e+08
1.476105650000000000e+08
1.499279000000000000e+08
1.476702970000000000e+08
1.377780380000000000e+08
1.263228850000000000e+08
1.000111710000000000e+08
1.376745150000000000e+08
1.478974930000000000e+08
1.385040010000000000e+08
1.102701578000000000e+09
1.255295020000000000e+08
1.000139410000000000e+08
1.000135330000000000e+08
1.028069000000000000e+06
1.376498740000000000e+08
1.172190240000000000e+08
1.193865000000000000e+07
1.428487940000000000e+08
1.489120280000000000e+08
1.502648450000000000e+08
1.489634190000000000e+08
1.499129160000000000e+08
1.425031300000000000e+08
1.476866070000000000e+08
1.502660750000000000e+08
1.016237150000000000e+08
1.262385180000000000e+08
1.502788980000000000e+08
1.476431220000000000e+08
1.263174300000000000e+08
1.544539550000000000e+08
1.545671310000000000e+08
1.178745270000000000e+08
1.255523020000000000e+08
1.489604540000000000e+08
1.379669820000000000e+08
1.015489290000000000e+08
1.423221550000000000e+08
1.541257290000000000e+08
1.502675500000000000e+08
1.065959000000000000e+06
1.376496960000000000e+08
1.476070320000000000e+08
1.429360480000000000e+08
1.501826050000000000e+08
1.502691750000000000e+08
1.378045560000000000e+08
1.479716960000000000e+08
1.172796800000000000e+08
1.493968670000000000e+08
1.544550090000000000e+08
1.476119770000000000e+08
1.425668740000000000e+08
1.178745840000000000e+08
1.429319080000000000e+08
1.158110560000000000e+08
1.540666900000000000e+08
1.428481190000000000e+08
1.425364110000000000e+08
1.544917420000000000e+08
1.102432419000000000e+09
1.540883120000000000e+08
1.386890450000000000e+08
1.174154720000000000e+08
1.377766200000000000e+08
1.427383140000000000e+08
1.429043930000000000e+08
1.263173990000000000e+08
1.502771260000000000e+08
1.479504330000000000e+08
1.426149750000000000e+08
1.158577940000000000e+08
1.488950880000000000e+08
1.387085660000000000e+08
1.540095830000000000e+08
1.540941870000000000e+08
1.426152180000000000e+08
1.096524000000000000e+06
1.171650300000000000e+08
1.425917580000000000e+08
1.425195310000000000e+08
1.476070490000000000e+08
1.103172000000000000e+06
1.493971390000000000e+08
1.479371530000000000e+08
1.385914510000000000e+08
1.494524020000000000e+08
1.036907820000000000e+08
1.476091550000000000e+08
1.376453620000000000e+08
1.476104990000000000e+08
1.158582510000000000e+08
1.542040290000000000e+08
1.428285560000000000e+08
1.488941680000000000e+08
1.539704480000000000e+08
1.054848340000000000e+08
1.499169590000000000e+08
1.424880050000000000e+08
1.401126559000000000e+09
1.426341340000000000e+08
1.427379190000000000e+08
1.423190560000000000e+08
1.479408510000000000e+08
1.493677830000000000e+08
1.544560920000000000e+08
1.476870320000000000e+08
1.015472720000000000e+08
1.036563500000000000e+08
1.158269820000000000e+08
1.476058050000000000e+08
1.055334070000000000e+08
1.426179920000000000e+08
1.054864190000000000e+08
1.425867950000000000e+08
1.499190950000000000e+08
1.174156460000000000e+08
1.540082360000000000e+08
1.386892710000000000e+08
1.429365760000000000e+08
1.423179000000000000e+08
1.425920460000000000e+08
1.172810390000000000e+08
1.036878730000000000e+08
1.393806690000000000e+08
1.501706900000000000e+08
1.423074900000000000e+08
1.424443860000000000e+08
1.424869820000000000e+08
1.475602940000000000e+08
1.423827790000000000e+08
1.423730580000000000e+08
1.055054790000000000e+08
1.540672100000000000e+08
1.386642730000000000e+08
1.489325140000000000e+08
1.263492610000000000e+08
1.174157960000000000e+08
1.102705218000000000e+09
1.174116880000000000e+08
1.036888590000000000e+08
1.384773460000000000e+08
1.545682200000000000e+08
1.489317160000000000e+08
1.489139210000000000e+08
1.379583250000000000e+08
1.427260720000000000e+08
1.489093680000000000e+08
1.386347210000000000e+08
1.489639630000000000e+08
1.171227680000000000e+08
1.539720820000000000e+08
1.545621980000000000e+08
1.393813420000000000e+08
1.476111970000000000e+08
1.377994490000000000e+08
1.158588540000000000e+08
1.175058460000000000e+08
1.425195680000000000e+08
1.393999850000000000e+08
1.036572430000000000e+08
1.386516040000000000e+08
1.271282343000000000e+09
1.488393590000000000e+08
1.376488360000000000e+08
1.385586730000000000e+08
1.499109650000000000e+08
1.377276000000000000e+08
1.036332570000000000e+08
1.489311920000000000e+08
1.424434800000000000e+08
1.489164890000000000e+08
1.423729060000000000e+08
1.263158360000000000e+08
1.037022080000000000e+08
1.488412190000000000e+08
1.411313120000000000e+08
1.425867660000000000e+08
1.489616220000000000e+08
1.102550100000000000e+09
1.369494890000000000e+08
1.501720370000000000e+08
1.476858200000000000e+08
1.479700220000000000e+08
1.385594550000000000e+08
1.171237010000000000e+08
1.190797600000000000e+07
1.158270540000000000e+08
1.423868210000000000e+08
1.378876520000000000e+08
1.541072310000000000e+08
1.054864470000000000e+08
1.037018650000000000e+08
1.038066820000000000e+08
1.423849260000000000e+08
1.489698930000000000e+08
1.425372080000000000e+08
1.501705800000000000e+08
1.501824130000000000e+08
1.189565300000000000e+07
1.036326240000000000e+08
1.489154690000000000e+08
1.486569720000000000e+08
1.425369620000000000e+08
1.263167620000000000e+08
1.385608870000000000e+08
1.429344530000000000e+08
1.478914700000000000e+08
1.376457530000000000e+08
1.411470500000000000e+08
1.262362730000000000e+08
1.262772610000000000e+08
1.476091050000000000e+08
1.427922370000000000e+08
1.544853250000000000e+08
1.422770180000000000e+08
1.488945590000000000e+08
1.054387230000000000e+08
1.476257650000000000e+08
1.384770240000000000e+08
1.489601340000000000e+08
1.493624900000000000e+08
1.174146040000000000e+08
1.541639540000000000e+08
1.400769906000000000e+09
1.425184570000000000e+08
1.036839640000000000e+08
1.428638910000000000e+08
1.429418390000000000e+08
1.423217130000000000e+08
1.427831590000000000e+08
1.538979640000000000e+08
1.263202720000000000e+08
1.376752850000000000e+08
1.502667260000000000e+08
1.053795820000000000e+08
1.378015290000000000e+08
1.377322500000000000e+08
1.035720910000000000e+08
1.369463760000000000e+08
1.427916670000000000e+08
1.189182600000000000e+07
1.172968430000000000e+08
1.426168250000000000e+08
1.378045010000000000e+08
1.377509220000000000e+08
1.424415580000000000e+08
1.540908770000000000e+08
1.478964750000000000e+08
1.189376000000000000e+07
1.036319050000000000e+08
1.427849460000000000e+08
1.428732700000000000e+08
1.488379330000000000e+08
1.544828510000000000e+08
1.422766230000000000e+08
1.376501940000000000e+08
1.493692780000000000e+08
1.385904140000000000e+08
1.425368330000000000e+08
1.174119320000000000e+08
1.038047210000000000e+08
1.486213120000000000e+08
1.429333270000000000e+08
1.036907780000000000e+08
1.172968440000000000e+08
1.423080040000000000e+08
1.502289240000000000e+08
1.423030680000000000e+08
1.545109350000000000e+08
1.102554583000000000e+09
1.425902240000000000e+08
1.541076250000000000e+08
1.539777030000000000e+08
1.486731150000000000e+08
1.476736990000000000e+08
1.015494330000000000e+08
1.037521010000000000e+08
1.385601680000000000e+08
1.479369790000000000e+08
1.178939520000000000e+08
1.501702520000000000e+08
1.158581110000000000e+08
1.054387240000000000e+08
1.539901740000000000e+08
1.171209780000000000e+08
1.545693640000000000e+08
1.486561140000000000e+08
1.263187530000000000e+08
1.545697050000000000e+08
1.427510980000000000e+08
1.067524000000000000e+06
1.429403280000000000e+08
1.539918510000000000e+08
1.486247270000000000e+08
1.379396550000000000e+08
1.488389650000000000e+08
1.494520340000000000e+08
1.423175980000000000e+08
1.489106320000000000e+08
1.386664450000000000e+08
1.386599070000000000e+08
1.201228104000000000e+09
1.476104560000000000e+08
1.376474290000000000e+08
1.411465980000000000e+08
1.393668580000000000e+08
1.478931870000000000e+08
1.502519600000000000e+08
1.385799160000000000e+08
1.378089260000000000e+08
1.493702690000000000e+08
1.175053050000000000e+08
1.189383700000000000e+07
1.385050040000000000e+08
1.379364790000000000e+08
1.385593630000000000e+08
1.545661990000000000e+08
1.262770600000000000e+08
1.201328516000000000e+09
1.262774010000000000e+08
1.102566092000000000e+09
1.479225130000000000e+08
1.489144960000000000e+08
1.378888050000000000e+08
1.539745340000000000e+08
1.479541290000000000e+08
1.193864700000000000e+07
1.263490690000000000e+08
1.503870800000000000e+08
1.476417440000000000e+08
1.379595220000000000e+08
1.378890780000000000e+08
1.174092350000000000e+08
1.540088740000000000e+08
1.476130060000000000e+08
1.376725670000000000e+08
1.394146520000000000e+08
1.499285990000000000e+08
1.043853000000000000e+06
1.262378740000000000e+08
1.201194272000000000e+09
1.425837750000000000e+08
1.541242120000000000e+08
1.429636470000000000e+08
1.158559390000000000e+08
1.386350050000000000e+08
1.424127040000000000e+08
1.376480190000000000e+08
1.015938610000000000e+08
1.171673610000000000e+08
1.476125870000000000e+08
1.271262829000000000e+09
1.172221420000000000e+08
1.493452780000000000e+08
1.489123820000000000e+08
1.476706370000000000e+08
1.425022880000000000e+08
1.540677150000000000e+08
1.422762700000000000e+08
1.378104900000000000e+08
1.479496460000000000e+08
1.263684340000000000e+08
1.054855690000000000e+08
1.000083760000000000e+08
1.036320310000000000e+08
1.488953810000000000e+08
1.476704040000000000e+08
1.255515710000000000e+08
1.424134010000000000e+08
1.478205380000000000e+08
1.369464350000000000e+08
1.423954320000000000e+08
1.385767060000000000e+08
1.475639300000000000e+08
1.539768970000000000e+08
1.476715400000000000e+08
1.015927640000000000e+08
1.488359500000000000e+08
1.043359000000000000e+06
1.379366920000000000e+08
1.479499510000000000e+08
1.423725410000000000e+08
1.377291070000000000e+08
1.501854800000000000e+08
1.494536480000000000e+08
1.541260700000000000e+08
1.036871760000000000e+08
1.427273390000000000e+08
1.545122520000000000e+08
1.385086870000000000e+08
1.503631140000000000e+08
1.174103400000000000e+08
1.494398220000000000e+08
1.378089820000000000e+08
1.037433770000000000e+08
1.493962570000000000e+08
1.475638660000000000e+08
1.428648700000000000e+08
1.493667570000000000e+08
1.054855670000000000e+08
1.502248270000000000e+08
1.411193820000000000e+08
1.377527070000000000e+08
1.479521390000000000e+08
1.054409970000000000e+08
1.476129560000000000e+08
1.424297580000000000e+08
1.429056050000000000e+08
1.263188760000000000e+08
1.488959020000000000e+08
1.385589580000000000e+08
1.385909020000000000e+08
1.194081000000000000e+07
1.172804040000000000e+08
1.411472580000000000e+08
1.428285970000000000e+08
1.540921230000000000e+08
1.423195030000000000e+08
1.379358480000000000e+08
1.425203020000000000e+08
1.499119420000000000e+08
1.385778040000000000e+08
1.422770580000000000e+08
1.499123530000000000e+08
1.493647730000000000e+08
1.053773050000000000e+08
1.385896950000000000e+08
1.262370120000000000e+08
1.486242590000000000e+08
1.035798030000000000e+08
1.427269700000000000e+08
1.540871600000000000e+08
1.476434020000000000e+08
1.377095340000000000e+08
1.001661677000000000e+09
1.489079390000000000e+08
1.501833390000000000e+08
1.476734910000000000e+08
1.102469580000000000e+09
1.499276000000000000e+08
1.172804030000000000e+08
1.544863280000000000e+08
1.015488680000000000e+08
1.475752330000000000e+08
1.179318330000000000e+08
1.385427770000000000e+08
1.102694587000000000e+09
1.411309120000000000e+08
1.172769090000000000e+08
1.423815320000000000e+08
1.385920110000000000e+08
1.386347140000000000e+08
1.428629360000000000e+08
1.102617332000000000e+09
1.179327670000000000e+08
1.037544660000000000e+08
1.489169910000000000e+08
1.035809800000000000e+08
1.486566590000000000e+08
1.054846650000000000e+08
1.423958350000000000e+08
1.493968700000000000e+08
1.400696306000000000e+09
1.263496490000000000e+08
1.369491820000000000e+08
1.489158550000000000e+08
1.401014375000000000e+09
1.385078970000000000e+08
1.425187110000000000e+08
1.540668060000000000e+08
1.540699740000000000e+08
1.544567480000000000e+08
1.424723850000000000e+08
1.369451590000000000e+08
1.385807420000000000e+08
1.174092560000000000e+08
1.501708580000000000e+08
1.422772060000000000e+08
1.428498460000000000e+08
1.494166760000000000e+08
1.394186800000000000e+08
1.423175560000000000e+08
1.423491640000000000e+08
1.493953540000000000e+08
1.429328670000000000e+08
1.378298260000000000e+08
1.255283360000000000e+08
1.428087310000000000e+08
1.429417710000000000e+08
1.502766440000000000e+08
1.493972820000000000e+08
1.423076560000000000e+08
1.494681060000000000e+08
1.036876160000000000e+08
1.489688730000000000e+08
1.037418460000000000e+08
1.385772350000000000e+08
1.262352130000000000e+08
1.386519940000000000e+08
1.158096340000000000e+08
1.035806250000000000e+08
1.503849990000000000e+08
1.173537570000000000e+08
1.036570280000000000e+08
1.000103890000000000e+08
1.540109790000000000e+08
1.036925420000000000e+08
1.005952300000000000e+07
1.540918480000000000e+08
1.377092280000000000e+08
1.262762250000000000e+08
1.502793810000000000e+08
1.489153470000000000e+08
1.171210700000000000e+08
1.545702350000000000e+08
1.428476440000000000e+08
1.377979040000000000e+08
1.171584600000000000e+08
1.479358900000000000e+08
1.479515780000000000e+08
1.499157530000000000e+08
1.503442300000000000e+08
1.378108500000000000e+08
1.545687970000000000e+08
1.539774390000000000e+08
1.036914500000000000e+08
1.427465410000000000e+08
1.476422850000000000e+08
1.379359060000000000e+08
1.378028640000000000e+08
1.378823670000000000e+08
1.425192900000000000e+08
1.386183510000000000e+08
1.175074480000000000e+08
1.428085790000000000e+08
1.255521420000000000e+08
1.539745810000000000e+08
1.393672720000000000e+08
1.479705920000000000e+08
1.478908990000000000e+08
1.545111650000000000e+08
1.385047040000000000e+08
1.263149890000000000e+08
1.102555267000000000e+09
1.172990810000000000e+08
1.503251120000000000e+08
1.055351530000000000e+08
1.488382420000000000e+08
1.263152910000000000e+08
1.385893190000000000e+08
1.386512990000000000e+08
1.377716580000000000e+08
1.171649610000000000e+08
1.378035520000000000e+08
1.158108240000000000e+08
1.055778960000000000e+08
1.037421980000000000e+08
1.377131890000000000e+08
1.426166910000000000e+08
1.423078620000000000e+08
1.394145540000000000e+08
1.489090830000000000e+08
1.545668690000000000e+08
1.540930710000000000e+08
1.263506750000000000e+08
1.428112880000000000e+08
1.262390320000000000e+08
1.378095500000000000e+08
1.502772930000000000e+08
1.262770760000000000e+08
1.539897210000000000e+08
1.262785650000000000e+08
1.411472470000000000e+08
1.539500080000000000e+08
1.540128770000000000e+08
1.386887830000000000e+08
1.423733620000000000e+08
1.379573220000000000e+08
1.379682120000000000e+08
1.542044400000000000e+08
1.255532350000000000e+08
1.545687340000000000e+08
1.379369450000000000e+08
1.489971000000000000e+07
1.427853860000000000e+08
1.411466990000000000e+08
1.479938780000000000e+08
1.488939780000000000e+08
1.486241560000000000e+08
1.385809760000000000e+08
1.423176480000000000e+08
1.488399540000000000e+08
1.501829140000000000e+08
1.173556180000000000e+08
1.501703520000000000e+08
1.036994040000000000e+08
1.172764910000000000e+08
1.424474460000000000e+08
1.171604760000000000e+08
1.038030780000000000e+08
1.377766280000000000e+08
1.053784970000000000e+08
1.000137060000000000e+08
1.386527470000000000e+08
1.486225550000000000e+08
1.545117420000000000e+08
1.053782680000000000e+08
1.263239180000000000e+08
1.476436830000000000e+08
1.476817520000000000e+08
1.486552160000000000e+08
1.424410420000000000e+08
1.172732970000000000e+08
1.429796440000000000e+08
1.172211650000000000e+08
1.493984590000000000e+08
1.541807550000000000e+08
1.540699060000000000e+08
1.027045000000000000e+06
1.540867430000000000e+08
1.035719190000000000e+08
1.424439870000000000e+08
1.423818070000000000e+08
1.411479380000000000e+08
1.545661250000000000e+08
1.172975890000000000e+08
1.378309280000000000e+08
1.423074170000000000e+08
1.189278000000000000e+07
1.015465650000000000e+08
1.545707050000000000e+08
1.544865650000000000e+08
1.172953840000000000e+08
1.054887450000000000e+08
1.393997920000000000e+08
1.478946970000000000e+08
1.172746810000000000e+08
1.411477050000000000e+08
1.036846550000000000e+08
1.262784460000000000e+08
1.201199133000000000e+09
1.262356350000000000e+08
1.037430310000000000e+08
1.411196960000000000e+08
1.271218438000000000e+09
1.476275630000000000e+08
1.384773880000000000e+08
1.426192450000000000e+08
1.425627160000000000e+08
1.411460540000000000e+08
1.173780230000000000e+08
1.379361640000000000e+08
1.494383190000000000e+08
1.394021750000000000e+08
1.263242220000000000e+08
1.379674240000000000e+08
1.377503680000000000e+08
1.369466590000000000e+08
1.425888230000000000e+08
1.489600060000000000e+08
1.173783340000000000e+08
1.503868740000000000e+08
1.476813060000000000e+08
1.479698710000000000e+08
1.423835960000000000e+08
1.172742780000000000e+08
1.201246763000000000e+09
1.425862960000000000e+08
1.385603360000000000e+08
1.502924240000000000e+08
1.411201910000000000e+08
1.054882490000000000e+08
1.263673370000000000e+08
1.377766610000000000e+08
1.172201420000000000e+08
1.499275900000000000e+08
1.476105560000000000e+08
1.102315000000000000e+06
1.488780430000000000e+08
1.425021110000000000e+08
1.043374000000000000e+06
1.174105920000000000e+08
1.037005450000000000e+08
1.493446850000000000e+08
1.502653600000000000e+08
1.189156600000000000e+07
1.502260970000000000e+08
1.393672320000000000e+08
1.486227820000000000e+08
1.201246764000000000e+09
1.499196570000000000e+08
1.263690630000000000e+08
1.096672000000000000e+06
1.502521610000000000e+08
1.053779080000000000e+08
1.422771510000000000e+08
1.271341297000000000e+09
1.429809190000000000e+08
1.426144190000000000e+08
1.000090860000000000e+08
1.054888120000000000e+08
1.102711768000000000e+09
1.476859670000000000e+08
1.255295360000000000e+08
1.428096470000000000e+08
1.035730920000000000e+08
1.102613201000000000e+09
1.488396780000000000e+08
1.476083350000000000e+08
1.378871960000000000e+08
1.428651030000000000e+08
1.502686570000000000e+08
1.369483230000000000e+08
1.545483490000000000e+08
1.378890270000000000e+08
1.545686590000000000e+08
1.255289560000000000e+08
1.369511480000000000e+08
1.385070040000000000e+08
1.545669780000000000e+08
1.378089050000000000e+08
1.493444600000000000e+08
1.411196400000000000e+08
1.479404620000000000e+08
1.539353860000000000e+08
1.425909360000000000e+08
1.486725700000000000e+08
1.054897650000000000e+08
1.503422120000000000e+08
1.489671520000000000e+08
1.393801070000000000e+08
1.005874200000000000e+07
1.423214150000000000e+08
1.501690820000000000e+08
1.401081864000000000e+09
1.377291510000000000e+08
1.542177950000000000e+08
1.489168980000000000e+08
1.376435140000000000e+08
1.427264770000000000e+08
1.173791120000000000e+08
1.478971900000000000e+08
1.171600570000000000e+08
1.255505980000000000e+08
1.038083920000000000e+08
1.263511560000000000e+08
1.000129150000000000e+08
1.172187060000000000e+08
1.263138930000000000e+08
1.411199860000000000e+08
1.183579900000000000e+07
1.377325940000000000e+08
1.424896760000000000e+08
1.544544320000000000e+08
1.540143800000000000e+08
1.377698140000000000e+08
1.499173240000000000e+08
1.255295380000000000e+08
1.427926980000000000e+08
1.486543600000000000e+08
1.429354810000000000e+08
1.476423450000000000e+08
1.377775110000000000e+08
1.538977460000000000e+08
1.055131580000000000e+08
1.424442190000000000e+08
1.423818470000000000e+08
1.489629670000000000e+08
1.540679020000000000e+08
1.427856840000000000e+08
1.379680660000000000e+08
1.065911000000000000e+06
1.488359080000000000e+08
1.427807250000000000e+08
1.429628930000000000e+08
1.369474710000000000e+08
1.478986610000000000e+08
1.424296240000000000e+08
1.387098160000000000e+08
1.369505980000000000e+08
1.178744930000000000e+08
1.102493238000000000e+09
1.263184270000000000e+08
1.499164960000000000e+08
1.489609920000000000e+08
1.038026030000000000e+08
1.545642560000000000e+08
1.262399390000000000e+08
1.540711180000000000e+08
1.544745380000000000e+08
1.502302750000000000e+08
1.377700890000000000e+08
1.424142090000000000e+08
1.055778070000000000e+08
1.540088220000000000e+08
1.171232830000000000e+08
1.478978710000000000e+08
1.489176130000000000e+08
1.427839830000000000e+08
1.411185300000000000e+08
1.158557840000000000e+08
1.489616990000000000e+08
1.000111300000000000e+08
1.541822080000000000e+08
1.503633040000000000e+08
1.263223110000000000e+08
1.386896580000000000e+08
1.055758580000000000e+08
1.054869070000000000e+08
1.263519930000000000e+08
1.055132340000000000e+08
1.175073700000000000e+08
1.424453540000000000e+08
1.175058570000000000e+08
1.502655910000000000e+08
1.426192370000000000e+08
1.053780600000000000e+08
1.489161770000000000e+08
1.255282270000000000e+08
1.255520850000000000e+08
1.401020355000000000e+09
1.378021610000000000e+08
1.540940970000000000e+08
1.038058490000000000e+08
1.066927000000000000e+06
1.479397710000000000e+08
1.201330483000000000e+09
1.476441680000000000e+08
1.376498980000000000e+08
1.001481140000000000e+09
1.488403390000000000e+08
