1.405795370000000000e+08
1.394555260000000000e+08
1.503618030000000000e+08
1.504306160000000000e+08
1.416079720000000000e+08
1.420824670000000000e+08
1.398444430000000000e+08
1.496642540000000000e+08
1.420186970000000000e+08
1.499763950000000000e+08
1.420860910000000000e+08
1.408018980000000000e+08
1.493910100000000000e+08
1.494729150000000000e+08
1.470857510000000000e+08
1.491020060000000000e+08
1.398443490000000000e+08
1.473835920000000000e+08
1.494231030000000000e+08
1.438566260000000000e+08
1.416829210000000000e+08
1.296460780000000000e+08
1.504318390000000000e+08
1.471152770000000000e+08
1.397717930000000000e+08
1.414084450000000000e+08
1.267666270000000000e+08
1.504300440000000000e+08
1.470852680000000000e+08
1.175185380000000000e+08
1.392565320000000000e+08
1.392858450000000000e+08
1.390676930000000000e+08
1.418100800000000000e+08
1.214718850000000000e+08
1.500625270000000000e+08
1.414246430000000000e+08
1.412839210000000000e+08
1.528885610000000000e+08
1.440026300000000000e+08
1.504418000000000000e+08
1.493918780000000000e+08
1.266588680000000000e+08
1.399960190000000000e+08
1.392818030000000000e+08
1.494201490000000000e+08
1.405284110000000000e+08
1.528887520000000000e+08
1.499337760000000000e+08
1.266603730000000000e+08
1.396984910000000000e+08
1.491800880000000000e+08
1.494242640000000000e+08
1.151156740000000000e+08
1.214732860000000000e+08
1.493028250000000000e+08
1.268037790000000000e+08
1.438571450000000000e+08
1.414236340000000000e+08
1.501667210000000000e+08
1.399144200000000000e+08
1.267663170000000000e+08
1.392824320000000000e+08
1.399348090000000000e+08
1.491260600000000000e+08
1.405295550000000000e+08
1.522509360000000000e+08
1.405980470000000000e+08
1.501056130000000000e+08
1.472058710000000000e+08
1.503897600000000000e+08
1.296806410000000000e+08
1.421077590000000000e+08
1.494234330000000000e+08
1.417680400000000000e+08
1.214745890000000000e+08
1.501912580000000000e+08
1.405291990000000000e+08
1.416100500000000000e+08
1.393622410000000000e+08
1.442540550000000000e+08
1.439231910000000000e+08
1.418697240000000000e+08
1.440671980000000000e+08
1.494788460000000000e+08
1.419439410000000000e+08
1.414132190000000000e+08
1.410281980000000000e+08
1.269163260000000000e+08
1.415437440000000000e+08
1.499316030000000000e+08
1.417694340000000000e+08
1.503617680000000000e+08
1.416112760000000000e+08
1.493484200000000000e+08
1.391235690000000000e+08
1.397550290000000000e+08
1.399336440000000000e+08
1.149185960000000000e+08
1.504422640000000000e+08
1.500288060000000000e+08
1.471151120000000000e+08
1.420541590000000000e+08
1.267481320000000000e+08
1.407977860000000000e+08
1.522537410000000000e+08
1.398057340000000000e+08
1.420175090000000000e+08
1.390911610000000000e+08
1.418652010000000000e+08
1.398784140000000000e+08
1.522265180000000000e+08
1.265645560000000000e+08
1.419124690000000000e+08
1.499881040000000000e+08
1.397546150000000000e+08
1.421089490000000000e+08
1.391477490000000000e+08
1.406629080000000000e+08
1.397292430000000000e+08
1.496301600000000000e+08
1.406896530000000000e+08
1.493464180000000000e+08
1.439809020000000000e+08
1.411529270000000000e+08
1.503919880000000000e+08
1.392004890000000000e+08
1.150753860000000000e+08
1.472863710000000000e+08
1.266385860000000000e+08
1.392320890000000000e+08
1.391867150000000000e+08
1.529136940000000000e+08
1.149174000000000000e+08
1.406310500000000000e+08
1.266048890000000000e+08
1.418086750000000000e+08
1.392844190000000000e+08
1.442021310000000000e+08
1.416868040000000000e+08
1.503215120000000000e+08
1.175453340000000000e+08
1.296463540000000000e+08
1.499309460000000000e+08
1.296456200000000000e+08
1.398991240000000000e+08
1.473345360000000000e+08
1.150414880000000000e+08
1.491014110000000000e+08
1.499705990000000000e+08
1.502746490000000000e+08
1.471976090000000000e+08
1.473325530000000000e+08
1.412788100000000000e+08
1.474258480000000000e+08
1.149526670000000000e+08
1.503199030000000000e+08
1.438504300000000000e+08
1.440004670000000000e+08
1.491217280000000000e+08
1.396992470000000000e+08
1.413345550000000000e+08
1.472700900000000000e+08
1.421087460000000000e+08
1.269165900000000000e+08
1.418093590000000000e+08
1.418226250000000000e+08
1.420868130000000000e+08
1.267049080000000000e+08
1.419457500000000000e+08
1.440687040000000000e+08
1.151135410000000000e+08
1.502496790000000000e+08
1.151760790000000000e+08
1.528320890000000000e+08
1.393694360000000000e+08
1.414107890000000000e+08
1.500666310000000000e+08
1.502746320000000000e+08
1.398793420000000000e+08
1.411870820000000000e+08
1.398059470000000000e+08
1.529119040000000000e+08
1.405993770000000000e+08
1.414072010000000000e+08
1.473298050000000000e+08
1.470833150000000000e+08
1.391285370000000000e+08
1.503896030000000000e+08
1.400716550000000000e+08
1.472860130000000000e+08
1.442012620000000000e+08
1.528768030000000000e+08
1.500295020000000000e+08
1.444571250000000000e+08
1.411230490000000000e+08
1.214723280000000000e+08
1.491759360000000000e+08
1.499306560000000000e+08
1.496287950000000000e+08
1.269462830000000000e+08
1.175178710000000000e+08
1.297111010000000000e+08
1.397006040000000000e+08
1.393209210000000000e+08
1.214754290000000000e+08
1.416251590000000000e+08
1.495396210000000000e+08
1.414715220000000000e+08
1.151518970000000000e+08
1.412109490000000000e+08
1.470864940000000000e+08
1.414112010000000000e+08
1.416218850000000000e+08
1.493913350000000000e+08
1.500328820000000000e+08
1.151910290000000000e+08
1.441994420000000000e+08
1.392004870000000000e+08
1.415436200000000000e+08
1.391199600000000000e+08
1.391319680000000000e+08
1.409388020000000000e+08
1.444443370000000000e+08
1.296838710000000000e+08
1.392322190000000000e+08
1.391989090000000000e+08
1.529367120000000000e+08
1.405986290000000000e+08
1.397653470000000000e+08
1.421105360000000000e+08
1.502497280000000000e+08
1.500316240000000000e+08
1.503581700000000000e+08
1.408985750000000000e+08
1.406591720000000000e+08
1.410289660000000000e+08
1.419777950000000000e+08
1.391130550000000000e+08
1.473369690000000000e+08
1.503579350000000000e+08
1.421449690000000000e+08
1.522868270000000000e+08
1.152440840000000000e+08
1.419759260000000000e+08
1.392334250000000000e+08
1.442524110000000000e+08
1.439226180000000000e+08
1.398458160000000000e+08
1.471160400000000000e+08
1.408915970000000000e+08
1.438219430000000000e+08
1.522734440000000000e+08
1.397308000000000000e+08
1.391314820000000000e+08
1.410281640000000000e+08
1.528255190000000000e+08
1.411546380000000000e+08
1.397541350000000000e+08
1.151063990000000000e+08
1.500628830000000000e+08
1.414791740000000000e+08
1.391479220000000000e+08
1.528197730000000000e+08
1.529118950000000000e+08
1.491027280000000000e+08
1.472838420000000000e+08
1.472504110000000000e+08
1.406001470000000000e+08
1.473392870000000000e+08
1.214257920000000000e+08
1.438580680000000000e+08
1.474193760000000000e+08
1.405982250000000000e+08
1.472855710000000000e+08
1.504380410000000000e+08
1.267626450000000000e+08
1.406593500000000000e+08
1.492191450000000000e+08
1.419094440000000000e+08
1.496035240000000000e+08
1.417706090000000000e+08
1.501890700000000000e+08
1.502985730000000000e+08
1.269109980000000000e+08
1.438232720000000000e+08
1.399866780000000000e+08
1.391486160000000000e+08
1.495400130000000000e+08
1.500987770000000000e+08
1.529375880000000000e+08
1.391880920000000000e+08
1.390922160000000000e+08
1.391900090000000000e+08
1.405794300000000000e+08
1.151512770000000000e+08
1.438217680000000000e+08
1.398410550000000000e+08
1.408280630000000000e+08
1.528200730000000000e+08
1.405804970000000000e+08
1.499765350000000000e+08
1.409716660000000000e+08
1.493504470000000000e+08
1.440482770000000000e+08
1.503598920000000000e+08
1.416280190000000000e+08
1.501891530000000000e+08
1.397221690000000000e+08
1.405108240000000000e+08
1.492481960000000000e+08
1.439803460000000000e+08
1.503898530000000000e+08
1.414849810000000000e+08
1.268938850000000000e+08
1.492531400000000000e+08
1.406357780000000000e+08
1.529133640000000000e+08
1.398984170000000000e+08
1.400461070000000000e+08
1.420528260000000000e+08
1.296518260000000000e+08
1.522866020000000000e+08
1.528767790000000000e+08
1.440055060000000000e+08
1.399886320000000000e+08
1.418097290000000000e+08
1.268943290000000000e+08
1.396992560000000000e+08
1.400692610000000000e+08
1.398803590000000000e+08
1.400708190000000000e+08
1.500982910000000000e+08
1.151062650000000000e+08
1.502740710000000000e+08
1.528745150000000000e+08
1.151089250000000000e+08
1.503208910000000000e+08
1.393683920000000000e+08
1.391883260000000000e+08
1.409972420000000000e+08
1.528755070000000000e+08
1.494979930000000000e+08
1.500988600000000000e+08
1.412815260000000000e+08
1.473027340000000000e+08
1.410247240000000000e+08
1.471131850000000000e+08
1.421431150000000000e+08
1.499900980000000000e+08
1.502726460000000000e+08
1.411529310000000000e+08
1.501053720000000000e+08
1.268028580000000000e+08
1.439826520000000000e+08
1.392337510000000000e+08
1.472721810000000000e+08
1.502497370000000000e+08
1.500296710000000000e+08
1.503229910000000000e+08
1.296798840000000000e+08
1.503600850000000000e+08
1.416246590000000000e+08
1.398311970000000000e+08
1.527991850000000000e+08
1.411534720000000000e+08
1.419756200000000000e+08
1.268050470000000000e+08
1.392657230000000000e+08
1.438956460000000000e+08
1.505135910000000000e+08
1.495395520000000000e+08
1.504370650000000000e+08
1.496014510000000000e+08
1.499134190000000000e+08
1.410297870000000000e+08
1.472066220000000000e+08
1.473334740000000000e+08
1.472081100000000000e+08
1.419102910000000000e+08
1.407974640000000000e+08
1.444582000000000000e+08
1.499715370000000000e+08
1.411851420000000000e+08
1.405787910000000000e+08
1.392509900000000000e+08
1.268911000000000000e+08
1.503933020000000000e+08
1.214888970000000000e+08
1.150422620000000000e+08
1.440704060000000000e+08
1.499300840000000000e+08
1.391149430000000000e+08
1.391891350000000000e+08
1.393496730000000000e+08
1.503917400000000000e+08
1.408923730000000000e+08
1.269100930000000000e+08
1.151515410000000000e+08
1.500629310000000000e+08
1.417085460000000000e+08
1.397559730000000000e+08
1.504281350000000000e+08
1.494981980000000000e+08
1.499718280000000000e+08
1.414071490000000000e+08
1.405120850000000000e+08
1.416078980000000000e+08
1.411839010000000000e+08
1.502724470000000000e+08
1.472862710000000000e+08
1.391317030000000000e+08
1.398416470000000000e+08
1.391208630000000000e+08
1.495384800000000000e+08
1.267063540000000000e+08
1.491057640000000000e+08
1.495429470000000000e+08
1.473495250000000000e+08
1.528891760000000000e+08
1.529636230000000000e+08
1.442184420000000000e+08
1.393008060000000000e+08
1.501656570000000000e+08
1.418230410000000000e+08
1.418117560000000000e+08
1.492165320000000000e+08
1.440051830000000000e+08
1.406356670000000000e+08
1.494975790000000000e+08
1.416266340000000000e+08
1.521847740000000000e+08
1.416864550000000000e+08
1.391280560000000000e+08
1.398763300000000000e+08
1.410308250000000000e+08
1.392662190000000000e+08
1.399904020000000000e+08
1.504399890000000000e+08
1.491549270000000000e+08
1.528765030000000000e+08
1.214752800000000000e+08
1.392012470000000000e+08
1.413347930000000000e+08
1.503196390000000000e+08
1.528085050000000000e+08
1.152439950000000000e+08
1.491794510000000000e+08
1.416256050000000000e+08
1.406638850000000000e+08
1.500995110000000000e+08
1.414358180000000000e+08
1.492168640000000000e+08
1.438570020000000000e+08
1.408283330000000000e+08
1.393018140000000000e+08
1.400404600000000000e+08
1.409404930000000000e+08
1.268180170000000000e+08
1.505138240000000000e+08
1.393006960000000000e+08
1.493907100000000000e+08
1.473322080000000000e+08
1.420826420000000000e+08
1.398790030000000000e+08
1.391228490000000000e+08
1.398993970000000000e+08
1.522832700000000000e+08
1.175167220000000000e+08
1.391212580000000000e+08
1.411842070000000000e+08
1.391494020000000000e+08
1.392856690000000000e+08
1.265837890000000000e+08
1.473320470000000000e+08
1.149504260000000000e+08
1.499762760000000000e+08
1.412844110000000000e+08
1.418112610000000000e+08
1.471981780000000000e+08
1.503919080000000000e+08
1.265830830000000000e+08
1.420851920000000000e+08
1.503248410000000000e+08
1.503589910000000000e+08
1.151120910000000000e+08
1.505132760000000000e+08
1.400409950000000000e+08
1.503605510000000000e+08
1.439273560000000000e+08
1.406922800000000000e+08
1.529243180000000000e+08
1.392508100000000000e+08
1.471640020000000000e+08
1.399919340000000000e+08
1.399139100000000000e+08
1.470861890000000000e+08
1.268913970000000000e+08
1.391480710000000000e+08
1.151796570000000000e+08
1.418676270000000000e+08
1.472662800000000000e+08
1.496310350000000000e+08
1.503569030000000000e+08
1.473026810000000000e+08
1.499738790000000000e+08
1.409985220000000000e+08
1.490605860000000000e+08
1.394684240000000000e+08
1.149857720000000000e+08
1.491553600000000000e+08
1.502487620000000000e+08
1.411871260000000000e+08
1.412821360000000000e+08
1.444437790000000000e+08
1.408308740000000000e+08
1.420161190000000000e+08
1.473363110000000000e+08
1.472003940000000000e+08
1.399842080000000000e+08
1.472718110000000000e+08
1.493479920000000000e+08
1.493472960000000000e+08
1.473391740000000000e+08
1.501454380000000000e+08
1.267029910000000000e+08
1.420184640000000000e+08
1.417661440000000000e+08
1.399871520000000000e+08
1.394580220000000000e+08
1.473354730000000000e+08
1.393018380000000000e+08
1.496023080000000000e+08
1.417528830000000000e+08
1.398783240000000000e+08
1.502995760000000000e+08
1.414820690000000000e+08
1.175178770000000000e+08
1.440465830000000000e+08
1.472854450000000000e+08
1.396797580000000000e+08
1.471336120000000000e+08
1.472491600000000000e+08
1.499885230000000000e+08
1.441929050000000000e+08
1.420490250000000000e+08
1.391130540000000000e+08
1.399158730000000000e+08
1.440690140000000000e+08
1.266057200000000000e+08
1.529251670000000000e+08
1.394700870000000000e+08
1.397564920000000000e+08
1.421093900000000000e+08
1.405786060000000000e+08
1.418678950000000000e+08
1.500292720000000000e+08
1.269471510000000000e+08
1.391312160000000000e+08
1.416112370000000000e+08
1.528656190000000000e+08
1.214709870000000000e+08
1.471309900000000000e+08
1.151923090000000000e+08
1.405986530000000000e+08
1.472016300000000000e+08
1.444587200000000000e+08
1.214735690000000000e+08
1.391998450000000000e+08
1.421079220000000000e+08
1.496312890000000000e+08
1.399166780000000000e+08
1.411863250000000000e+08
1.151160230000000000e+08
1.409388040000000000e+08
1.398414580000000000e+08
1.151151360000000000e+08
1.414736170000000000e+08
1.175114670000000000e+08
1.391326460000000000e+08
1.410247990000000000e+08
1.503927530000000000e+08
1.296841940000000000e+08
1.439493100000000000e+08
1.149531790000000000e+08
1.408937220000000000e+08
1.420520860000000000e+08
1.391287050000000000e+08
1.491587890000000000e+08
1.420868120000000000e+08
1.411209400000000000e+08
1.393705370000000000e+08
1.501469730000000000e+08
1.503593250000000000e+08
1.502726560000000000e+08
1.175182080000000000e+08
1.500633210000000000e+08
1.418115400000000000e+08
1.440690610000000000e+08
1.150453130000000000e+08
1.393625030000000000e+08
1.397656760000000000e+08
1.473323070000000000e+08
1.414357580000000000e+08
1.522835800000000000e+08
1.504319200000000000e+08
1.501048080000000000e+08
1.391123580000000000e+08
1.296494720000000000e+08
1.503905430000000000e+08
1.528756000000000000e+08
1.491587240000000000e+08
1.495391580000000000e+08
1.414125320000000000e+08
1.471305460000000000e+08
1.175111570000000000e+08
1.494498880000000000e+08
1.473523840000000000e+08
1.494223640000000000e+08
1.392999500000000000e+08
1.267629930000000000e+08
1.214250860000000000e+08
1.391970670000000000e+08
1.491548210000000000e+08
1.175452110000000000e+08
1.522734370000000000e+08
1.400669240000000000e+08
1.496266500000000000e+08
1.391894550000000000e+08
1.405992840000000000e+08
1.444440820000000000e+08
1.491545770000000000e+08
1.175145620000000000e+08
1.414861050000000000e+08
1.412802550000000000e+08
1.175101450000000000e+08
1.494980990000000000e+08
1.501072620000000000e+08
1.267016920000000000e+08
1.409718420000000000e+08
1.268009990000000000e+08
1.392672840000000000e+08
1.440462870000000000e+08
1.499756760000000000e+08
1.400415900000000000e+08
1.501641240000000000e+08
1.406873820000000000e+08
1.421423160000000000e+08
1.492152620000000000e+08
1.393716000000000000e+08
1.438947840000000000e+08
1.501053500000000000e+08
1.499879400000000000e+08
1.406868390000000000e+08
1.414793100000000000e+08
1.420829420000000000e+08
1.471151130000000000e+08
1.269447750000000000e+08
1.150147390000000000e+08
1.149900880000000000e+08
1.392571980000000000e+08
1.149868440000000000e+08
1.399326570000000000e+08
1.471981610000000000e+08
1.504403620000000000e+08
1.405783040000000000e+08
1.420500460000000000e+08
1.409683570000000000e+08
1.411852700000000000e+08
1.266390480000000000e+08
1.398255820000000000e+08
1.493478050000000000e+08
1.471139190000000000e+08
1.420528760000000000e+08
1.420819730000000000e+08
1.417126540000000000e+08
1.214717390000000000e+08
1.528674490000000000e+08
1.472845340000000000e+08
1.390914590000000000e+08
1.414071590000000000e+08
1.492181000000000000e+08
1.412710780000000000e+08
1.529259990000000000e+08
1.400391440000000000e+08
1.438226560000000000e+08
1.151155100000000000e+08
1.411860750000000000e+08
1.522509370000000000e+08
1.391903350000000000e+08
1.472693460000000000e+08
1.268745700000000000e+08
1.522861800000000000e+08
1.500295380000000000e+08
1.414711050000000000e+08
1.439520350000000000e+08
1.399861250000000000e+08
1.392084360000000000e+08
1.398251980000000000e+08
1.408929380000000000e+08
1.296788190000000000e+08
1.504298070000000000e+08
1.400411270000000000e+08
1.501873730000000000e+08
1.501479850000000000e+08
1.421455340000000000e+08
1.175151230000000000e+08
1.393689460000000000e+08
1.397210860000000000e+08
1.503925840000000000e+08
1.391973420000000000e+08
1.214219680000000000e+08
1.391911680000000000e+08
1.416252740000000000e+08
1.391305980000000000e+08
1.175097010000000000e+08
1.392564190000000000e+08
1.392326450000000000e+08
1.406630570000000000e+08
1.409431850000000000e+08
1.438570600000000000e+08
1.416231740000000000e+08
1.398433950000000000e+08
1.471665740000000000e+08
1.499717540000000000e+08
1.421078330000000000e+08
1.393283140000000000e+08
1.391489870000000000e+08
1.405809490000000000e+08
1.420517860000000000e+08
1.405966220000000000e+08
1.439484330000000000e+08
1.438513120000000000e+08
1.421077560000000000e+08
1.472507240000000000e+08
1.522832600000000000e+08
1.267638480000000000e+08
1.501069480000000000e+08
1.417701210000000000e+08
1.413358860000000000e+08
1.499317540000000000e+08
1.151066530000000000e+08
1.393481720000000000e+08
1.470859160000000000e+08
1.472849330000000000e+08
1.267008500000000000e+08
1.501887360000000000e+08
1.503557640000000000e+08
1.440672510000000000e+08
1.151510610000000000e+08
1.417092960000000000e+08
1.492190920000000000e+08
1.418117340000000000e+08
1.390893100000000000e+08
1.415279650000000000e+08
1.151908670000000000e+08
1.406615950000000000e+08
1.399936650000000000e+08
1.441993000000000000e+08
1.296799260000000000e+08
1.528076210000000000e+08
1.439233070000000000e+08
1.438592100000000000e+08
1.392663240000000000e+08
1.419153670000000000e+08
1.471313900000000000e+08
1.397282220000000000e+08
1.397231880000000000e+08
1.492179370000000000e+08
1.214906530000000000e+08
1.417574410000000000e+08
1.398027300000000000e+08
1.414713920000000000e+08
1.471652990000000000e+08
1.502722770000000000e+08
1.471144360000000000e+08
1.296396920000000000e+08
1.474193530000000000e+08
1.150121000000000000e+08
1.474249440000000000e+08
1.501660910000000000e+08
1.420860810000000000e+08
1.411217930000000000e+08
1.392084520000000000e+08
1.474060680000000000e+08
1.495427090000000000e+08
1.496026150000000000e+08
1.411241440000000000e+08
1.391995300000000000e+08
1.418688360000000000e+08
1.267477540000000000e+08
1.491763050000000000e+08
1.474057530000000000e+08
1.503233340000000000e+08
1.502497710000000000e+08
1.417573260000000000e+08
1.492183500000000000e+08
1.441936870000000000e+08
1.421076180000000000e+08
1.500989790000000000e+08
1.214226240000000000e+08
1.266377650000000000e+08
1.406874460000000000e+08
1.522864700000000000e+08
1.442013180000000000e+08
1.175451570000000000e+08
1.495014850000000000e+08
1.504418100000000000e+08
1.391966760000000000e+08
1.267082400000000000e+08
1.528756560000000000e+08
1.472019710000000000e+08
1.393562270000000000e+08
1.442176280000000000e+08
1.501075390000000000e+08
1.494979040000000000e+08
1.421482280000000000e+08
1.503599820000000000e+08
1.151902560000000000e+08
1.391324800000000000e+08
1.439526040000000000e+08
1.406612890000000000e+08
1.495398940000000000e+08
1.392582100000000000e+08
1.151511850000000000e+08
1.439818640000000000e+08
1.392677410000000000e+08
1.474244780000000000e+08
1.406889410000000000e+08
1.474252380000000000e+08
1.472022380000000000e+08
1.440684440000000000e+08
1.149859490000000000e+08
1.491610750000000000e+08
1.419115190000000000e+08
1.418114320000000000e+08
1.442172350000000000e+08
1.438588340000000000e+08
1.390654420000000000e+08
1.421445940000000000e+08
1.412814950000000000e+08
1.391996200000000000e+08
1.397006210000000000e+08
1.502744870000000000e+08
1.268902710000000000e+08
1.416218030000000000e+08
1.500303230000000000e+08
1.501056030000000000e+08
1.400437470000000000e+08
1.418238820000000000e+08
1.414727770000000000e+08
1.392269600000000000e+08
1.392856660000000000e+08
1.495390580000000000e+08
1.522219760000000000e+08
1.528250610000000000e+08
1.397707350000000000e+08
1.442001300000000000e+08
1.500652440000000000e+08
1.405999720000000000e+08
1.150745490000000000e+08
1.394683260000000000e+08
1.529629520000000000e+08
1.394550060000000000e+08
1.438555190000000000e+08
1.393279010000000000e+08
1.394562040000000000e+08
1.421460510000000000e+08
1.474079950000000000e+08
1.417658360000000000e+08
1.406335680000000000e+08
1.417577320000000000e+08
1.494731710000000000e+08
1.416834000000000000e+08
1.414117130000000000e+08
1.406082300000000000e+08
1.412104480000000000e+08
1.391905760000000000e+08
1.405807170000000000e+08
1.406306350000000000e+08
1.438509950000000000e+08
1.439823890000000000e+08
1.493081750000000000e+08
1.493882650000000000e+08
1.418705890000000000e+08
1.399339310000000000e+08
1.151490330000000000e+08
1.439992070000000000e+08
1.268212820000000000e+08
1.415264390000000000e+08
1.492489690000000000e+08
1.493920920000000000e+08
1.491039410000000000e+08
1.472851870000000000e+08
1.472695020000000000e+08
1.420874510000000000e+08
1.214737770000000000e+08
1.490595840000000000e+08
1.406904280000000000e+08
1.419454650000000000e+08
1.493476290000000000e+08
1.408932380000000000e+08
1.471320040000000000e+08
1.405806340000000000e+08
1.473337860000000000e+08
1.392083560000000000e+08
1.391235050000000000e+08
1.494733940000000000e+08
1.419092810000000000e+08
1.391281080000000000e+08
1.413357870000000000e+08
1.528075840000000000e+08
1.471150260000000000e+08
1.442543290000000000e+08
1.472013240000000000e+08
1.391268070000000000e+08
1.392505070000000000e+08
1.398778150000000000e+08
1.501022270000000000e+08
1.150425200000000000e+08
1.471151370000000000e+08
1.399867850000000000e+08
1.501657400000000000e+08
1.499025390000000000e+08
1.472068620000000000e+08
1.495390160000000000e+08
1.409978180000000000e+08
1.414804340000000000e+08
1.268197910000000000e+08
1.392509090000000000e+08
1.393628920000000000e+08
1.399147670000000000e+08
1.417572940000000000e+08
1.472714590000000000e+08
1.439233800000000000e+08
1.417091010000000000e+08
1.529371300000000000e+08
1.214716940000000000e+08
1.492186830000000000e+08
1.499705890000000000e+08
1.420183280000000000e+08
1.500643910000000000e+08
1.528679470000000000e+08
1.410250900000000000e+08
1.529387330000000000e+08
1.490374520000000000e+08
1.414801760000000000e+08
1.502753090000000000e+08
1.419770860000000000e+08
1.501449410000000000e+08
1.522528680000000000e+08
1.440631560000000000e+08
1.440670480000000000e+08
1.214226180000000000e+08
1.391272070000000000e+08
1.499708750000000000e+08
1.495405250000000000e+08
1.493043130000000000e+08
1.148908660000000000e+08
1.265648220000000000e+08
1.266412960000000000e+08
1.409382470000000000e+08
1.265840630000000000e+08
1.503199680000000000e+08
1.175176520000000000e+08
1.420817110000000000e+08
1.416094300000000000e+08
1.473356240000000000e+08
1.297129410000000000e+08
1.522532260000000000e+08
1.397724990000000000e+08
1.398316360000000000e+08
1.398803240000000000e+08
1.420854910000000000e+08
1.266590930000000000e+08
1.214726730000000000e+08
1.398455880000000000e+08
1.400510300000000000e+08
1.391229860000000000e+08
1.419740660000000000e+08
1.494975430000000000e+08
1.502505280000000000e+08
1.296371520000000000e+08
1.214749010000000000e+08
1.214754940000000000e+08
1.398989400000000000e+08
1.391273510000000000e+08
1.397007300000000000e+08
1.440657130000000000e+08
1.409411530000000000e+08
1.472844900000000000e+08
1.471449280000000000e+08
1.440689270000000000e+08
1.500625020000000000e+08
1.419417080000000000e+08
1.268938290000000000e+08
1.491012260000000000e+08
1.499135980000000000e+08
1.397567930000000000e+08
1.393008910000000000e+08
1.493905650000000000e+08
1.266617880000000000e+08
1.417572300000000000e+08
1.391306740000000000e+08
1.396794880000000000e+08
1.438568450000000000e+08
1.398406680000000000e+08
1.440636830000000000e+08
1.400446820000000000e+08
1.399166690000000000e+08
1.501401660000000000e+08
1.440639370000000000e+08
1.392836440000000000e+08
1.417714830000000000e+08
1.503236430000000000e+08
1.407990350000000000e+08
1.438570380000000000e+08
1.268029080000000000e+08
1.473501260000000000e+08
1.442184030000000000e+08
1.522825270000000000e+08
1.529267690000000000e+08
1.491073600000000000e+08
1.214244470000000000e+08
1.500985420000000000e+08
1.522727800000000000e+08
1.409723680000000000e+08
1.415318100000000000e+08
1.440013660000000000e+08
1.175094470000000000e+08
1.268923440000000000e+08
1.411233490000000000e+08
1.496644230000000000e+08
1.392262580000000000e+08
1.420484470000000000e+08
1.405803360000000000e+08
1.417094360000000000e+08
1.501627390000000000e+08
1.393685850000000000e+08
1.415275790000000000e+08
1.503902600000000000e+08
1.494976620000000000e+08
1.504304310000000000e+08
1.473392660000000000e+08
1.393276150000000000e+08
1.504378990000000000e+08
1.501887580000000000e+08
1.493475340000000000e+08
1.410960710000000000e+08
1.269107430000000000e+08
1.473504520000000000e+08
1.214874690000000000e+08
1.391134150000000000e+08
1.494506120000000000e+08
1.399950470000000000e+08
1.496011560000000000e+08
1.474201040000000000e+08
1.496307540000000000e+08
1.266588070000000000e+08
1.440033080000000000e+08
1.503569060000000000e+08
1.410269030000000000e+08
1.471319740000000000e+08
1.150148470000000000e+08
1.494205960000000000e+08
1.528635300000000000e+08
1.503011090000000000e+08
1.397194980000000000e+08
1.471313280000000000e+08
1.393498940000000000e+08
1.394679210000000000e+08
1.150116830000000000e+08
1.473496940000000000e+08
1.175185570000000000e+08
1.416851800000000000e+08
1.392072840000000000e+08
1.438973650000000000e+08
1.493905850000000000e+08
1.501445700000000000e+08
1.405981790000000000e+08
1.214878600000000000e+08
1.266574580000000000e+08
1.502463940000000000e+08
1.499711130000000000e+08
1.398436680000000000e+08
1.151165460000000000e+08
1.397210300000000000e+08
1.421492420000000000e+08
1.391282120000000000e+08
1.471475260000000000e+08
1.175122580000000000e+08
1.151785860000000000e+08
1.529634600000000000e+08
1.394681630000000000e+08
1.391481810000000000e+08
1.394562720000000000e+08
1.416249790000000000e+08
1.391308040000000000e+08
1.420836290000000000e+08
1.438541600000000000e+08
1.529137490000000000e+08
1.417562130000000000e+08
1.399884920000000000e+08
1.390680520000000000e+08
1.501065530000000000e+08
1.504277900000000000e+08
1.419744950000000000e+08
1.392506260000000000e+08
1.391989210000000000e+08
1.501014720000000000e+08
1.491786750000000000e+08
1.394689020000000000e+08
1.522258100000000000e+08
1.392260530000000000e+08
1.500314430000000000e+08
1.472490110000000000e+08
1.473301370000000000e+08
1.500627720000000000e+08
1.471988380000000000e+08
1.391211440000000000e+08
1.522512990000000000e+08
1.419762470000000000e+08
1.214712120000000000e+08
1.391495510000000000e+08
1.418092200000000000e+08
1.472510270000000000e+08
1.441989520000000000e+08
1.493477720000000000e+08
1.499897810000000000e+08
1.493020860000000000e+08
1.418238810000000000e+08
1.470830890000000000e+08
1.470848910000000000e+08
1.415456160000000000e+08
1.412168200000000000e+08
1.493479480000000000e+08
1.267012020000000000e+08
1.175458110000000000e+08
1.502491550000000000e+08
1.269096310000000000e+08
1.407589530000000000e+08
1.410953590000000000e+08
1.474072920000000000e+08
1.409389750000000000e+08
1.393484860000000000e+08
1.269467920000000000e+08
1.529273880000000000e+08
1.392830830000000000e+08
1.392010760000000000e+08
1.151052630000000000e+08
1.413351000000000000e+08
1.394694900000000000e+08
1.494738390000000000e+08
1.392079890000000000e+08
1.522269020000000000e+08
1.267638850000000000e+08
1.214214500000000000e+08
1.417693560000000000e+08
1.473854180000000000e+08
1.492534090000000000e+08
1.501676430000000000e+08
1.214208050000000000e+08
1.500327860000000000e+08
1.416255590000000000e+08
1.392079110000000000e+08
1.492507530000000000e+08
1.416075530000000000e+08
1.529260690000000000e+08
1.409978600000000000e+08
1.268210510000000000e+08
1.473822080000000000e+08
1.493467520000000000e+08
1.501879080000000000e+08
1.473348740000000000e+08
1.267456100000000000e+08
1.504421520000000000e+08
1.494443410000000000e+08
1.390666780000000000e+08
1.420191710000000000e+08
1.503231380000000000e+08
1.438511080000000000e+08
1.151081990000000000e+08
1.392260610000000000e+08
1.414137060000000000e+08
1.268176240000000000e+08
1.500317660000000000e+08
1.491027230000000000e+08
1.440645920000000000e+08
1.151071650000000000e+08
1.504401760000000000e+08
1.522237250000000000e+08
1.408030800000000000e+08
1.471140020000000000e+08
1.399909640000000000e+08
1.418264950000000000e+08
1.501418980000000000e+08
1.501873820000000000e+08
1.529280560000000000e+08
1.214702350000000000e+08
1.406089050000000000e+08
1.392562170000000000e+08
1.149501210000000000e+08
1.501664650000000000e+08
1.296521250000000000e+08
1.149529110000000000e+08
1.474223540000000000e+08
1.400462670000000000e+08
1.400715890000000000e+08
1.522826900000000000e+08
1.418241220000000000e+08
1.175449150000000000e+08
1.405796740000000000e+08
1.502709790000000000e+08
1.391495640000000000e+08
1.522509170000000000e+08
1.391317460000000000e+08
1.399849470000000000e+08
1.151753390000000000e+08
1.414253490000000000e+08
1.414139320000000000e+08
1.471323860000000000e+08
1.397206390000000000e+08
1.392504830000000000e+08
1.397203000000000000e+08
1.400478270000000000e+08
1.504419050000000000e+08
1.529628350000000000e+08
1.411875700000000000e+08
1.391984300000000000e+08
1.265653420000000000e+08
1.409462370000000000e+08
1.392002170000000000e+08
1.405766500000000000e+08
1.406334730000000000e+08
1.175188330000000000e+08
1.418658750000000000e+08
1.499023660000000000e+08
1.405798470000000000e+08
1.416267830000000000e+08
1.267094310000000000e+08
1.473371070000000000e+08
1.406361620000000000e+08
1.399931990000000000e+08
1.438586440000000000e+08
1.502709770000000000e+08
1.493025520000000000e+08
1.440658720000000000e+08
1.442006790000000000e+08
1.421065810000000000e+08
1.149888520000000000e+08
1.442523730000000000e+08
1.420855690000000000e+08
1.499722070000000000e+08
1.398261510000000000e+08
1.503226520000000000e+08
1.414223390000000000e+08
1.410936930000000000e+08
1.392659690000000000e+08
1.473838990000000000e+08
1.502454300000000000e+08
1.396985420000000000e+08
1.491213850000000000e+08
1.472037880000000000e+08
1.407601640000000000e+08
1.397310690000000000e+08
1.408598220000000000e+08
1.408943540000000000e+08
1.416220650000000000e+08
1.150754960000000000e+08
1.214702400000000000e+08
1.214702910000000000e+08
1.496008460000000000e+08
1.411212360000000000e+08
1.390599070000000000e+08
1.500304110000000000e+08
1.499350430000000000e+08
1.397706290000000000e+08
1.491254180000000000e+08
1.406579310000000000e+08
1.151083090000000000e+08
1.502720640000000000e+08
1.408998250000000000e+08
1.504316590000000000e+08
1.410923690000000000e+08
1.503216630000000000e+08
1.442022400000000000e+08
1.413342930000000000e+08
1.398058020000000000e+08
1.440658090000000000e+08
1.471994090000000000e+08
1.440650770000000000e+08
1.474233220000000000e+08
1.439242190000000000e+08
1.419140820000000000e+08
1.417110080000000000e+08
1.439825240000000000e+08
1.529252740000000000e+08
1.439813960000000000e+08
1.419094810000000000e+08
1.399924090000000000e+08
1.499895350000000000e+08
1.438550750000000000e+08
1.414828020000000000e+08
1.214217110000000000e+08
1.494236940000000000e+08
1.503611040000000000e+08
1.175184570000000000e+08
1.470844180000000000e+08
1.440691990000000000e+08
1.405994710000000000e+08
1.394532790000000000e+08
1.268912440000000000e+08
1.474198660000000000e+08
1.474212880000000000e+08
1.396990040000000000e+08
1.439541300000000000e+08
1.501673190000000000e+08
1.419444880000000000e+08
1.522837130000000000e+08
1.398049250000000000e+08
1.398803380000000000e+08
1.420526080000000000e+08
1.493015750000000000e+08
1.400455380000000000e+08
1.405984640000000000e+08
1.420827960000000000e+08
1.529122970000000000e+08
1.503617510000000000e+08
1.492531540000000000e+08
1.391874600000000000e+08
1.416060600000000000e+08
1.419429110000000000e+08
1.398046960000000000e+08
1.438552900000000000e+08
1.438514290000000000e+08
1.416272680000000000e+08
1.499898640000000000e+08
1.416114610000000000e+08
1.175090990000000000e+08
1.473037910000000000e+08
1.266592160000000000e+08
1.400523710000000000e+08
1.501880710000000000e+08
1.444583390000000000e+08
1.472849020000000000e+08
1.399857050000000000e+08
1.438584660000000000e+08
1.416100120000000000e+08
1.528781090000000000e+08
1.492160240000000000e+08
1.416104730000000000e+08
1.390684170000000000e+08
1.416806810000000000e+08
1.149528560000000000e+08
1.214226030000000000e+08
1.296365480000000000e+08
1.175451770000000000e+08
1.438212450000000000e+08
1.471303190000000000e+08
1.503213300000000000e+08
1.269472450000000000e+08
1.397722010000000000e+08
1.444588410000000000e+08
1.416069860000000000e+08
1.499722110000000000e+08
1.494979240000000000e+08
1.391281210000000000e+08
1.296369990000000000e+08
1.405975180000000000e+08
1.175136010000000000e+08
1.474209970000000000e+08
1.440654630000000000e+08
1.398312930000000000e+08
1.149532160000000000e+08
1.420146180000000000e+08
1.398044060000000000e+08
1.149498230000000000e+08
1.393694330000000000e+08
1.502753600000000000e+08
1.397202960000000000e+08
1.394541100000000000e+08
1.491245360000000000e+08
1.214692000000000000e+08
1.495726460000000000e+08
1.529143090000000000e+08
1.504322110000000000e+08
1.412127200000000000e+08
1.397571190000000000e+08
1.266401570000000000e+08
1.400516770000000000e+08
1.214699780000000000e+08
1.503011890000000000e+08
1.501071760000000000e+08
1.499346670000000000e+08
1.529364750000000000e+08
1.151135440000000000e+08
1.406356460000000000e+08
1.492489320000000000e+08
1.406584840000000000e+08
1.417551630000000000e+08
1.439254570000000000e+08
1.397638510000000000e+08
1.494497950000000000e+08
1.499301500000000000e+08
1.501426530000000000e+08
1.412720040000000000e+08
1.409433230000000000e+08
1.417083350000000000e+08
1.522832580000000000e+08
1.397541530000000000e+08
1.214907340000000000e+08
1.472849770000000000e+08
1.490393720000000000e+08
1.527989900000000000e+08
1.415484740000000000e+08
1.415448610000000000e+08
1.214734400000000000e+08
1.392999850000000000e+08
1.522548630000000000e+08
1.494208960000000000e+08
1.418253690000000000e+08
1.268196710000000000e+08
1.414729110000000000e+08
1.503564060000000000e+08
1.472075330000000000e+08
1.473375020000000000e+08
1.175175570000000000e+08
1.529371590000000000e+08
1.405773630000000000e+08
1.503221960000000000e+08
1.501431370000000000e+08
1.269459170000000000e+08
1.214884150000000000e+08
1.415307000000000000e+08
1.397730840000000000e+08
1.421066240000000000e+08
1.419802950000000000e+08
1.267070700000000000e+08
1.390902540000000000e+08
1.503903270000000000e+08
1.438226550000000000e+08
1.501422070000000000e+08
1.411552640000000000e+08
1.406320800000000000e+08
1.394579000000000000e+08
1.393684130000000000e+08
1.398050470000000000e+08
1.499880590000000000e+08
1.500642380000000000e+08
1.150451160000000000e+08
1.391220960000000000e+08
1.420825480000000000e+08
1.441937150000000000e+08
1.504315180000000000e+08
1.420847620000000000e+08
1.474219660000000000e+08
1.420178260000000000e+08
1.491551980000000000e+08
1.214236800000000000e+08
1.493484880000000000e+08
1.391215330000000000e+08
1.392076810000000000e+08
1.499759220000000000e+08
1.419454700000000000e+08
1.502716800000000000e+08
1.522732280000000000e+08
1.393712650000000000e+08
1.501886630000000000e+08
1.417554140000000000e+08
1.267460570000000000e+08
1.529124540000000000e+08
1.492526700000000000e+08
1.412163980000000000e+08
1.499706130000000000e+08
1.421072190000000000e+08
1.490376410000000000e+08
1.527988570000000000e+08
1.528079980000000000e+08
1.474218450000000000e+08
1.495988620000000000e+08
1.529276760000000000e+08
1.393563180000000000e+08
1.492184970000000000e+08
1.414142170000000000e+08
1.151482000000000000e+08
1.400681940000000000e+08
1.528077740000000000e+08
1.441943040000000000e+08
1.407619480000000000e+08
1.414257020000000000e+08
1.214876420000000000e+08
1.269099930000000000e+08
1.472834640000000000e+08
1.392575570000000000e+08
1.391216230000000000e+08
1.391208700000000000e+08
1.408900280000000000e+08
1.392084320000000000e+08
1.438950320000000000e+08
1.399148250000000000e+08
1.503906190000000000e+08
1.399927810000000000e+08
1.266061090000000000e+08
1.391975660000000000e+08
1.504302750000000000e+08
1.151759410000000000e+08
1.416059820000000000e+08
1.491607780000000000e+08
1.411519530000000000e+08
1.503581470000000000e+08
1.471144980000000000e+08
1.410966350000000000e+08
1.504308290000000000e+08
1.416081980000000000e+08
1.268754300000000000e+08
1.406878260000000000e+08
1.398421610000000000e+08
1.496011400000000000e+08
1.413336770000000000e+08
1.419779320000000000e+08
1.499713310000000000e+08
1.296457900000000000e+08
1.501626970000000000e+08
1.442520960000000000e+08
1.494976740000000000e+08
1.503914360000000000e+08
1.398790170000000000e+08
1.522721240000000000e+08
1.411263970000000000e+08
1.503891420000000000e+08
1.438546000000000000e+08
1.408565060000000000e+08
1.438565340000000000e+08
1.400419450000000000e+08
1.419779350000000000e+08
1.416123140000000000e+08
1.267634940000000000e+08
1.420873400000000000e+08
1.399884550000000000e+08
1.438570630000000000e+08
1.473036560000000000e+08
1.473020160000000000e+08
1.406301240000000000e+08
1.491766840000000000e+08
1.391274000000000000e+08
1.151145730000000000e+08
1.416221190000000000e+08
1.419112010000000000e+08
1.494495300000000000e+08
1.151762730000000000e+08
1.400695920000000000e+08
1.410307210000000000e+08
1.150431010000000000e+08
1.416254860000000000e+08
1.175103490000000000e+08
1.491744940000000000e+08
1.499021760000000000e+08
1.528254600000000000e+08
1.414727170000000000e+08
1.496301170000000000e+08
1.491758590000000000e+08
1.267631000000000000e+08
1.418230200000000000e+08
1.420513490000000000e+08
1.399331390000000000e+08
1.406599800000000000e+08
1.503933900000000000e+08
1.473040870000000000e+08
1.268928940000000000e+08
1.265644200000000000e+08
1.394677850000000000e+08
1.405965130000000000e+08
1.405973530000000000e+08
1.392506670000000000e+08
1.442182850000000000e+08
1.499344310000000000e+08
1.392086800000000000e+08
1.491206020000000000e+08
1.267833950000000000e+08
1.412119980000000000e+08
1.297112780000000000e+08
1.503592600000000000e+08
1.420858420000000000e+08
1.400515050000000000e+08
1.297122490000000000e+08
1.149530910000000000e+08
1.151509620000000000e+08
1.491207260000000000e+08
1.472858230000000000e+08
1.394687020000000000e+08
1.493942570000000000e+08
1.440463680000000000e+08
1.397302350000000000e+08
1.439481500000000000e+08
1.501004210000000000e+08
1.393268090000000000e+08
1.392671230000000000e+08
1.522549220000000000e+08
1.504315990000000000e+08
1.392664740000000000e+08
1.398754480000000000e+08
1.501899950000000000e+08
1.399894650000000000e+08
1.409698690000000000e+08
1.405810310000000000e+08
1.149200340000000000e+08
1.269450450000000000e+08
1.397203010000000000e+08
1.440705660000000000e+08
1.501090080000000000e+08
1.150423020000000000e+08
1.420828320000000000e+08
1.392011130000000000e+08
1.499938610000000000e+08
1.499024110000000000e+08
1.493886410000000000e+08
1.265851220000000000e+08
1.492691780000000000e+08
1.419416840000000000e+08
1.442160890000000000e+08
1.400689010000000000e+08
1.439818540000000000e+08
1.528750480000000000e+08
1.149507000000000000e+08
1.391320000000000000e+08
1.494236520000000000e+08
1.407606140000000000e+08
1.266393770000000000e+08
1.499922210000000000e+08
1.414265250000000000e+08
1.267066270000000000e+08
1.266029770000000000e+08
1.400394200000000000e+08
1.472023220000000000e+08
1.502493840000000000e+08
1.175156740000000000e+08
1.493915000000000000e+08
1.471139920000000000e+08
1.394533440000000000e+08
1.495999710000000000e+08
1.490371120000000000e+08
1.412684670000000000e+08
1.471131500000000000e+08
1.150768700000000000e+08
1.503015290000000000e+08
1.398412100000000000e+08
1.418109340000000000e+08
1.472070610000000000e+08
1.502454380000000000e+08
1.503009350000000000e+08
1.502721480000000000e+08
1.407547970000000000e+08
1.400684250000000000e+08
1.493474800000000000e+08
1.397009060000000000e+08
1.500297560000000000e+08
1.528785760000000000e+08
1.268917640000000000e+08
1.421096650000000000e+08
1.420193430000000000e+08
1.472479510000000000e+08
1.419449110000000000e+08
1.399955950000000000e+08
1.408993830000000000e+08
1.473521720000000000e+08
1.400674080000000000e+08
1.392005690000000000e+08
1.406884520000000000e+08
1.151147170000000000e+08
1.391121780000000000e+08
1.473045610000000000e+08
1.494977000000000000e+08
1.407552160000000000e+08
1.528750410000000000e+08
1.444443810000000000e+08
1.151775910000000000e+08
1.412712160000000000e+08
1.529390290000000000e+08
1.504311200000000000e+08
1.496266440000000000e+08
1.494771000000000000e+08
1.471443040000000000e+08
1.474250320000000000e+08
1.491051070000000000e+08
1.438212200000000000e+08
1.267646870000000000e+08
1.392338300000000000e+08
1.420522770000000000e+08
1.151051400000000000e+08
1.471320480000000000e+08
1.501444150000000000e+08
1.407617570000000000e+08
1.438546570000000000e+08
1.414230330000000000e+08
1.151081980000000000e+08
1.392085340000000000e+08
1.441994590000000000e+08
1.503592120000000000e+08
1.412809390000000000e+08
1.408984360000000000e+08
1.492477070000000000e+08
1.500992180000000000e+08
1.529262120000000000e+08
1.407600060000000000e+08
1.405809850000000000e+08
1.473334940000000000e+08
1.390903550000000000e+08
1.502496220000000000e+08
1.400453900000000000e+08
1.500651510000000000e+08
1.392566390000000000e+08
1.394588620000000000e+08
1.528770860000000000e+08
1.420816020000000000e+08
1.405968020000000000e+08
1.503904900000000000e+08
1.529374390000000000e+08
1.499022030000000000e+08
1.411235880000000000e+08
1.504305660000000000e+08
1.494795100000000000e+08
1.399906320000000000e+08
1.495719300000000000e+08
1.499339860000000000e+08
1.499332530000000000e+08
1.440629600000000000e+08
1.502493670000000000e+08
1.296473660000000000e+08
1.266027780000000000e+08
1.500302050000000000e+08
1.438947410000000000e+08
1.471638170000000000e+08
1.471153990000000000e+08
1.501857220000000000e+08
1.473511760000000000e+08
1.503931980000000000e+08
1.150441140000000000e+08
1.398982060000000000e+08
1.496286320000000000e+08
1.417135930000000000e+08
1.409682600000000000e+08
1.268904850000000000e+08
1.500645250000000000e+08
1.391493020000000000e+08
1.504308370000000000e+08
1.391966010000000000e+08
1.528082770000000000e+08
1.528255210000000000e+08
1.504318590000000000e+08
1.391320960000000000e+08
1.415282800000000000e+08
1.393559190000000000e+08
1.414238120000000000e+08
1.493915350000000000e+08
1.405987580000000000e+08
1.419750440000000000e+08
1.411210440000000000e+08
1.418114450000000000e+08
1.393500060000000000e+08
1.175163980000000000e+08
1.410281200000000000e+08
1.439523360000000000e+08
1.406361890000000000e+08
1.438519850000000000e+08
1.500659450000000000e+08
1.499712770000000000e+08
1.491213690000000000e+08
1.504317910000000000e+08
1.502743860000000000e+08
1.149488140000000000e+08
1.415428260000000000e+08
1.418051800000000000e+08
1.421427180000000000e+08
1.414357050000000000e+08
1.408941850000000000e+08
1.414235360000000000e+08
1.400709020000000000e+08
1.266018590000000000e+08
1.391868880000000000e+08
1.267827050000000000e+08
1.410297120000000000e+08
1.394577890000000000e+08
1.398427230000000000e+08
1.421091850000000000e+08
1.438218400000000000e+08
1.496252540000000000e+08
1.499908650000000000e+08
1.495020010000000000e+08
1.472712320000000000e+08
1.501636950000000000e+08
1.399326360000000000e+08
1.503931910000000000e+08
1.391993600000000000e+08
1.406325710000000000e+08
1.503607660000000000e+08
1.522726930000000000e+08
1.442524360000000000e+08
1.473044050000000000e+08
1.419107900000000000e+08
1.503930640000000000e+08
1.502481330000000000e+08
1.406096480000000000e+08
1.421046860000000000e+08
1.492526150000000000e+08
1.421468350000000000e+08
1.400482190000000000e+08
1.491027620000000000e+08
1.473354290000000000e+08
1.409388880000000000e+08
1.473350480000000000e+08
1.417701980000000000e+08
1.412699640000000000e+08
1.391133650000000000e+08
1.268045540000000000e+08
1.406361560000000000e+08
1.400453480000000000e+08
1.268021860000000000e+08
1.501006270000000000e+08
1.391875660000000000e+08
1.522222330000000000e+08
1.501887590000000000e+08
1.406589820000000000e+08
1.390672310000000000e+08
1.214213840000000000e+08
1.440694540000000000e+08
1.408971620000000000e+08
1.414713570000000000e+08
1.420870470000000000e+08
1.440657240000000000e+08
1.490391160000000000e+08
1.496003760000000000e+08
1.266047130000000000e+08
1.501648750000000000e+08
1.499353600000000000e+08
1.269134640000000000e+08
1.397628680000000000e+08
1.492732990000000000e+08
1.442016890000000000e+08
1.149903850000000000e+08
1.266591230000000000e+08
1.399948470000000000e+08
1.494737820000000000e+08
1.471126740000000000e+08
1.399940540000000000e+08
1.470843370000000000e+08
1.406918430000000000e+08
1.440027060000000000e+08
1.411274350000000000e+08
1.440032800000000000e+08
1.397231310000000000e+08
1.297128200000000000e+08
1.269461620000000000e+08
1.397656330000000000e+08
1.405122000000000000e+08
1.392081030000000000e+08
1.416215340000000000e+08
1.417702990000000000e+08
1.267633320000000000e+08
1.392578750000000000e+08
1.528908020000000000e+08
1.496017680000000000e+08
1.397737650000000000e+08
1.400670920000000000e+08
1.473497710000000000e+08
1.495727230000000000e+08
1.408018310000000000e+08
1.439542130000000000e+08
1.392326350000000000e+08
1.502477210000000000e+08
1.398751520000000000e+08
1.398292350000000000e+08
1.495730960000000000e+08
1.522833460000000000e+08
1.150127860000000000e+08
1.503231130000000000e+08
1.474213980000000000e+08
1.296378430000000000e+08
1.503923770000000000e+08
1.296468130000000000e+08
1.151506230000000000e+08
1.416082890000000000e+08
1.175121240000000000e+08
1.399151740000000000e+08
1.412686050000000000e+08
1.392323770000000000e+08
1.214869460000000000e+08
1.421092830000000000e+08
1.419795790000000000e+08
1.400696520000000000e+08
1.268934060000000000e+08
1.501454560000000000e+08
1.417099970000000000e+08
1.502990780000000000e+08
1.493027440000000000e+08
1.391131960000000000e+08
1.406613680000000000e+08
1.470856760000000000e+08
1.267029520000000000e+08
1.438491120000000000e+08
1.391484790000000000e+08
1.392066360000000000e+08
1.494985480000000000e+08
1.503941260000000000e+08
1.214718810000000000e+08
1.504400790000000000e+08
1.417081470000000000e+08
1.444591810000000000e+08
1.474059010000000000e+08
1.268765890000000000e+08
1.500979910000000000e+08
1.438239870000000000e+08
1.414286200000000000e+08
1.417716910000000000e+08
1.407585950000000000e+08
1.494455800000000000e+08
1.150151090000000000e+08
1.411541150000000000e+08
1.491741060000000000e+08
1.411870100000000000e+08
1.418263650000000000e+08
1.499937200000000000e+08
1.501667590000000000e+08
1.151913060000000000e+08
1.492752350000000000e+08
1.391217060000000000e+08
1.438541020000000000e+08
1.414724080000000000e+08
1.268902170000000000e+08
1.391275810000000000e+08
1.267473850000000000e+08
1.397708440000000000e+08
1.474069930000000000e+08
1.267490070000000000e+08
1.393696340000000000e+08
1.473849370000000000e+08
1.473845450000000000e+08
1.419106060000000000e+08
1.493044950000000000e+08
1.501647740000000000e+08
1.408286630000000000e+08
1.414728060000000000e+08
1.397217890000000000e+08
1.393008130000000000e+08
1.503223400000000000e+08
1.499139130000000000e+08
1.415420230000000000e+08
1.416107590000000000e+08
1.440028000000000000e+08
1.267647870000000000e+08
1.393262040000000000e+08
1.175173310000000000e+08
1.408275880000000000e+08
1.496654620000000000e+08
1.411571800000000000e+08
1.471652920000000000e+08
1.411218900000000000e+08
1.417092370000000000e+08
1.415307480000000000e+08
1.502754590000000000e+08
1.269464380000000000e+08
1.150760910000000000e+08
1.391485280000000000e+08
1.493911420000000000e+08
1.502995480000000000e+08
1.522847220000000000e+08
1.414717550000000000e+08
1.397571870000000000e+08
1.149169750000000000e+08
1.471641970000000000e+08
1.500296510000000000e+08
1.399171880000000000e+08
1.297125150000000000e+08
1.405990560000000000e+08
1.410902700000000000e+08
1.504432960000000000e+08
1.398783820000000000e+08
1.493476080000000000e+08
1.407971480000000000e+08
1.499300090000000000e+08
1.391223640000000000e+08
1.152445660000000000e+08
1.268203380000000000e+08
1.500624470000000000e+08
1.440049740000000000e+08
1.500651090000000000e+08
1.214722010000000000e+08
1.414122900000000000e+08
1.267490980000000000e+08
1.472672110000000000e+08
1.392252730000000000e+08
1.438235640000000000e+08
1.214899500000000000e+08
1.265814390000000000e+08
1.444579470000000000e+08
1.499730440000000000e+08
1.400455370000000000e+08
1.494975220000000000e+08
1.491590390000000000e+08
1.415265470000000000e+08
1.400526960000000000e+08
1.414109610000000000e+08
1.393707010000000000e+08
1.417700470000000000e+08
1.409397040000000000e+08
1.268030300000000000e+08
1.268026700000000000e+08
1.491765030000000000e+08
1.391278330000000000e+08
1.398790800000000000e+08
1.491253770000000000e+08
1.490393080000000000e+08
1.415425850000000000e+08
1.439993050000000000e+08
1.421056130000000000e+08
1.409981160000000000e+08
1.421091020000000000e+08
1.502991670000000000e+08
1.398787350000000000e+08
1.438543040000000000e+08
1.406892040000000000e+08
1.416069580000000000e+08
1.440055130000000000e+08
1.409706130000000000e+08
1.472681570000000000e+08
1.392002090000000000e+08
1.214216900000000000e+08
1.266583530000000000e+08
1.266379700000000000e+08
1.296810300000000000e+08
1.442521860000000000e+08
1.501016160000000000e+08
1.491248130000000000e+08
1.392827660000000000e+08
1.267466950000000000e+08
1.501015010000000000e+08
1.417121670000000000e+08
1.473499020000000000e+08
1.421424880000000000e+08
1.502991150000000000e+08
1.418676070000000000e+08
1.502502360000000000e+08
1.472503090000000000e+08
1.417579200000000000e+08
1.406352850000000000e+08
1.440651840000000000e+08
1.494734670000000000e+08
1.500309500000000000e+08
1.491561390000000000e+08
1.472671730000000000e+08
1.417722590000000000e+08
1.405804820000000000e+08
1.400474390000000000e+08
1.503595000000000000e+08
1.414718700000000000e+08
1.406093840000000000e+08
1.265837780000000000e+08
1.214891360000000000e+08
1.214253300000000000e+08
1.472061990000000000e+08
1.391120380000000000e+08
1.418054930000000000e+08
1.398258400000000000e+08
1.393689040000000000e+08
1.504332700000000000e+08
1.415303150000000000e+08
1.473318390000000000e+08
1.493050700000000000e+08
1.150157150000000000e+08
1.296520640000000000e+08
1.398992390000000000e+08
1.391133970000000000e+08
1.398984790000000000e+08
1.266049760000000000e+08
1.499892420000000000e+08
1.214243590000000000e+08
1.417094220000000000e+08
1.442514580000000000e+08
1.151072170000000000e+08
1.438522300000000000e+08
1.501886590000000000e+08
1.151062050000000000e+08
1.391889660000000000e+08
1.439241730000000000e+08
1.500293820000000000e+08
1.400485300000000000e+08
1.266581690000000000e+08
1.494977630000000000e+08
1.444626970000000000e+08
1.501879160000000000e+08
1.502732550000000000e+08
1.474235710000000000e+08
1.410289620000000000e+08
1.490378410000000000e+08
1.472011380000000000e+08
1.392568830000000000e+08
