1.525937830000000000e+08
1.416069860000000000e+08
1.179399050000000000e+08
1.499722110000000000e+08
1.465563350000000000e+08
1.406301160000000000e+08
1.494979240000000000e+08
1.332470700000000000e+07
1.463438810000000000e+08
1.503213300000000000e+08
1.416806810000000000e+08
1.491007640000000000e+08
1.499915780000000000e+08
1.416100120000000000e+08
1.465206570000000000e+08
1.416104730000000000e+08
1.492160240000000000e+08
1.179399790000000000e+08
1.526470000000000000e+06
1.416509400000000000e+07
1.006595390000000000e+08
1.416114610000000000e+08
1.538014990000000000e+08
1.501667110000000000e+08
1.499898640000000000e+08
1.416272680000000000e+08
1.445196610000000000e+08
1.523720460000000000e+08
1.395286930000000000e+08
1.501880710000000000e+08
1.523718180000000000e+08
1.416060600000000000e+08
1.100274800000000000e+07
1.419429110000000000e+08
1.176501700000000000e+08
1.220444000000000000e+06
1.405984640000000000e+08
1.327529900000000000e+07
1.525047490000000000e+08
1.492531540000000000e+08
1.149218590000000000e+08
1.503617510000000000e+08
1.411226770000000000e+08
1.493015750000000000e+08
1.420526080000000000e+08
1.416816450000000000e+08
1.501072140000000000e+08
1.502732540000000000e+08
1.397324280000000000e+08
1.493461630000000000e+08
1.419444880000000000e+08
1.519708000000000000e+06
1.405275540000000000e+08
1.445200450000000000e+08
1.501673190000000000e+08
1.465562160000000000e+08
1.406307920000000000e+08
1.411561050000000000e+08
1.463800720000000000e+08
1.178808230000000000e+08
1.465174870000000000e+08
1.177978920000000000e+08
1.465588720000000000e+08
1.179223590000000000e+08
1.503611040000000000e+08
1.465182830000000000e+08
1.007604640000000000e+08
1.402145760000000000e+08
1.405994710000000000e+08
1.417110080000000000e+08
1.499895350000000000e+08
1.445178630000000000e+08
1.465238200000000000e+08
1.524718320000000000e+08
1.419094810000000000e+08
1.394204240000000000e+08
1.416472600000000000e+07
1.414828020000000000e+08
1.007753800000000000e+08
1.463087220000000000e+08
1.116558000000000000e+07
1.320588000000000000e+07
1.498620900000000000e+08
1.525892050000000000e+08
1.524709040000000000e+08
1.005295440000000000e+08
1.419140820000000000e+08
1.501001060000000000e+08
1.104740200000000000e+07
1.391261700000000000e+07
1.415307000000000000e+08
1.419802950000000000e+08
1.421066240000000000e+08
1.493471030000000000e+08
1.494979800000000000e+08
1.215507400000000000e+08
1.493077800000000000e+08
1.499917930000000000e+08
1.405773630000000000e+08
1.503221960000000000e+08
1.005084290000000000e+08
1.307257700000000000e+07
1.501431370000000000e+08
1.418253690000000000e+08
1.306388900000000000e+07
1.314721800000000000e+07
1.414729110000000000e+08
1.215935390000000000e+08
1.396357490000000000e+08
1.464211490000000000e+08
1.494208960000000000e+08
1.465236130000000000e+08
1.105176700000000000e+07
1.490393720000000000e+08
1.417560710000000000e+08
1.415484740000000000e+08
1.415448610000000000e+08
1.409433230000000000e+08
1.005278240000000000e+08
1.417083350000000000e+08
1.440330000000000000e+06
1.525049010000000000e+08
1.417699830000000000e+08
1.180328310000000000e+08
1.211584630000000000e+08
1.494497950000000000e+08
1.463075490000000000e+08
1.501426530000000000e+08
1.393331500000000000e+07
1.104641000000000000e+07
1.499301500000000000e+08
1.356687000000000000e+06
1.006662520000000000e+08
1.492519110000000000e+08
1.524694040000000000e+08
1.412720040000000000e+08
1.332530100000000000e+07
1.110389400000000000e+07
1.415435400000000000e+08
1.465553710000000000e+08
1.400423700000000000e+07
1.499346670000000000e+08
1.537117460000000000e+08
1.501071760000000000e+08
1.445164760000000000e+08
1.406356460000000000e+08
1.406584840000000000e+08
1.492489320000000000e+08
1.417551630000000000e+08
1.234931000000000000e+06
1.394105370000000000e+08
1.503011890000000000e+08
1.504322110000000000e+08
1.412396500000000000e+07
1.412127200000000000e+08
1.176517420000000000e+08
1.537412680000000000e+08
1.465996530000000000e+08
1.273155000000000000e+06
1.216395870000000000e+08
1.495726460000000000e+08
1.416278460000000000e+08
1.177363720000000000e+08
1.412820970000000000e+08
1.502753600000000000e+08
1.525020540000000000e+08
1.491245360000000000e+08
1.493036480000000000e+08
1.411275410000000000e+08
1.322247400000000000e+07
1.396372540000000000e+08
1.420146180000000000e+08
1.409987450000000000e+08
1.502711690000000000e+08
1.006609480000000000e+08
1.463410120000000000e+08
1.498474850000000000e+08
1.393694330000000000e+08
1.176510990000000000e+08
1.397051510000000000e+08
1.537431200000000000e+08
1.464380320000000000e+08
1.503572900000000000e+08
1.405975180000000000e+08
1.538545210000000000e+08
1.007757940000000000e+08
1.395758260000000000e+08
1.433755300000000000e+08
1.422333400000000000e+07
1.464373970000000000e+08
1.503906190000000000e+08
1.433504690000000000e+08
1.100254000000000000e+07
1.538572820000000000e+08
1.408900280000000000e+08
1.402135900000000000e+08
1.465361140000000000e+08
1.177760500000000000e+08
1.445190080000000000e+08
1.211587460000000000e+08
1.302167400000000000e+07
1.400411200000000000e+07
1.525610050000000000e+08
1.398264940000000000e+08
1.463223540000000000e+08
1.495418410000000000e+08
1.416856430000000000e+08
1.445004310000000000e+08
1.414257020000000000e+08
1.005115670000000000e+08
1.414142170000000000e+08
1.503206200000000000e+08
1.419797390000000000e+08
1.498462210000000000e+08
1.407619480000000000e+08
1.524154130000000000e+08
1.388459900000000000e+07
1.409170400000000000e+07
1.306880600000000000e+07
1.395275950000000000e+08
1.215911980000000000e+08
1.417667600000000000e+07
1.492184970000000000e+08
1.490376410000000000e+08
1.421072190000000000e+08
1.215887430000000000e+08
1.396516300000000000e+08
1.397030880000000000e+08
1.499706130000000000e+08
1.441539000000000000e+06
1.464706730000000000e+08
1.251111000000000000e+06
1.395529270000000000e+08
1.178976390000000000e+08
1.396703980000000000e+08
1.327279700000000000e+07
1.492526700000000000e+08
1.412163980000000000e+08
1.391173700000000000e+07
1.464430520000000000e+08
1.393712650000000000e+08
1.501886630000000000e+08
1.327098900000000000e+07
1.417554140000000000e+08
1.391464700000000000e+07
1.494231740000000000e+08
1.007242370000000000e+08
1.528696000000000000e+06
1.417365900000000000e+07
1.179238740000000000e+08
1.493484880000000000e+08
1.517936000000000000e+06
1.402162180000000000e+08
1.491551980000000000e+08
1.402887090000000000e+08
1.503943610000000000e+08
1.431037680000000000e+08
1.176500680000000000e+08
1.490597730000000000e+08
1.502716800000000000e+08
1.499759220000000000e+08
1.275563000000000000e+06
1.419454700000000000e+08
1.500642380000000000e+08
1.504315180000000000e+08
1.211586190000000000e+08
1.420847620000000000e+08
1.388264370000000000e+08
1.525073250000000000e+08
1.420178260000000000e+08
1.406320800000000000e+08
1.149259070000000000e+08
1.448033000000000000e+06
1.499880590000000000e+08
1.006562250000000000e+08
1.211355520000000000e+08
1.397018120000000000e+08
1.416825890000000000e+08
1.411552640000000000e+08
1.501422070000000000e+08
1.418699670000000000e+08
1.525030740000000000e+08
1.504428410000000000e+08
1.538367240000000000e+08
1.196779000000000000e+06
1.418230200000000000e+08
1.215968000000000000e+08
1.420513490000000000e+08
1.216440180000000000e+08
1.405805950000000000e+08
1.309596700000000000e+07
1.325598600000000000e+07
1.406599800000000000e+08
1.501072210000000000e+08
1.414727170000000000e+08
1.320218900000000000e+07
1.523732840000000000e+08
1.496301170000000000e+08
1.402810930000000000e+08
1.523622500000000000e+08
1.420513980000000000e+08
1.491758590000000000e+08
1.320166300000000000e+07
1.416254860000000000e+08
1.501650180000000000e+08
1.395471790000000000e+08
1.395295090000000000e+08
1.397356590000000000e+08
1.491744940000000000e+08
1.494445450000000000e+08
1.397338010000000000e+08
1.465382320000000000e+08
1.499021760000000000e+08
1.495417800000000000e+08
1.523767950000000000e+08
1.177764950000000000e+08
1.410307210000000000e+08
1.367304000000000000e+06
1.421098740000000000e+08
1.416221190000000000e+08
1.494495300000000000e+08
1.419112010000000000e+08
1.396383660000000000e+08
1.441616880000000000e+08
1.406301240000000000e+08
1.491766840000000000e+08
1.525028070000000000e+08
1.525917430000000000e+08
1.314636900000000000e+07
1.419779350000000000e+08
1.420873400000000000e+08
1.416123140000000000e+08
1.492188900000000000e+08
1.416562500000000000e+07
1.503891420000000000e+08
1.437448000000000000e+06
1.463446540000000000e+08
1.408565060000000000e+08
1.419101780000000000e+08
1.494976740000000000e+08
1.503914360000000000e+08
1.409004580000000000e+08
1.411263970000000000e+08
1.005278180000000000e+08
1.397252280000000000e+08
1.527618000000000000e+06
1.499713310000000000e+08
1.468173590000000000e+08
1.332442500000000000e+07
1.419779320000000000e+08
1.413336770000000000e+08
1.177615070000000000e+08
1.441486380000000000e+08
1.463446820000000000e+08
1.420861660000000000e+08
1.178962430000000000e+08
1.406878260000000000e+08
1.538386920000000000e+08
1.177631450000000000e+08
1.408615480000000000e+08
1.441626130000000000e+08
1.496011400000000000e+08
1.395473310000000000e+08
1.236197000000000000e+06
1.250339000000000000e+06
1.504308290000000000e+08
1.416081980000000000e+08
1.397252850000000000e+08
1.410966350000000000e+08
1.211589090000000000e+08
1.411519530000000000e+08
1.501855740000000000e+08
1.395294560000000000e+08
1.215488530000000000e+08
1.503581470000000000e+08
1.493926710000000000e+08
1.494448680000000000e+08
1.504424970000000000e+08
1.504302750000000000e+08
1.354950000000000000e+06
1.490606530000000000e+08
1.515847980000000000e+08
1.397610210000000000e+08
1.416059820000000000e+08
1.491607780000000000e+08
1.177759240000000000e+08
1.402159240000000000e+08
1.447223000000000000e+06
1.524776240000000000e+08
1.464427920000000000e+08
1.216453660000000000e+08
1.409472200000000000e+07
1.438687000000000000e+06
1.417562130000000000e+08
1.006129030000000000e+08
1.501065530000000000e+08
1.419744950000000000e+08
1.504277900000000000e+08
1.402085590000000000e+08
1.416249790000000000e+08
1.215671760000000000e+08
1.395514700000000000e+07
1.420836290000000000e+08
1.215935680000000000e+08
1.211582600000000000e+08
1.096088500000000000e+07
1.537988900000000000e+08
1.149567510000000000e+08
1.105401400000000000e+07
1.322006000000000000e+07
1.408472400000000000e+07
1.395510450000000000e+08
1.439593000000000000e+06
1.314502500000000000e+07
1.357615000000000000e+06
1.395783480000000000e+08
1.502463940000000000e+08
1.499711130000000000e+08
1.364666000000000000e+06
1.525026500000000000e+08
1.391191200000000000e+07
1.537998820000000000e+08
1.393966940000000000e+08
1.405110690000000000e+08
1.444991960000000000e+08
1.463232010000000000e+08
1.525927640000000000e+08
1.465204910000000000e+08
1.405981790000000000e+08
1.402136350000000000e+08
1.503240860000000000e+08
1.005099400000000000e+08
1.395469120000000000e+08
1.501445700000000000e+08
1.499903670000000000e+08
1.309304000000000000e+06
1.396361000000000000e+08
1.397030900000000000e+08
1.445204000000000000e+08
1.416851800000000000e+08
1.433505840000000000e+08
1.196984000000000000e+06
1.501434240000000000e+08
1.176739240000000000e+08
1.397502540000000000e+08
1.465373510000000000e+08
1.416122210000000000e+08
1.494205960000000000e+08
1.463488630000000000e+08
1.500349480000000000e+08
1.503011090000000000e+08
1.178992030000000000e+08
1.464654600000000000e+08
1.503569060000000000e+08
1.410269030000000000e+08
1.415444940000000000e+08
1.416283390000000000e+08
1.217086330000000000e+08
1.176497250000000000e+08
1.463228990000000000e+08
1.420172650000000000e+08
1.493067690000000000e+08
1.496011560000000000e+08
1.496307540000000000e+08
1.529712000000000000e+06
1.105241700000000000e+07
1.215489610000000000e+08
1.387603470000000000e+08
1.410960710000000000e+08
1.422086500000000000e+07
1.504378990000000000e+08
1.313552500000000000e+07
1.465224180000000000e+08
1.005932800000000000e+08
1.105347900000000000e+07
1.215519940000000000e+08
1.399775000000000000e+06
1.501887580000000000e+08
1.006080260000000000e+08
1.421078210000000000e+08
1.494976620000000000e+08
1.415275790000000000e+08
1.504304310000000000e+08
1.495732640000000000e+08
1.417693560000000000e+08
1.398275190000000000e+08
1.400199200000000000e+07
1.525736090000000000e+08
1.274216000000000000e+06
1.463246620000000000e+08
1.196529000000000000e+06
1.523713310000000000e+08
1.408581400000000000e+08
1.334087000000000000e+06
1.516280560000000000e+08
1.413351000000000000e+08
1.334514300000000000e+07
1.149250210000000000e+08
1.419139940000000000e+08
1.494738390000000000e+08
1.465177170000000000e+08
1.215914660000000000e+08
1.444985900000000000e+08
1.407589530000000000e+08
1.410953590000000000e+08
1.211578630000000000e+08
1.444868440000000000e+08
1.492197290000000000e+08
1.409389750000000000e+08
1.465584870000000000e+08
1.445009710000000000e+08
1.415420330000000000e+08
1.005929350000000000e+08
1.465366740000000000e+08
1.502491550000000000e+08
1.397021050000000000e+08
1.503950090000000000e+08
1.503207120000000000e+08
1.196693000000000000e+06
1.005121210000000000e+08
1.498400610000000000e+08
1.418238810000000000e+08
1.410946720000000000e+08
1.396829620000000000e+08
1.415456160000000000e+08
1.412168200000000000e+08
1.414809530000000000e+08
1.468047060000000000e+08
1.493479480000000000e+08
1.515151010000000000e+08
1.501391820000000000e+08
1.006123560000000000e+08
1.464202680000000000e+08
1.499897810000000000e+08
1.525370610000000000e+08
1.493020860000000000e+08
1.418092200000000000e+08
1.495031440000000000e+08
1.149541830000000000e+08
1.393349100000000000e+07
1.444841860000000000e+08
1.464424370000000000e+08
1.005925400000000000e+08
1.493477720000000000e+08
1.306928800000000000e+07
1.302033200000000000e+07
1.496255800000000000e+08
1.504435130000000000e+08
1.408532500000000000e+07
1.525095590000000000e+08
1.438254000000000000e+06
1.215522050000000000e+08
1.491759650000000000e+08
1.419762470000000000e+08
1.004788490000000000e+08
1.215674410000000000e+08
1.217149820000000000e+08
1.500627720000000000e+08
1.499345540000000000e+08
1.491242180000000000e+08
1.395276930000000000e+08
1.177335810000000000e+08
1.500314430000000000e+08
1.395496820000000000e+08
1.397254650000000000e+08
1.538566310000000000e+08
1.325422500000000000e+07
1.491073890000000000e+08
1.441625670000000000e+08
1.397270270000000000e+08
1.398286230000000000e+08
1.397316070000000000e+08
1.491786750000000000e+08
1.444876100000000000e+08
1.219998000000000000e+06
1.116367200000000000e+07
1.501014720000000000e+08
1.216346100000000000e+08
1.502709790000000000e+08
1.405796740000000000e+08
1.211583030000000000e+08
1.402853930000000000e+08
1.448766000000000000e+06
1.418241220000000000e+08
1.491600580000000000e+08
1.515882410000000000e+08
1.498408910000000000e+08
1.468189050000000000e+08
1.422144500000000000e+07
1.149231520000000000e+08
1.492173420000000000e+08
1.501664650000000000e+08
1.527986000000000000e+06
1.179801030000000000e+08
1.408224300000000000e+07
1.523626600000000000e+08
1.468064000000000000e+08
1.450781000000000000e+06
1.406089050000000000e+08
1.416119850000000000e+08
1.412655200000000000e+07
1.501873820000000000e+08
1.501418980000000000e+08
1.491800760000000000e+08
1.433753970000000000e+08
1.335183000000000000e+06
1.177750940000000000e+08
1.418264950000000000e+08
1.105308900000000000e+07
1.504401760000000000e+08
1.465190170000000000e+08
1.418062920000000000e+08
1.413355530000000000e+08
1.525032640000000000e+08
1.503616160000000000e+08
1.408030800000000000e+08
1.215644420000000000e+08
1.414137060000000000e+08
1.179792190000000000e+08
1.178457760000000000e+08
1.500317660000000000e+08
1.525896070000000000e+08
1.491027230000000000e+08
1.423259100000000000e+07
1.395756440000000000e+08
1.415442810000000000e+08
1.433391150000000000e+08
1.179800200000000000e+08
1.502717800000000000e+08
1.176493030000000000e+08
1.420191710000000000e+08
1.149229850000000000e+08
1.503231380000000000e+08
1.252178000000000000e+06
1.518944000000000000e+06
1.464239680000000000e+08
1.501879080000000000e+08
1.396384970000000000e+08
1.504421520000000000e+08
1.494443410000000000e+08
1.308855000000000000e+06
1.502469250000000000e+08
1.414290300000000000e+08
1.005325200000000000e+08
1.493467520000000000e+08
1.537972770000000000e+08
1.110195300000000000e+07
1.450518000000000000e+06
1.334388900000000000e+07
1.416075530000000000e+08
1.273143000000000000e+06
1.409978600000000000e+08
1.314598300000000000e+07
1.492507530000000000e+08
1.501015640000000000e+08
1.006077410000000000e+08
1.503223650000000000e+08
1.501036500000000000e+08
1.395768480000000000e+08
1.099660900000000000e+07
1.005130220000000000e+08
1.500327860000000000e+08
1.465228800000000000e+08
1.416255590000000000e+08
1.216405310000000000e+08
1.504426580000000000e+08
1.492534090000000000e+08
1.005916280000000000e+08
1.108303300000000000e+07
1.501676430000000000e+08
1.104839000000000000e+07
1.445190590000000000e+08
1.408264380000000000e+08
1.397618110000000000e+08
1.405991250000000000e+08
1.503216630000000000e+08
1.413342930000000000e+08
1.501918810000000000e+08
1.104834100000000000e+07
1.394108790000000000e+08
1.491254180000000000e+08
1.501855860000000000e+08
1.502720640000000000e+08
1.408998250000000000e+08
1.516733000000000000e+06
1.406579310000000000e+08
1.410923690000000000e+08
1.395473120000000000e+08
1.504316590000000000e+08
1.500304110000000000e+08
1.441619640000000000e+08
1.468060140000000000e+08
1.499350430000000000e+08
1.149215650000000000e+08
1.465206410000000000e+08
1.416404100000000000e+07
1.496008460000000000e+08
1.418708310000000000e+08
1.325737000000000000e+07
1.411212360000000000e+08
1.396709920000000000e+08
1.441498480000000000e+08
1.526684000000000000e+06
1.525602090000000000e+08
1.408598220000000000e+08
1.491213850000000000e+08
1.407601640000000000e+08
1.408943540000000000e+08
1.468053320000000000e+08
1.499026580000000000e+08
1.179788880000000000e+08
1.416220650000000000e+08
1.394112370000000000e+08
1.414223390000000000e+08
1.433760690000000000e+08
1.410936930000000000e+08
1.504304040000000000e+08
1.503226520000000000e+08
1.411272530000000000e+08
1.179387910000000000e+08
1.177478930000000000e+08
1.421065810000000000e+08
1.420855690000000000e+08
1.502509590000000000e+08
1.396829590000000000e+08
1.525020300000000000e+08
1.499722070000000000e+08
1.498611930000000000e+08
1.502709770000000000e+08
1.445002490000000000e+08
1.493025520000000000e+08
1.492744220000000000e+08
1.537994680000000000e+08
1.406361620000000000e+08
1.537416160000000000e+08
1.395263520000000000e+08
1.403087700000000000e+07
1.525891040000000000e+08
1.395715100000000000e+07
1.005093550000000000e+08
1.538565610000000000e+08
1.398288590000000000e+08
1.007769870000000000e+08
1.396816760000000000e+08
1.538554740000000000e+08
1.418658750000000000e+08
1.405798470000000000e+08
1.499023660000000000e+08
1.416267830000000000e+08
1.005911860000000000e+08
1.397237810000000000e+08
1.406334730000000000e+08
1.405766500000000000e+08
1.216377930000000000e+08
1.405771340000000000e+08
1.408016830000000000e+08
1.409462370000000000e+08
1.176754880000000000e+08
1.504419050000000000e+08
1.524752930000000000e+08
1.418241500000000000e+08
1.411875700000000000e+08
1.414139320000000000e+08
1.463828280000000000e+08
1.414253490000000000e+08
1.501855810000000000e+08
1.468038280000000000e+08
1.368876370000000000e+08
1.537988080000000000e+08
1.410962700000000000e+08
1.501087110000000000e+08
1.177325050000000000e+08
1.523761490000000000e+08
1.178963430000000000e+08
1.418237750000000000e+08
1.274876000000000000e+06
1.445425450000000000e+08
1.503955290000000000e+08
1.179785800000000000e+08
1.411541150000000000e+08
1.464209750000000000e+08
1.492529610000000000e+08
1.110355200000000000e+07
1.411870100000000000e+08
1.491741060000000000e+08
1.499937200000000000e+08
1.501667590000000000e+08
1.180372780000000000e+08
1.418263650000000000e+08
1.499028470000000000e+08
1.500979910000000000e+08
1.302105500000000000e+07
1.414286200000000000e+08
1.494455800000000000e+08
1.407585950000000000e+08
1.421103830000000000e+08
1.503941260000000000e+08
1.411838940000000000e+08
1.417081470000000000e+08
1.504400790000000000e+08
1.501674200000000000e+08
1.408276960000000000e+08
1.215919290000000000e+08
1.388262110000000000e+08
1.537232240000000000e+08
1.179401820000000000e+08
1.441626120000000000e+08
1.500324100000000000e+08
1.502990780000000000e+08
1.397681370000000000e+08
1.493027440000000000e+08
1.215960150000000000e+08
1.406613680000000000e+08
1.501454560000000000e+08
1.417099970000000000e+08
1.149242190000000000e+08
1.535810000000000000e+06
1.302102900000000000e+07
1.391120600000000000e+07
1.537411390000000000e+08
1.465398060000000000e+08
1.332534000000000000e+07
1.252996000000000000e+06
1.179373840000000000e+08
1.421092830000000000e+08
1.419795790000000000e+08
1.215968010000000000e+08
1.525894630000000000e+08
1.108471900000000000e+07
1.397263960000000000e+08
1.412705890000000000e+08
1.412686050000000000e+08
1.468048010000000000e+08
1.416109160000000000e+08
1.176520380000000000e+08
1.416082890000000000e+08
1.395523740000000000e+08
1.176510750000000000e+08
1.302009100000000000e+07
1.464228750000000000e+08
1.503923770000000000e+08
1.414362150000000000e+08
1.495730960000000000e+08
1.215911410000000000e+08
1.503231130000000000e+08
1.464715050000000000e+08
1.450658000000000000e+06
1.334632300000000000e+07
1.394443750000000000e+08
1.502477210000000000e+08
1.394394340000000000e+08
1.004792620000000000e+08
1.496017680000000000e+08
1.216345620000000000e+08
1.503202350000000000e+08
1.495727230000000000e+08
1.408018310000000000e+08
1.433527550000000000e+08
1.322119000000000000e+07
1.397040260000000000e+08
1.527746000000000000e+06
1.538369640000000000e+08
1.397356240000000000e+08
1.465226960000000000e+08
1.176486030000000000e+08
1.537432760000000000e+08
1.524152490000000000e+08
1.116180900000000000e+07
1.405122000000000000e+08
1.309709000000000000e+06
1.537124210000000000e+08
1.498397780000000000e+08
1.416215340000000000e+08
1.417702990000000000e+08
1.445023620000000000e+08
1.387990950000000000e+08
1.005127630000000000e+08
1.394105780000000000e+08
1.177644030000000000e+08
1.405990560000000000e+08
1.176500150000000000e+08
1.465391950000000000e+08
1.178808650000000000e+08
1.211590240000000000e+08
1.500296510000000000e+08
1.217108260000000000e+08
1.177604940000000000e+08
1.414717550000000000e+08
1.251099000000000000e+06
1.433383110000000000e+08
1.537231970000000000e+08
1.493911420000000000e+08
1.396519820000000000e+08
1.408243300000000000e+07
1.503576130000000000e+08
1.400397000000000000e+07
1.502995480000000000e+08
1.502754590000000000e+08
1.441682000000000000e+06
1.395744400000000000e+07
1.515175530000000000e+08
1.176267440000000000e+08
1.411218900000000000e+08
1.417092370000000000e+08
1.405107140000000000e+08
1.391259900000000000e+07
1.495757260000000000e+08
1.322007900000000000e+07
1.420149320000000000e+08
1.526213500000000000e+08
1.415307480000000000e+08
1.523718880000000000e+08
1.408275880000000000e+08
1.393267600000000000e+07
1.176742490000000000e+08
1.433517160000000000e+08
1.411571800000000000e+08
1.396381260000000000e+08
1.503223400000000000e+08
1.416107590000000000e+08
1.402807290000000000e+08
1.415420230000000000e+08
1.099699800000000000e+07
1.433810700000000000e+08
1.177751920000000000e+08
1.464412920000000000e+08
1.414728060000000000e+08
1.220928000000000000e+06
1.416118550000000000e+08
1.525890770000000000e+08
1.388346600000000000e+07
1.501647740000000000e+08
1.007594540000000000e+08
1.327460100000000000e+07
1.105300100000000000e+07
1.408286630000000000e+08
1.495391140000000000e+08
1.394462070000000000e+08
1.309076000000000000e+06
1.005086290000000000e+08
1.525087680000000000e+08
1.419106060000000000e+08
1.393696340000000000e+08
1.464400650000000000e+08
1.493044950000000000e+08
1.368873880000000000e+08
1.395926920000000000e+08
1.397670000000000000e+06
1.503212520000000000e+08
1.523733790000000000e+08
1.366530000000000000e+06
1.515837310000000000e+08
1.414724080000000000e+08
1.105139800000000000e+07
1.499934450000000000e+08
1.007590490000000000e+08
1.504430460000000000e+08
1.492752350000000000e+08
1.444616370000000000e+08
1.525383370000000000e+08
1.431089920000000000e+08
1.444624350000000000e+08
1.495764070000000000e+08
1.104679900000000000e+07
1.525032080000000000e+08
1.524727120000000000e+08
1.325474500000000000e+07
1.306932400000000000e+07
1.005282540000000000e+08
1.499882250000000000e+08
1.406892040000000000e+08
1.416069580000000000e+08
1.444994290000000000e+08
1.409706130000000000e+08
1.421091020000000000e+08
1.307154000000000000e+07
1.502991670000000000e+08
1.405780240000000000e+08
1.327254600000000000e+07
1.463801220000000000e+08
1.409981160000000000e+08
1.499309940000000000e+08
1.449640000000000000e+06
1.491765030000000000e+08
1.441658630000000000e+08
1.415425850000000000e+08
1.491253770000000000e+08
1.490393080000000000e+08
1.306249300000000000e+07
1.409433880000000000e+08
1.464221020000000000e+08
1.176464990000000000e+08
1.168117000000000000e+06
1.417700470000000000e+08
1.409397040000000000e+08
1.525733120000000000e+08
1.215662890000000000e+08
1.414109610000000000e+08
1.464352750000000000e+08
1.217147370000000000e+08
1.393707010000000000e+08
1.215644840000000000e+08
1.464711890000000000e+08
1.491590390000000000e+08
1.306404600000000000e+07
1.415265470000000000e+08
1.105158300000000000e+07
1.492522250000000000e+08
1.387977430000000000e+08
1.499730440000000000e+08
1.313557200000000000e+07
1.416199100000000000e+07
1.537988110000000000e+08
1.391141400000000000e+07
1.491075850000000000e+08
1.211586800000000000e+08
1.523620250000000000e+08
1.217094450000000000e+08
1.149234000000000000e+08
1.515867860000000000e+08
1.441805340000000000e+08
1.177484780000000000e+08
1.416802450000000000e+08
1.500651090000000000e+08
1.464359760000000000e+08
1.414122900000000000e+08
1.217075250000000000e+08
1.500624470000000000e+08
1.408265020000000000e+08
1.498614620000000000e+08
1.525041130000000000e+08
1.407971480000000000e+08
1.313561900000000000e+07
1.216382480000000000e+08
1.499300090000000000e+08
1.400407900000000000e+07
1.408514800000000000e+07
1.233864000000000000e+06
1.492725060000000000e+08
1.524751300000000000e+08
1.005906560000000000e+08
1.410902700000000000e+08
1.253443000000000000e+06
1.464351190000000000e+08
1.502471340000000000e+08
1.499018360000000000e+08
1.502496060000000000e+08
1.504432960000000000e+08
1.396380390000000000e+08
1.178988140000000000e+08
1.410289620000000000e+08
1.355209000000000000e+06
1.397046900000000000e+08
1.490378410000000000e+08
1.495392920000000000e+08
1.525050860000000000e+08
1.463499700000000000e+08
1.501879160000000000e+08
1.502732550000000000e+08
1.397240970000000000e+08
1.177984660000000000e+08
1.502756800000000000e+08
1.416257100000000000e+07
1.441656570000000000e+08
1.500293820000000000e+08
1.407548470000000000e+08
1.494977630000000000e+08
1.306473900000000000e+07
1.309468900000000000e+07
1.501886590000000000e+08
1.397536210000000000e+08
1.178975680000000000e+08
1.149239890000000000e+08
1.538383490000000000e+08
1.463226810000000000e+08
1.334777000000000000e+06
1.441256860000000000e+08
1.499353380000000000e+08
1.445023250000000000e+08
1.179794550000000000e+08
1.417094220000000000e+08
1.320204800000000000e+07
1.177639650000000000e+08
1.176474530000000000e+08
1.498467880000000000e+08
1.400167100000000000e+07
1.525719180000000000e+08
1.445186750000000000e+08
1.400365200000000000e+07
1.515640220000000000e+08
1.529852000000000000e+06
1.178790960000000000e+08
1.408940530000000000e+08
1.538358440000000000e+08
1.523713660000000000e+08
1.499892420000000000e+08
1.396514390000000000e+08
1.495431130000000000e+08
1.504332700000000000e+08
1.415303150000000000e+08
1.465962170000000000e+08
1.325591800000000000e+07
1.495439000000000000e+08
1.493050700000000000e+08
1.391092500000000000e+07
1.418054930000000000e+08
1.515611550000000000e+08
1.417722590000000000e+08
1.405804820000000000e+08
1.523718650000000000e+08
1.007596200000000000e+08
1.006816620000000000e+08
1.416472000000000000e+07
1.503595000000000000e+08
1.406093840000000000e+08
1.414718700000000000e+08
1.332393000000000000e+07
1.178790910000000000e+08
1.500309500000000000e+08
1.179409750000000000e+08
1.525383700000000000e+08
1.006109050000000000e+08
1.149251290000000000e+08
1.491561390000000000e+08
1.402140980000000000e+08
1.494232220000000000e+08
1.445171830000000000e+08
1.416496100000000000e+07
1.441631920000000000e+08
1.502502360000000000e+08
1.538344230000000000e+08
1.464354840000000000e+08
1.406352850000000000e+08
1.004811230000000000e+08
1.417579200000000000e+08
1.465200040000000000e+08
1.501015010000000000e+08
1.433514410000000000e+08
1.417121670000000000e+08
1.327387000000000000e+07
1.502991150000000000e+08
1.421424880000000000e+08
1.418676070000000000e+08
1.250980000000000000e+06
1.524751940000000000e+08
1.501016160000000000e+08
1.491248130000000000e+08
1.525613540000000000e+08
1.502456140000000000e+08
1.178989260000000000e+08
1.176289100000000000e+08
1.433762200000000000e+08
1.149569890000000000e+08
1.407606140000000000e+08
1.441428220000000000e+08
1.433494660000000000e+08
1.515157120000000000e+08
1.406342570000000000e+08
1.400440000000000000e+07
1.492691780000000000e+08
1.387757560000000000e+08
1.493886410000000000e+08
1.421957100000000000e+07
1.419416840000000000e+08
1.499938610000000000e+08
1.110077400000000000e+07
1.501687390000000000e+08
1.499024110000000000e+08
1.418099620000000000e+08
1.402155730000000000e+08
1.492516110000000000e+08
1.537974800000000000e+08
1.525908160000000000e+08
1.421047970000000000e+08
1.409691220000000000e+08
1.253097000000000000e+06
1.537254370000000000e+08
1.215891280000000000e+08
1.402861330000000000e+08
1.501090080000000000e+08
1.504315990000000000e+08
1.537086580000000000e+08
1.394117740000000000e+08
1.501899950000000000e+08
1.409698690000000000e+08
1.405810310000000000e+08
1.417579310000000000e+08
1.492203780000000000e+08
1.306491200000000000e+07
1.515639080000000000e+08
1.501458000000000000e+08
1.537990730000000000e+08
1.525014610000000000e+08
1.397660080000000000e+08
1.501004210000000000e+08
1.500683810000000000e+08
1.493942570000000000e+08
1.167125000000000000e+06
1.393982530000000000e+08
1.402097370000000000e+08
1.407588310000000000e+08
1.465204730000000000e+08
1.005278460000000000e+08
1.524758180000000000e+08
1.394097390000000000e+08
1.395508100000000000e+07
1.180347530000000000e+08
1.177453180000000000e+08
1.465181290000000000e+08
1.491207260000000000e+08
1.420158520000000000e+08
1.538340850000000000e+08
1.526206800000000000e+08
1.179219240000000000e+08
1.395768960000000000e+08
1.177339630000000000e+08
1.503592600000000000e+08
1.420858420000000000e+08
1.515622190000000000e+08
1.441802210000000000e+08
1.198988000000000000e+06
1.408829800000000000e+07
1.417615000000000000e+07
1.167538000000000000e+06
1.499344310000000000e+08
1.412119980000000000e+08
1.491206020000000000e+08
1.405973530000000000e+08
1.405965130000000000e+08
1.503933900000000000e+08
1.110077300000000000e+07
1.393352500000000000e+07
1.441658070000000000e+08
1.501103910000000000e+08
1.445188880000000000e+08
1.397528630000000000e+08
1.007238370000000000e+08
1.196437000000000000e+06
1.104664100000000000e+07
1.368874700000000000e+08
1.538357930000000000e+08
1.503592120000000000e+08
1.501472760000000000e+08
1.433351730000000000e+08
1.179238800000000000e+08
1.412809390000000000e+08
1.397695150000000000e+08
1.408984360000000000e+08
1.313397400000000000e+07
1.501444150000000000e+08
1.407617570000000000e+08
1.414230330000000000e+08
1.495421190000000000e+08
1.463217260000000000e+08
1.491051070000000000e+08
1.465998050000000000e+08
1.416152300000000000e+07
1.397319510000000000e+08
1.468040380000000000e+08
1.420522770000000000e+08
1.444994430000000000e+08
1.496266440000000000e+08
1.504311200000000000e+08
1.441491700000000000e+08
1.502457540000000000e+08
1.306356200000000000e+07
1.494771000000000000e+08
1.306159000000000000e+07
1.314742600000000000e+07
1.177356110000000000e+08
1.397270680000000000e+08
1.491772710000000000e+08
1.320208600000000000e+07
1.412712160000000000e+08
1.395532140000000000e+08
1.216351470000000000e+08
1.272867000000000000e+06
1.215911170000000000e+08
1.494977000000000000e+08
1.464396190000000000e+08
1.407552160000000000e+08
1.177763650000000000e+08
1.464349750000000000e+08
1.408993830000000000e+08
1.524724130000000000e+08
1.397662350000000000e+08
1.406884520000000000e+08
1.503574040000000000e+08
1.420193430000000000e+08
1.397042920000000000e+08
1.006108450000000000e+08
1.412759700000000000e+07
1.167318000000000000e+06
1.464657310000000000e+08
1.178996240000000000e+08
1.419449110000000000e+08
1.215893120000000000e+08
1.417719080000000000e+08
1.465996430000000000e+08
1.414697400000000000e+08
1.500297560000000000e+08
1.402098270000000000e+08
1.417527870000000000e+08
1.402849710000000000e+08
1.524382440000000000e+08
1.421096650000000000e+08
1.465968850000000000e+08
1.503009350000000000e+08
1.400455600000000000e+07
1.502721480000000000e+08
1.407547970000000000e+08
1.398275560000000000e+08
1.524694130000000000e+08
1.515606520000000000e+08
1.217095770000000000e+08
1.418109340000000000e+08
1.492699650000000000e+08
1.502478690000000000e+08
1.402128200000000000e+08
1.503015290000000000e+08
1.523626610000000000e+08
1.521078000000000000e+06
1.490371120000000000e+08
1.412684670000000000e+08
1.217148430000000000e+08
1.105123500000000000e+07
1.217140500000000000e+08
1.397659070000000000e+08
1.468201080000000000e+08
1.179791080000000000e+08
1.464655050000000000e+08
1.396482810000000000e+08
1.320373400000000000e+07
1.537244860000000000e+08
1.177329780000000000e+08
1.502493840000000000e+08
1.491749920000000000e+08
1.177610690000000000e+08
1.499922210000000000e+08
1.391260000000000000e+07
1.394430380000000000e+08
1.414265250000000000e+08
1.006660760000000000e+08
1.523749760000000000e+08
1.408791200000000000e+07
1.215666280000000000e+08
1.407575710000000000e+08
1.179378320000000000e+08
1.411224680000000000e+08
1.415428260000000000e+08
1.414357050000000000e+08
1.418051800000000000e+08
1.215044890000000000e+08
1.406361890000000000e+08
1.504392890000000000e+08
1.499712770000000000e+08
1.491213690000000000e+08
1.396686510000000000e+08
1.500659450000000000e+08
1.402845360000000000e+08
1.465171920000000000e+08
1.402122980000000000e+08
1.465176350000000000e+08
1.504317910000000000e+08
1.502507880000000000e+08
1.416219000000000000e+07
1.502743860000000000e+08
1.215675180000000000e+08
1.410281200000000000e+08
1.418114450000000000e+08
1.215940550000000000e+08
1.525373700000000000e+08
1.327284800000000000e+07
1.403179700000000000e+07
1.411210440000000000e+08
1.419750440000000000e+08
1.418078390000000000e+08
1.415275710000000000e+08
1.450221000000000000e+06
1.215686250000000000e+08
1.407616410000000000e+08
1.271818000000000000e+06
1.416800550000000000e+08
1.415282800000000000e+08
1.503891270000000000e+08
1.492743120000000000e+08
1.411538360000000000e+08
1.405987580000000000e+08
1.414238120000000000e+08
1.527054000000000000e+06
1.523718330000000000e+08
1.504318590000000000e+08
1.176289570000000000e+08
1.515608260000000000e+08
1.197237000000000000e+06
1.216393210000000000e+08
1.196016000000000000e+06
1.417135930000000000e+08
1.177355340000000000e+08
1.409682600000000000e+08
1.498395820000000000e+08
1.500645250000000000e+08
1.504308370000000000e+08
1.179249300000000000e+08
1.498620160000000000e+08
1.500302050000000000e+08
1.421482890000000000e+08
1.501897450000000000e+08
1.503931980000000000e+08
1.444620420000000000e+08
1.423058600000000000e+07
1.176458540000000000e+08
1.524730550000000000e+08
1.408287510000000000e+08
1.504427480000000000e+08
1.419805170000000000e+08
1.499339860000000000e+08
1.499332530000000000e+08
1.502493670000000000e+08
1.500670870000000000e+08
1.004796600000000000e+08
1.525015020000000000e+08
1.396490430000000000e+08
1.177348770000000000e+08
1.105060800000000000e+07
1.395506710000000000e+08
1.180329300000000000e+08
1.420816020000000000e+08
1.176727040000000000e+08
1.503904900000000000e+08
1.405968020000000000e+08
1.179389470000000000e+08
1.411235880000000000e+08
1.499022030000000000e+08
1.504305660000000000e+08
1.502496220000000000e+08
1.177480900000000000e+08
1.220362000000000000e+06
1.463232750000000000e+08
1.500651510000000000e+08
1.005935280000000000e+08
1.444617050000000000e+08
1.216425260000000000e+08
1.504299300000000000e+08
1.253298000000000000e+06
1.408576610000000000e+08
1.396679190000000000e+08
1.492477070000000000e+08
1.395482260000000000e+08
1.176767420000000000e+08
1.417131890000000000e+08
1.407600060000000000e+08
1.405809850000000000e+08
1.322285800000000000e+07
1.500992180000000000e+08
1.251436000000000000e+06
1.008980950000000000e+08
1.406918430000000000e+08
1.322384400000000000e+07
1.524784560000000000e+08
1.411274350000000000e+08
1.495734370000000000e+08
1.491759110000000000e+08
1.492732990000000000e+08
1.417262900000000000e+07
1.314534800000000000e+07
1.494737820000000000e+08
1.537134220000000000e+08
1.493937810000000000e+08
1.313655000000000000e+06
1.394225060000000000e+08
1.394122320000000000e+08
1.501648750000000000e+08
1.450635000000000000e+06
1.537433920000000000e+08
1.417594700000000000e+07
1.491567480000000000e+08
1.422217000000000000e+07
1.538537490000000000e+08
1.499353600000000000e+08
1.538363550000000000e+08
1.501645230000000000e+08
1.415450370000000000e+08
1.420870470000000000e+08
1.397668000000000000e+06
1.490391160000000000e+08
1.496003760000000000e+08
1.492743670000000000e+08
1.396815830000000000e+08
1.150461940000000000e+08
1.503911180000000000e+08
1.525376910000000000e+08
1.525609390000000000e+08
1.406589820000000000e+08
1.416071080000000000e+08
1.408959830000000000e+08
1.408971620000000000e+08
1.490599500000000000e+08
1.414713570000000000e+08
1.397615730000000000e+08
1.465224190000000000e+08
1.491547170000000000e+08
1.198751000000000000e+06
1.100255900000000000e+07
1.501887590000000000e+08
1.503913860000000000e+08
1.395521560000000000e+08
1.501006270000000000e+08
1.465942170000000000e+08
1.397255490000000000e+08
1.412699640000000000e+08
1.494231110000000000e+08
1.406361560000000000e+08
1.495425380000000000e+08
1.515847250000000000e+08
1.423095000000000000e+07
1.365899000000000000e+06
1.402845380000000000e+08
1.491027620000000000e+08
1.409388880000000000e+08
1.006081780000000000e+08
1.417701980000000000e+08
1.406096480000000000e+08
1.502481330000000000e+08
1.503930640000000000e+08
1.176520520000000000e+08
1.421046860000000000e+08
1.492526150000000000e+08
1.149146570000000000e+08
1.116351600000000000e+07
1.421468350000000000e+08
1.416271260000000000e+08
1.149241630000000000e+08
1.393968050000000000e+08
1.406325710000000000e+08
1.491745760000000000e+08
1.411287730000000000e+08
1.503607660000000000e+08
1.419107900000000000e+08
1.325380100000000000e+07
1.409335800000000000e+07
1.179796940000000000e+08
1.501636950000000000e+08
1.421900100000000000e+07
1.503931910000000000e+08
1.503931400000000000e+08
1.421091850000000000e+08
1.537969200000000000e+08
1.309015000000000000e+06
1.495020010000000000e+08
1.499908650000000000e+08
1.215505230000000000e+08
1.410297120000000000e+08
1.394201920000000000e+08
1.441426870000000000e+08
1.006112370000000000e+08
1.309670000000000000e+07
1.396505860000000000e+08
1.397527480000000000e+08
1.525743330000000000e+08
1.408941850000000000e+08
1.414235360000000000e+08
1.523739970000000000e+08
1.176448330000000000e+08
1.406357780000000000e+08
1.492531400000000000e+08
1.314522600000000000e+07
1.495417770000000000e+08
1.419134870000000000e+08
1.420528260000000000e+08
1.005315610000000000e+08
1.490367580000000000e+08
1.494445630000000000e+08
1.387996920000000000e+08
1.414849810000000000e+08
1.405959530000000000e+08
1.422359800000000000e+07
1.099667900000000000e+07
1.492481960000000000e+08
1.468193400000000000e+08
1.408512800000000000e+07
1.176452300000000000e+08
1.180343310000000000e+08
1.503898530000000000e+08
1.176472130000000000e+08
1.005310580000000000e+08
1.416238660000000000e+08
1.493504470000000000e+08
1.178796070000000000e+08
1.416280190000000000e+08
1.503598920000000000e+08
1.463440200000000000e+08
1.501891530000000000e+08
1.463813180000000000e+08
1.409716660000000000e+08
1.499924790000000000e+08
1.408280630000000000e+08
1.419102980000000000e+08
1.405804970000000000e+08
1.309425700000000000e+07
1.179222120000000000e+08
1.099855600000000000e+07
1.499765350000000000e+08
1.524149040000000000e+08
1.465387800000000000e+08
1.405794300000000000e+08
1.465182900000000000e+08
1.468038510000000000e+08
1.215930610000000000e+08
1.149548270000000000e+08
1.502985730000000000e+08
1.500987770000000000e+08
1.537425490000000000e+08
1.492191450000000000e+08
1.419094440000000000e+08
1.420842740000000000e+08
1.417706090000000000e+08
1.501890700000000000e+08
1.493033100000000000e+08
1.417460100000000000e+07
1.006121270000000000e+08
1.176449210000000000e+08
1.406593500000000000e+08
1.396835400000000000e+08
1.498596840000000000e+08
1.405982250000000000e+08
1.437531000000000000e+06
1.396383470000000000e+08
1.104904100000000000e+07
1.524754120000000000e+08
1.396482210000000000e+08
1.406001470000000000e+08
1.396699620000000000e+08
1.334510100000000000e+07
1.491027280000000000e+08
1.462849640000000000e+08
1.503919970000000000e+08
1.491267960000000000e+08
1.179252620000000000e+08
1.216441610000000000e+08
1.423293900000000000e+07
1.307070100000000000e+07
1.502983260000000000e+08
1.414791740000000000e+08
1.005092730000000000e+08
1.216405460000000000e+08
1.524736440000000000e+08
1.492193760000000000e+08
1.500628830000000000e+08
1.236277000000000000e+06
1.400380600000000000e+07
1.528730000000000000e+06
1.410281640000000000e+08
1.516284090000000000e+08
1.177728510000000000e+08
1.394202620000000000e+08
1.411546380000000000e+08
1.411851420000000000e+08
1.408492000000000000e+07
1.431089180000000000e+08
1.405787910000000000e+08
1.149541650000000000e+08
1.407974640000000000e+08
1.419102910000000000e+08
1.419437230000000000e+08
1.465590150000000000e+08
1.463231530000000000e+08
1.499715370000000000e+08
1.409986720000000000e+08
1.176735140000000000e+08
1.391239700000000000e+07
1.397670100000000000e+08
1.496014510000000000e+08
1.149227100000000000e+08
1.105211000000000000e+07
1.410297870000000000e+08
1.179407540000000000e+08
1.505135910000000000e+08
1.495395520000000000e+08
1.538372200000000000e+08
1.402121140000000000e+08
1.177476080000000000e+08
1.396374690000000000e+08
1.441625500000000000e+08
1.419756200000000000e+08
1.501066010000000000e+08
1.419796960000000000e+08
1.108320500000000000e+07
1.433375350000000000e+08
1.416246590000000000e+08
1.176485460000000000e+08
1.465964590000000000e+08
1.215521590000000000e+08
1.411534720000000000e+08
1.177604650000000000e+08
1.503229910000000000e+08
1.433996990000000000e+08
1.494783610000000000e+08
1.409983370000000000e+08
1.395932170000000000e+08
1.441260530000000000e+08
1.402092040000000000e+08
1.503600850000000000e+08
1.501428060000000000e+08
1.502497370000000000e+08
1.500296710000000000e+08
1.411529310000000000e+08
1.501053720000000000e+08
1.502726460000000000e+08
1.420148310000000000e+08
1.179230900000000000e+08
1.504294810000000000e+08
1.494231520000000000e+08
1.234012000000000000e+06
1.105203300000000000e+07
1.445181630000000000e+08
1.420175870000000000e+08
1.491612000000000000e+08
1.397595850000000000e+08
1.410247240000000000e+08
1.398498000000000000e+06
1.499900980000000000e+08
1.409972420000000000e+08
1.537106180000000000e+08
1.524153440000000000e+08
1.431037320000000000e+08
1.464206930000000000e+08
1.177347240000000000e+08
1.412815260000000000e+08
1.494979930000000000e+08
1.500988600000000000e+08
1.490402340000000000e+08
1.405774060000000000e+08
1.178463580000000000e+08
1.233983000000000000e+06
1.502740710000000000e+08
1.503617370000000000e+08
1.402828990000000000e+08
1.398260050000000000e+08
1.396361940000000000e+08
1.180370190000000000e+08
1.503208910000000000e+08
1.008350270000000000e+08
1.533793000000000000e+06
1.465590120000000000e+08
1.464208030000000000e+08
1.420519900000000000e+08
1.216395420000000000e+08
1.211579700000000000e+08
1.396835490000000000e+08
1.500982910000000000e+08
1.433385640000000000e+08
1.418097290000000000e+08
1.105383200000000000e+07
1.176483130000000000e+08
1.409404930000000000e+08
1.418235040000000000e+08
1.505138240000000000e+08
1.515162250000000000e+08
1.537250690000000000e+08
1.493907100000000000e+08
1.414358180000000000e+08
1.492168640000000000e+08
1.419438080000000000e+08
1.408283330000000000e+08
1.397659360000000000e+08
1.498417070000000000e+08
1.416256050000000000e+08
1.176460090000000000e+08
1.491794510000000000e+08
1.406638850000000000e+08
1.500995110000000000e+08
1.176511310000000000e+08
1.413347930000000000e+08
1.420521870000000000e+08
1.398262030000000000e+08
1.493906480000000000e+08
1.523720690000000000e+08
1.502506790000000000e+08
1.491549270000000000e+08
1.391424900000000000e+07
1.397249890000000000e+08
1.504399890000000000e+08
1.216466740000000000e+08
1.006098570000000000e+08
1.366144000000000000e+06
1.499731960000000000e+08
1.149561740000000000e+08
1.416266340000000000e+08
1.416864550000000000e+08
1.411876250000000000e+08
1.499732810000000000e+08
1.410308250000000000e+08
1.215685360000000000e+08
1.495391010000000000e+08
1.327195900000000000e+07
1.492165320000000000e+08
1.325682300000000000e+07
1.397244720000000000e+08
1.494975790000000000e+08
1.395293970000000000e+08
1.406356670000000000e+08
1.503247870000000000e+08
1.501656570000000000e+08
1.463491360000000000e+08
1.500332370000000000e+08
1.418117560000000000e+08
1.418230410000000000e+08
1.495429470000000000e+08
1.441493720000000000e+08
1.465397030000000000e+08
1.402820690000000000e+08
1.393973620000000000e+08
1.179799510000000000e+08
1.464204920000000000e+08
1.421485870000000000e+08
1.441643520000000000e+08
1.396503080000000000e+08
1.491057640000000000e+08
1.402842920000000000e+08
1.408123900000000000e+07
1.402076680000000000e+08
1.177326570000000000e+08
1.500635800000000000e+08
1.409163300000000000e+07
1.445007490000000000e+08
1.405111410000000000e+08
1.116504700000000000e+07
1.499718280000000000e+08
1.441488180000000000e+08
1.414071490000000000e+08
1.498477190000000000e+08
1.405120850000000000e+08
1.416078980000000000e+08
1.411839010000000000e+08
1.492194960000000000e+08
1.502724470000000000e+08
1.504281350000000000e+08
1.176493330000000000e+08
1.523725570000000000e+08
1.494220870000000000e+08
1.005324990000000000e+08
1.524155890000000000e+08
1.494981980000000000e+08
1.417542910000000000e+08
1.006639230000000000e+08
1.309665500000000000e+07
1.116670000000000000e+07
1.523734610000000000e+08
1.417085460000000000e+08
1.499300840000000000e+08
1.215673980000000000e+08
1.327155000000000000e+07
1.524766570000000000e+08
1.491753960000000000e+08
1.408923730000000000e+08
1.216476610000000000e+08
1.503917400000000000e+08
1.149149430000000000e+08
1.327411900000000000e+07
1.496006390000000000e+08
1.223040000000000000e+06
1.503933020000000000e+08
1.008301190000000000e+08
1.494744940000000000e+08
1.402839930000000000e+08
1.332203200000000000e+07
1.413335730000000000e+08
1.538357010000000000e+08
1.524401740000000000e+08
1.104634900000000000e+07
1.490599540000000000e+08
1.420184640000000000e+08
1.441802100000000000e+08
1.417661440000000000e+08
1.251759000000000000e+06
1.217080180000000000e+08
1.402142210000000000e+08
1.493472960000000000e+08
1.412804500000000000e+08
1.216451460000000000e+08
1.501454380000000000e+08
1.414840550000000000e+08
1.498599050000000000e+08
1.420161190000000000e+08
1.387997550000000000e+08
1.493479920000000000e+08
1.308817000000000000e+06
1.406320370000000000e+08
1.491553600000000000e+08
1.502487620000000000e+08
1.411871260000000000e+08
1.216470410000000000e+08
1.412821360000000000e+08
1.515637030000000000e+08
1.408308740000000000e+08
1.420816740000000000e+08
1.104683100000000000e+07
1.005137160000000000e+08
1.409985220000000000e+08
1.306964800000000000e+07
1.490605860000000000e+08
1.537986020000000000e+08
1.307271700000000000e+07
1.499738790000000000e+08
1.537964090000000000e+08
1.464217990000000000e+08
1.235357000000000000e+06
1.496310350000000000e+08
1.525747510000000000e+08
1.503569030000000000e+08
1.397670570000000000e+08
1.387680080000000000e+08
1.420486910000000000e+08
1.491268100000000000e+08
1.493490370000000000e+08
1.416255600000000000e+07
1.525367090000000000e+08
1.418676270000000000e+08
1.312638000000000000e+06
1.503605510000000000e+08
1.525900340000000000e+08
1.414358160000000000e+08
1.406922800000000000e+08
1.493481010000000000e+08
1.444996340000000000e+08
1.387986180000000000e+08
1.006104730000000000e+08
1.414813110000000000e+08
1.397353730000000000e+08
1.215515980000000000e+08
1.368880030000000000e+08
1.105051200000000000e+07
1.179239310000000000e+08
1.417515700000000000e+07
1.468064930000000000e+08
1.395477440000000000e+08
1.524691690000000000e+08
1.416106610000000000e+08
1.503248410000000000e+08
1.396830370000000000e+08
1.420851920000000000e+08
1.235096000000000000e+06
1.503589910000000000e+08
1.525376920000000000e+08
1.445162770000000000e+08
1.275381000000000000e+06
1.418112610000000000e+08
1.414234160000000000e+08
1.397254120000000000e+08
1.423297700000000000e+07
1.320506400000000000e+07
1.503919080000000000e+08
1.394219460000000000e+08
1.499762760000000000e+08
1.465229300000000000e+08
1.412844110000000000e+08
1.313470600000000000e+07
1.307298000000000000e+07
1.411842070000000000e+08
1.498395250000000000e+08
1.395931400000000000e+08
1.398273470000000000e+08
1.216460540000000000e+08
1.465953220000000000e+08
1.176452790000000000e+08
1.110276600000000000e+07
1.104691200000000000e+07
1.004791670000000000e+08
1.523765090000000000e+08
1.006660890000000000e+08
1.501667210000000000e+08
1.007251420000000000e+08
1.215968020000000000e+08
1.368883050000000000e+08
1.423114400000000000e+07
1.492165510000000000e+08
1.493028250000000000e+08
1.414236340000000000e+08
1.387403010000000000e+08
1.504287030000000000e+08
1.498609620000000000e+08
1.445163930000000000e+08
1.523749580000000000e+08
1.396814640000000000e+08
1.441803220000000000e+08
1.402086260000000000e+08
1.006558440000000000e+08
1.499337760000000000e+08
1.498472950000000000e+08
1.309461000000000000e+06
1.387590320000000000e+08
1.491800880000000000e+08
1.444991820000000000e+08
1.387756830000000000e+08
1.211351920000000000e+08
1.395523770000000000e+08
1.524398240000000000e+08
1.334531100000000000e+07
1.177471530000000000e+08
1.503936230000000000e+08
1.502698560000000000e+08
1.405284110000000000e+08
1.504418000000000000e+08
1.217120670000000000e+08
1.005317760000000000e+08
1.495761480000000000e+08
1.494201490000000000e+08
1.444867910000000000e+08
1.414794120000000000e+08
1.008351840000000000e+08
1.322316100000000000e+07
1.414246430000000000e+08
1.495727200000000000e+08
1.412839210000000000e+08
1.418100800000000000e+08
1.537428470000000000e+08
1.525708180000000000e+08
1.176493860000000000e+08
1.176458340000000000e+08
1.500625270000000000e+08
1.414233710000000000e+08
1.445185540000000000e+08
1.431046370000000000e+08
1.397037580000000000e+08
1.413354890000000000e+08
1.150462400000000000e+08
1.527820000000000000e+06
1.445408990000000000e+08
1.448328000000000000e+06
1.387688760000000000e+08
1.414084450000000000e+08
1.504300440000000000e+08
1.444614090000000000e+08
1.445003370000000000e+08
1.465215190000000000e+08
1.409681170000000000e+08
1.441614130000000000e+08
1.395484130000000000e+08
1.525052840000000000e+08
1.416829210000000000e+08
1.515622390000000000e+08
1.150461500000000000e+08
1.504318390000000000e+08
1.491020060000000000e+08
1.433403780000000000e+08
1.494231030000000000e+08
1.396703930000000000e+08
1.538359800000000000e+08
1.490373740000000000e+08
1.499763950000000000e+08
1.441804530000000000e+08
1.420860910000000000e+08
1.417643500000000000e+07
1.408018980000000000e+08
1.493910100000000000e+08
1.395526980000000000e+08
1.491207060000000000e+08
1.444622160000000000e+08
1.501880970000000000e+08
1.494452580000000000e+08
1.420186970000000000e+08
1.216437600000000000e+08
1.411877190000000000e+08
1.504306160000000000e+08
1.416079720000000000e+08
1.306108700000000000e+07
1.217138610000000000e+08
1.447691000000000000e+06
1.325323300000000000e+07
1.179259420000000000e+08
1.313586700000000000e+07
1.395523700000000000e+08
1.496642540000000000e+08
1.211588530000000000e+08
1.441647810000000000e+08
1.405795370000000000e+08
1.417365200000000000e+07
1.491268060000000000e+08
1.397613340000000000e+08
1.503618030000000000e+08
1.116140300000000000e+07
1.176502810000000000e+08
1.334907000000000000e+06
1.108376400000000000e+07
1.394196580000000000e+08
1.406896530000000000e+08
1.180368470000000000e+08
1.180351410000000000e+08
1.493464180000000000e+08
1.393710530000000000e+08
1.419124690000000000e+08
1.499881040000000000e+08
1.421089490000000000e+08
1.503574240000000000e+08
1.525082520000000000e+08
1.420843060000000000e+08
1.274822000000000000e+06
1.406629080000000000e+08
1.525090730000000000e+08
1.496301600000000000e+08
1.464398040000000000e+08
1.537986610000000000e+08
1.314561600000000000e+07
1.420175090000000000e+08
1.463441290000000000e+08
1.006074770000000000e+08
1.405763410000000000e+08
1.418652010000000000e+08
1.501418130000000000e+08
1.525021470000000000e+08
1.495738220000000000e+08
1.420541590000000000e+08
1.538385580000000000e+08
1.407977860000000000e+08
1.465569500000000000e+08
1.149152440000000000e+08
1.433735860000000000e+08
1.179801880000000000e+08
1.412788880000000000e+08
1.537255460000000000e+08
1.314820200000000000e+07
1.468040180000000000e+08
1.409964210000000000e+08
1.493940360000000000e+08
1.493484200000000000e+08
1.393975210000000000e+08
1.504422640000000000e+08
1.176459190000000000e+08
1.500288060000000000e+08
1.416114890000000000e+08
1.503945360000000000e+08
1.417694340000000000e+08
1.433997340000000000e+08
1.503617680000000000e+08
1.416112760000000000e+08
1.388280500000000000e+07
1.178798170000000000e+08
1.515876500000000000e+08
1.008312710000000000e+08
1.211583880000000000e+08
1.395468570000000000e+08
1.494220960000000000e+08
1.537426080000000000e+08
1.416241100000000000e+07
1.410281980000000000e+08
1.396903000000000000e+06
1.110161000000000000e+07
1.415437440000000000e+08
1.499316030000000000e+08
1.464234640000000000e+08
1.418697240000000000e+08
1.494788460000000000e+08
1.419439410000000000e+08
1.417519900000000000e+07
1.414132190000000000e+08
1.416100500000000000e+08
1.411560180000000000e+08
1.422080400000000000e+07
1.416523400000000000e+07
1.397253070000000000e+08
1.149233400000000000e+08
1.405291990000000000e+08
1.395952800000000000e+08
1.387763280000000000e+08
1.408205100000000000e+07
1.421077590000000000e+08
1.417680400000000000e+08
1.445180630000000000e+08
1.501912580000000000e+08
1.537121150000000000e+08
1.327235900000000000e+07
1.105102600000000000e+07
1.397267570000000000e+08
1.306977400000000000e+07
1.503897600000000000e+08
1.501056130000000000e+08
1.411210800000000000e+08
1.537098880000000000e+08
1.397686370000000000e+08
1.235445000000000000e+06
1.405295550000000000e+08
1.177464760000000000e+08
1.395934660000000000e+08
1.405980470000000000e+08
1.504408600000000000e+08
1.402849510000000000e+08
1.405113180000000000e+08
1.397318520000000000e+08
1.491260600000000000e+08
1.416211580000000000e+08
1.411870820000000000e+08
1.334706000000000000e+06
1.524778270000000000e+08
1.179790940000000000e+08
1.419419860000000000e+08
1.503206100000000000e+08
1.408757500000000000e+07
1.402848400000000000e+08
1.414072010000000000e+08
1.405993770000000000e+08
1.177758420000000000e+08
1.493516790000000000e+08
1.251231000000000000e+06
1.524750170000000000e+08
1.500666310000000000e+08
1.414107890000000000e+08
1.396505790000000000e+08
1.393694360000000000e+08
1.502746320000000000e+08
1.150462070000000000e+08
1.397696100000000000e+08
1.528567000000000000e+06
1.498611240000000000e+08
1.430923330000000000e+08
1.005085730000000000e+08
1.464392160000000000e+08
1.433746050000000000e+08
1.503246560000000000e+08
1.502496790000000000e+08
1.235692000000000000e+06
1.431468120000000000e+08
1.395472860000000000e+08
1.180350860000000000e+08
1.007241170000000000e+08
1.219107000000000000e+06
1.412686900000000000e+08
1.420868130000000000e+08
1.419457500000000000e+08
1.332134500000000000e+07
1.418093590000000000e+08
1.387403970000000000e+08
1.418226250000000000e+08
1.464358800000000000e+08
1.274314000000000000e+06
1.525610350000000000e+08
1.413345550000000000e+08
1.395937440000000000e+08
1.421087460000000000e+08
1.422072800000000000e+07
1.396382070000000000e+08
1.327212300000000000e+07
1.176506710000000000e+08
1.322381100000000000e+07
1.222410000000000000e+06
1.491217280000000000e+08
1.503912260000000000e+08
1.412788100000000000e+08
1.402111340000000000e+08
1.110154900000000000e+07
1.503199030000000000e+08
1.006104220000000000e+08
1.322009900000000000e+07
1.395469460000000000e+08
1.491014110000000000e+08
1.149216140000000000e+08
1.215499200000000000e+08
1.320511100000000000e+07
1.502746490000000000e+08
1.499705990000000000e+08
1.398734000000000000e+06
1.149240120000000000e+08
1.463466980000000000e+08
1.504431850000000000e+08
1.499309460000000000e+08
1.179252010000000000e+08
1.463432000000000000e+08
1.177447700000000000e+08
1.394399210000000000e+08
1.302155400000000000e+07
1.416868040000000000e+08
1.492523050000000000e+08
1.503215120000000000e+08
1.418086750000000000e+08
1.503937960000000000e+08
1.525938470000000000e+08
1.465198170000000000e+08
1.005128370000000000e+08
1.411275430000000000e+08
1.179236790000000000e+08
1.177754370000000000e+08
1.006096350000000000e+08
1.525906370000000000e+08
1.524150940000000000e+08
1.406310500000000000e+08
1.179407390000000000e+08
1.394455760000000000e+08
1.410964920000000000e+08
1.523710070000000000e+08
1.524710560000000000e+08
1.538389630000000000e+08
1.398267190000000000e+08
1.498615420000000000e+08
1.364559000000000000e+06
1.005086630000000000e+08
1.411529270000000000e+08
1.503919880000000000e+08
1.408813900000000000e+07
1.408915970000000000e+08
1.215039810000000000e+08
1.405985420000000000e+08
1.501407230000000000e+08
1.409685430000000000e+08
1.465970350000000000e+08
1.177473830000000000e+08
1.537980740000000000e+08
1.409330300000000000e+07
1.502714200000000000e+08
1.421449690000000000e+08
1.463446640000000000e+08
1.419759260000000000e+08
1.464392630000000000e+08
1.491202760000000000e+08
1.312206000000000000e+06
1.274941000000000000e+06
1.537420660000000000e+08
1.417707300000000000e+07
1.405121260000000000e+08
1.423298500000000000e+07
1.500990790000000000e+08
1.503579350000000000e+08
1.491210860000000000e+08
1.396829310000000000e+08
1.503581700000000000e+08
1.408985750000000000e+08
1.421105360000000000e+08
1.502497280000000000e+08
1.468044930000000000e+08
1.500316240000000000e+08
1.537230210000000000e+08
1.419777950000000000e+08
1.406591720000000000e+08
1.420145030000000000e+08
1.410289660000000000e+08
1.525382570000000000e+08
1.494755590000000000e+08
1.463081750000000000e+08
1.523724250000000000e+08
1.516727000000000000e+06
1.405986290000000000e+08
1.309684200000000000e+07
1.538344200000000000e+08
1.403226700000000000e+07
1.524745980000000000e+08
1.503204560000000000e+08
1.415436200000000000e+08
1.396698860000000000e+08
1.421449150000000000e+08
1.198684000000000000e+06
1.408280090000000000e+08
1.397634000000000000e+06
1.306488900000000000e+07
1.409388020000000000e+08
1.501507340000000000e+08
1.403202800000000000e+07
1.149215760000000000e+08
1.538368760000000000e+08
1.445011580000000000e+08
1.412686200000000000e+07
1.416218850000000000e+08
1.515862630000000000e+08
1.520599000000000000e+06
1.416251590000000000e+08
1.391408100000000000e+07
1.414715220000000000e+08
1.495396210000000000e+08
1.468056640000000000e+08
1.412109490000000000e+08
1.422229100000000000e+07
1.414112010000000000e+08
1.309639000000000000e+07
1.538547650000000000e+08
1.005937320000000000e+08
1.307129100000000000e+07
1.320203700000000000e+07
1.491759360000000000e+08
1.419129030000000000e+08
1.499306560000000000e+08
1.334579400000000000e+07
1.411230490000000000e+08
1.396695060000000000e+08
1.005329330000000000e+08
1.407975240000000000e+08
1.500295020000000000e+08
1.524754040000000000e+08
1.500302500000000000e+08
1.388254920000000000e+08
1.178994770000000000e+08
1.464384240000000000e+08
1.273249000000000000e+06
1.325698000000000000e+07
1.515162730000000000e+08
1.400121300000000000e+07
1.302081900000000000e+07
1.525040970000000000e+08
1.395480400000000000e+08
1.417572100000000000e+07
1.464364600000000000e+08
1.465191290000000000e+08
1.366618000000000000e+06
1.314759600000000000e+07
1.402842370000000000e+08
1.273210000000000000e+06
1.307117200000000000e+07
1.502744870000000000e+08
1.217134040000000000e+08
1.421445940000000000e+08
1.412814950000000000e+08
1.537965570000000000e+08
1.309010000000000000e+06
1.397590570000000000e+08
1.491610750000000000e+08
1.419115190000000000e+08
1.418114320000000000e+08
1.176499670000000000e+08
1.441804440000000000e+08
1.388387200000000000e+07
1.490373630000000000e+08
1.395477450000000000e+08
1.006119360000000000e+08
1.394205270000000000e+08
1.408977320000000000e+08
1.005281100000000000e+08
1.409715450000000000e+08
1.441626060000000000e+08
1.418262290000000000e+08
1.441617130000000000e+08
1.408947030000000000e+08
1.406889410000000000e+08
1.500329830000000000e+08
1.493517760000000000e+08
1.421482280000000000e+08
1.179409540000000000e+08
1.503599820000000000e+08
1.327510300000000000e+07
1.406612890000000000e+08
1.538394770000000000e+08
1.005128670000000000e+08
1.501075390000000000e+08
1.116573900000000000e+07
1.494979040000000000e+08
1.495014850000000000e+08
1.504418100000000000e+08
1.387778200000000000e+08
1.537247020000000000e+08
1.421076180000000000e+08
1.419759030000000000e+08
1.176498950000000000e+08
1.332467800000000000e+07
1.402808870000000000e+08
1.500989790000000000e+08
1.409716840000000000e+08
1.406874460000000000e+08
1.177620610000000000e+08
1.394103300000000000e+08
1.417573260000000000e+08
1.416829310000000000e+08
1.492183500000000000e+08
1.518662000000000000e+06
1.503233340000000000e+08
1.110365600000000000e+07
1.216385110000000000e+08
1.502497710000000000e+08
1.537979300000000000e+08
1.494992920000000000e+08
1.492204450000000000e+08
1.465368920000000000e+08
1.441662260000000000e+08
1.176504120000000000e+08
1.444867860000000000e+08
1.356961000000000000e+06
1.396382570000000000e+08
1.491763050000000000e+08
1.149221780000000000e+08
1.411241440000000000e+08
1.387677550000000000e+08
1.418688360000000000e+08
1.364572000000000000e+06
1.400194900000000000e+07
1.306135100000000000e+07
1.492531730000000000e+08
1.306413600000000000e+07
1.495427090000000000e+08
1.406872140000000000e+08
1.537134270000000000e+08
1.178463650000000000e+08
1.395742200000000000e+07
1.501660910000000000e+08
1.493925740000000000e+08
1.387588580000000000e+08
1.411217930000000000e+08
1.420860810000000000e+08
1.179814100000000000e+08
1.498598520000000000e+08
1.437453000000000000e+06
1.179374420000000000e+08
1.444988130000000000e+08
1.322378700000000000e+07
1.464203340000000000e+08
1.357036000000000000e+06
1.498623780000000000e+08
1.413357870000000000e+08
1.524775530000000000e+08
1.503591980000000000e+08
1.445427170000000000e+08
1.005905600000000000e+08
1.504320790000000000e+08
1.402104970000000000e+08
1.410301680000000000e+08
1.215645570000000000e+08
1.419092810000000000e+08
1.006789880000000000e+08
1.498461890000000000e+08
1.406904280000000000e+08
1.415280600000000000e+08
1.450584000000000000e+06
1.393460700000000000e+07
1.408932380000000000e+08
1.419454650000000000e+08
1.108144000000000000e+07
1.176283750000000000e+08
1.405806340000000000e+08
1.388355100000000000e+07
1.176469950000000000e+08
1.420874510000000000e+08
1.007258100000000000e+08
1.313411000000000000e+06
1.525892860000000000e+08
1.215490320000000000e+08
1.537231830000000000e+08
1.490595840000000000e+08
1.463215590000000000e+08
1.433359500000000000e+08
1.491039410000000000e+08
1.515879250000000000e+08
1.405808750000000000e+08
1.441432550000000000e+08
1.224664000000000000e+06
1.332317700000000000e+07
1.415264390000000000e+08
1.314698300000000000e+07
1.492489690000000000e+08
1.527678000000000000e+06
1.406306350000000000e+08
1.365960000000000000e+06
1.493081750000000000e+08
1.211578670000000000e+08
1.493882650000000000e+08
1.104651400000000000e+07
1.418705890000000000e+08
1.215914620000000000e+08
1.179366180000000000e+08
1.441412710000000000e+08
1.495764130000000000e+08
1.423058400000000000e+07
1.414117130000000000e+08
1.406082300000000000e+08
1.416834000000000000e+08
1.498620140000000000e+08
1.405807170000000000e+08
1.215672170000000000e+08
1.465226260000000000e+08
1.179226350000000000e+08
1.412104480000000000e+08
1.417658360000000000e+08
1.406335680000000000e+08
1.417577320000000000e+08
1.178454860000000000e+08
1.431417880000000000e+08
1.215517090000000000e+08
1.416854650000000000e+08
1.465993360000000000e+08
1.177450360000000000e+08
1.421460510000000000e+08
1.334528600000000000e+07
1.419765980000000000e+08
1.465583230000000000e+08
1.411553520000000000e+08
1.465170620000000000e+08
1.149569660000000000e+08
1.500652440000000000e+08
1.405999720000000000e+08
1.495390580000000000e+08
1.464420830000000000e+08
1.468036560000000000e+08
1.525059480000000000e+08
1.439071000000000000e+06
1.217130170000000000e+08
1.177728100000000000e+08
1.501056030000000000e+08
1.414727770000000000e+08
1.423159600000000000e+07
1.418238820000000000e+08
1.007582000000000000e+08
1.397031680000000000e+08
1.215488340000000000e+08
1.416218030000000000e+08
1.391592200000000000e+07
1.433499720000000000e+08
1.500303230000000000e+08
1.402837770000000000e+08
1.405108620000000000e+08
1.005940510000000000e+08
1.414803940000000000e+08
1.419740660000000000e+08
1.397018490000000000e+08
1.433379410000000000e+08
1.179803340000000000e+08
1.441613350000000000e+08
1.444865580000000000e+08
1.420854910000000000e+08
1.448227000000000000e+06
1.420817110000000000e+08
1.416094300000000000e+08
1.215937640000000000e+08
1.197571000000000000e+06
1.402834290000000000e+08
1.409382470000000000e+08
1.406599780000000000e+08
1.524392820000000000e+08
1.524699910000000000e+08
1.503199680000000000e+08
1.309512000000000000e+06
1.179798970000000000e+08
1.320163600000000000e+07
1.332277900000000000e+07
1.215489590000000000e+08
1.417722920000000000e+08
1.397030050000000000e+08
1.493466750000000000e+08
1.499708750000000000e+08
1.537084600000000000e+08
1.525626460000000000e+08
1.493043130000000000e+08
1.215525930000000000e+08
1.397338850000000000e+08
1.412128810000000000e+08
1.525713880000000000e+08
1.537126970000000000e+08
1.005899040000000000e+08
1.388243940000000000e+08
1.400173400000000000e+07
1.419770860000000000e+08
1.334382700000000000e+07
1.410970270000000000e+08
1.417556000000000000e+08
1.501449410000000000e+08
1.440743000000000000e+06
1.110490400000000000e+07
1.309480400000000000e+07
1.410250900000000000e+08
1.414801760000000000e+08
1.490374520000000000e+08
1.502753090000000000e+08
1.445180970000000000e+08
1.387995200000000000e+08
1.498597020000000000e+08
1.149256420000000000e+08
1.005130260000000000e+08
1.420183280000000000e+08
1.215928140000000000e+08
1.493482570000000000e+08
1.524179410000000000e+08
1.500643910000000000e+08
1.394465570000000000e+08
1.406083260000000000e+08
1.464370760000000000e+08
1.417091010000000000e+08
1.417572940000000000e+08
1.524396490000000000e+08
1.416278900000000000e+07
1.492186830000000000e+08
1.499705890000000000e+08
1.006833650000000000e+08
1.464353930000000000e+08
1.005935180000000000e+08
1.309632400000000000e+07
1.416533200000000000e+07
1.215952430000000000e+08
1.499025390000000000e+08
1.387780880000000000e+08
1.395764930000000000e+08
1.468061460000000000e+08
1.414804340000000000e+08
1.495390160000000000e+08
1.409978180000000000e+08
1.396705470000000000e+08
1.501657400000000000e+08
1.416840580000000000e+08
1.537979770000000000e+08
1.441260520000000000e+08
1.520697000000000000e+06
1.357546000000000000e+06
1.501022270000000000e+08
1.391404900000000000e+07
1.445015200000000000e+08
1.007592830000000000e+08
1.464427180000000000e+08
1.538350920000000000e+08
1.463466860000000000e+08
1.420484470000000000e+08
1.492180720000000000e+08
1.417094360000000000e+08
1.405803360000000000e+08
1.498469700000000000e+08
1.465592840000000000e+08
1.411233490000000000e+08
1.398290270000000000e+08
1.515839240000000000e+08
1.492713030000000000e+08
1.116518800000000000e+07
1.415318100000000000e+08
1.409723680000000000e+08
1.519878000000000000e+06
1.177636680000000000e+08
1.006090050000000000e+08
1.504407550000000000e+08
1.465369830000000000e+08
1.491073600000000000e+08
1.179256020000000000e+08
1.006570560000000000e+08
1.500985420000000000e+08
1.525611080000000000e+08
1.422295300000000000e+07
1.445192120000000000e+08
1.495758100000000000e+08
1.495986760000000000e+08
1.491770490000000000e+08
1.395481730000000000e+08
1.525740130000000000e+08
1.408298640000000000e+08
1.093897000000000000e+07
1.176751630000000000e+08
1.005313980000000000e+08
1.313374200000000000e+07
1.503236430000000000e+08
1.407990350000000000e+08
1.491561800000000000e+08
1.501401660000000000e+08
1.402877760000000000e+08
1.387678020000000000e+08
1.464197180000000000e+08
1.417714830000000000e+08
1.449469000000000000e+06
1.493894190000000000e+08
1.421426020000000000e+08
1.503201780000000000e+08
1.463251930000000000e+08
1.415464810000000000e+08
1.417714000000000000e+07
1.493905650000000000e+08
1.433361320000000000e+08
1.417572300000000000e+08
1.415478300000000000e+08
1.176474910000000000e+08
1.500625020000000000e+08
1.413335910000000000e+08
1.419417080000000000e+08
1.491012260000000000e+08
1.402886780000000000e+08
1.409411530000000000e+08
1.105285300000000000e+07
1.501657350000000000e+08
1.444855670000000000e+08
1.524719780000000000e+08
1.494791340000000000e+08
1.217136020000000000e+08
1.464709920000000000e+08
1.177643210000000000e+08
1.502505280000000000e+08
1.197275000000000000e+06
1.515627220000000000e+08
1.538399050000000000e+08
1.412677910000000000e+08
1.400133600000000000e+07
1.414736170000000000e+08
1.391597400000000000e+07
1.411863250000000000e+08
1.496312890000000000e+08
1.494493850000000000e+08
1.409388040000000000e+08
1.216347660000000000e+08
1.402854530000000000e+08
1.524385540000000000e+08
1.501500950000000000e+08
1.395528960000000000e+08
1.149164660000000000e+08
1.417718310000000000e+08
1.271676000000000000e+06
1.493083170000000000e+08
1.421079220000000000e+08
1.500292750000000000e+08
1.468203210000000000e+08
1.393693330000000000e+08
1.320557800000000000e+07
1.499721020000000000e+08
1.006595900000000000e+08
1.431415910000000000e+08
1.393240000000000000e+07
1.354894000000000000e+06
1.405986530000000000e+08
1.333943000000000000e+06
1.445181010000000000e+08
1.411265590000000000e+08
1.395480900000000000e+08
1.177628800000000000e+08
1.502737120000000000e+08
1.176474800000000000e+08
1.416112370000000000e+08
1.493037660000000000e+08
1.515818980000000000e+08
1.500292720000000000e+08
1.397532450000000000e+08
1.495703800000000000e+08
1.465359720000000000e+08
1.179399060000000000e+08
1.178456490000000000e+08
1.501887780000000000e+08
1.391375700000000000e+07
1.421093900000000000e+08
1.405786060000000000e+08
1.418678950000000000e+08
1.503008700000000000e+08
1.410948610000000000e+08
1.391194900000000000e+07
1.306291800000000000e+07
1.215945440000000000e+08
1.518580000000000000e+06
1.499885230000000000e+08
1.421447290000000000e+08
1.394133250000000000e+08
1.395769770000000000e+08
1.495736590000000000e+08
1.414220960000000000e+08
1.415433180000000000e+08
1.007767050000000000e+08
1.419090980000000000e+08
1.417528830000000000e+08
1.463249290000000000e+08
1.503236840000000000e+08
1.393691070000000000e+08
1.502995760000000000e+08
1.502447200000000000e+08
1.414820690000000000e+08
1.441647640000000000e+08
1.523738380000000000e+08
1.444835680000000000e+08
1.496023080000000000e+08
1.397606570000000000e+08
1.309446000000000000e+07
1.387599380000000000e+08
1.498395090000000000e+08
1.525940220000000000e+08
1.499756760000000000e+08
1.523707620000000000e+08
1.525093500000000000e+08
1.494980990000000000e+08
1.178460240000000000e+08
1.149231400000000000e+08
1.501072620000000000e+08
1.394101550000000000e+08
1.402883590000000000e+08
1.409718420000000000e+08
1.537099320000000000e+08
1.405992840000000000e+08
1.396496300000000000e+08
1.395947490000000000e+08
1.396377120000000000e+08
1.491545770000000000e+08
1.314831200000000000e+07
1.412802550000000000e+08
1.397514970000000000e+08
1.414861050000000000e+08
1.167254000000000000e+06
1.515813440000000000e+08
1.499880680000000000e+08
1.197754000000000000e+06
1.402811880000000000e+08
1.524767560000000000e+08
1.538014450000000000e+08
1.396489960000000000e+08
1.464401760000000000e+08
1.216429090000000000e+08
1.215938170000000000e+08
1.496266500000000000e+08
1.515828710000000000e+08
1.492514430000000000e+08
1.179798500000000000e+08
1.462855660000000000e+08
1.503615130000000000e+08
1.491548210000000000e+08
1.418105290000000000e+08
1.524704890000000000e+08
1.149163190000000000e+08
1.494223640000000000e+08
1.441423470000000000e+08
1.414125320000000000e+08
1.004793780000000000e+08
1.525072300000000000e+08
1.525064700000000000e+08
1.004801410000000000e+08
1.217122690000000000e+08
1.524392930000000000e+08
1.463409330000000000e+08
1.177982440000000000e+08
1.504319200000000000e+08
1.501048080000000000e+08
1.503905430000000000e+08
1.179793530000000000e+08
1.233180000000000000e+06
1.495391580000000000e+08
1.491587240000000000e+08
1.464426240000000000e+08
1.252821000000000000e+06
1.149241300000000000e+08
1.211354400000000000e+08
1.498477470000000000e+08
1.402816850000000000e+08
1.309465400000000000e+07
1.502733010000000000e+08
1.468172930000000000e+08
1.538397360000000000e+08
1.433761510000000000e+08
1.414357580000000000e+08
1.465361880000000000e+08
1.420167670000000000e+08
1.500633210000000000e+08
1.463072400000000000e+08
1.502726560000000000e+08
1.274935000000000000e+06
1.176454000000000000e+08
1.418115400000000000e+08
1.391165900000000000e+07
1.395775620000000000e+08
1.411209400000000000e+08
1.420868120000000000e+08
1.501469730000000000e+08
1.393705370000000000e+08
1.004812430000000000e+08
1.503593250000000000e+08
1.409328200000000000e+07
1.537433170000000000e+08
1.395665200000000000e+07
1.395773300000000000e+08
1.491587890000000000e+08
1.412566100000000000e+07
1.176287370000000000e+08
1.501647950000000000e+08
1.491792260000000000e+08
1.387996210000000000e+08
1.525610340000000000e+08
1.408937220000000000e+08
1.420520860000000000e+08
1.449694000000000000e+06
1.408247800000000000e+07
1.433509720000000000e+08
1.538015660000000000e+08
1.410247990000000000e+08
1.503927530000000000e+08
1.397017410000000000e+08
1.215935460000000000e+08
1.336517000000000000e+06
1.413345850000000000e+08
1.496258120000000000e+08
1.502965600000000000e+08
1.354767000000000000e+06
1.405761740000000000e+08
1.406630570000000000e+08
1.421455340000000000e+08
1.537089120000000000e+08
1.307132200000000000e+07
1.503925840000000000e+08
1.176515400000000000e+08
1.523745250000000000e+08
1.448114000000000000e+06
1.495029500000000000e+08
1.416252740000000000e+08
1.402099220000000000e+08
1.177607500000000000e+08
1.397043900000000000e+08
1.414845090000000000e+08
1.504298070000000000e+08
1.501873730000000000e+08
1.224672000000000000e+06
1.322385900000000000e+07
1.408234700000000000e+07
1.501479850000000000e+08
1.408929380000000000e+08
1.496307340000000000e+08
1.327527700000000000e+07
1.108190000000000000e+07
1.366128000000000000e+06
1.397333080000000000e+08
1.524388390000000000e+08
1.309591600000000000e+07
1.500295380000000000e+08
1.233579000000000000e+06
1.414711050000000000e+08
1.417141910000000000e+08
1.006614900000000000e+08
1.494459280000000000e+08
1.423278500000000000e+07
1.314861900000000000e+07
1.410262670000000000e+08
1.526841000000000000e+06
1.395762330000000000e+08
1.499345900000000000e+08
1.250913000000000000e+06
1.216363630000000000e+08
1.217130060000000000e+08
1.411860750000000000e+08
1.314484300000000000e+07
1.233421000000000000e+06
1.445026250000000000e+08
1.179378260000000000e+08
1.221247000000000000e+06
1.492181000000000000e+08
1.414071590000000000e+08
1.524149280000000000e+08
1.412710780000000000e+08
1.525074570000000000e+08
1.216402670000000000e+08
1.176288600000000000e+08
1.493478050000000000e+08
1.412119660000000000e+08
1.420528760000000000e+08
1.417126540000000000e+08
1.515880290000000000e+08
1.438151000000000000e+06
1.408420100000000000e+07
1.420500460000000000e+08
1.405783040000000000e+08
1.537232280000000000e+08
1.463817840000000000e+08
1.306269700000000000e+07
1.409683570000000000e+08
1.524787270000000000e+08
1.411852700000000000e+08
1.005104520000000000e+08
1.391294300000000000e+07
1.433402530000000000e+08
1.538522040000000000e+08
1.414793100000000000e+08
1.406868390000000000e+08
1.116311600000000000e+07
1.420829420000000000e+08
1.465575310000000000e+08
1.395484600000000000e+08
1.393716000000000000e+08
1.493025070000000000e+08
1.395264710000000000e+08
1.499879400000000000e+08
1.538398610000000000e+08
1.496639850000000000e+08
1.408198000000000000e+07
1.501053500000000000e+08
1.441617770000000000e+08
1.501641240000000000e+08
1.441465000000000000e+06
1.492152620000000000e+08
1.523726810000000000e+08
1.406873820000000000e+08
1.421423160000000000e+08
1.445426810000000000e+08
1.416246500000000000e+07
1.332435000000000000e+07
1.538017150000000000e+08
1.251270000000000000e+06
1.417649900000000000e+07
1.398265100000000000e+08
1.462851910000000000e+08
1.419136470000000000e+08
1.502722770000000000e+08
1.496308240000000000e+08
1.395788220000000000e+08
1.498467690000000000e+08
1.216396790000000000e+08
1.105429800000000000e+07
1.368881300000000000e+08
1.417574410000000000e+08
1.492179370000000000e+08
1.498620700000000000e+08
1.414713920000000000e+08
1.420146200000000000e+08
1.515886750000000000e+08
1.402829400000000000e+08
1.178799400000000000e+08
1.419153670000000000e+08
1.525385150000000000e+08
1.177333620000000000e+08
1.320594400000000000e+07
1.417568210000000000e+08
1.501663970000000000e+08
1.178452610000000000e+08
1.395761800000000000e+08
1.412151410000000000e+08
1.397034350000000000e+08
1.402846910000000000e+08
1.465963040000000000e+08
1.306225500000000000e+07
1.465944800000000000e+08
1.406615950000000000e+08
1.198904000000000000e+06
1.149554650000000000e+08
1.491796070000000000e+08
1.417092960000000000e+08
1.441414910000000000e+08
1.492190920000000000e+08
1.418117340000000000e+08
1.415279650000000000e+08
1.006595080000000000e+08
1.468174860000000000e+08
1.501887360000000000e+08
1.177330720000000000e+08
1.524735710000000000e+08
1.219141000000000000e+06
1.149575190000000000e+08
1.412817420000000000e+08
1.525728970000000000e+08
1.307314000000000000e+07
1.519048000000000000e+06
1.410303920000000000e+08
1.387988350000000000e+08
1.387689540000000000e+08
1.008312790000000000e+08
1.441489250000000000e+08
1.501069480000000000e+08
1.413358860000000000e+08
1.417701210000000000e+08
1.499317540000000000e+08
1.215901800000000000e+08
1.421077560000000000e+08
1.464218970000000000e+08
1.515631970000000000e+08
1.408715200000000000e+07
1.499717540000000000e+08
1.400062800000000000e+07
1.494743870000000000e+08
1.410919230000000000e+08
1.421078330000000000e+08
1.407968540000000000e+08
1.420517860000000000e+08
1.405966220000000000e+08
1.402150170000000000e+08
1.405809490000000000e+08
1.177643050000000000e+08
1.523730650000000000e+08
1.005889400000000000e+08
1.464391470000000000e+08
1.416231740000000000e+08
1.538385810000000000e+08
1.216356190000000000e+08
1.445169630000000000e+08
1.465964090000000000e+08
1.007249930000000000e+08
1.417617600000000000e+07
1.423251500000000000e+07
1.179393680000000000e+08
1.422326600000000000e+07
1.409431850000000000e+08
