1.233353240000000000e+08
1.503898530000000000e+08
1.493504470000000000e+08
1.404608690000000000e+08
1.416280190000000000e+08
1.503598920000000000e+08
1.501891530000000000e+08
1.209166800000000000e+08
1.492531400000000000e+08
1.490367580000000000e+08
1.420528260000000000e+08
1.467270510000000000e+08
1.414849810000000000e+08
1.462459760000000000e+08
1.405959530000000000e+08
1.112450720000000000e+08
1.009936430000000000e+08
1.529654490000000000e+08
1.112899250000000000e+08
1.156856100000000000e+07
1.153493830000000000e+08
1.421792300000000000e+08
1.405794300000000000e+08
1.151825500000000000e+07
1.112452410000000000e+08
1.154611100000000000e+07
1.462509490000000000e+08
1.502985730000000000e+08
1.495400130000000000e+08
1.387125920000000000e+08
1.298129320000000000e+08
1.409716660000000000e+08
1.020858690000000000e+08
1.423156280000000000e+08
1.408280630000000000e+08
1.368443410000000000e+08
1.405804970000000000e+08
1.423508900000000000e+08
1.499765350000000000e+08
1.156878400000000000e+07
1.405982250000000000e+08
1.226163540000000000e+08
1.406001470000000000e+08
1.076263100000000000e+07
1.153190290000000000e+08
1.208984550000000000e+08
1.492191450000000000e+08
1.419094440000000000e+08
1.394852180000000000e+08
1.417706090000000000e+08
1.496035240000000000e+08
1.501890700000000000e+08
1.493033100000000000e+08
1.504380410000000000e+08
1.297676970000000000e+08
1.148796300000000000e+07
1.406593500000000000e+08
1.441220670000000000e+08
1.524736440000000000e+08
1.492193760000000000e+08
1.500628830000000000e+08
1.148893500000000000e+07
1.232920620000000000e+08
1.001063680000000000e+08
1.209319110000000000e+08
1.410281640000000000e+08
1.287866300000000000e+07
1.151977900000000000e+07
1.368852770000000000e+08
1.001036790000000000e+08
1.491267960000000000e+08
1.209174770000000000e+08
1.020878310000000000e+08
1.414791740000000000e+08
1.297404570000000000e+08
1.226867250000000000e+08
1.462814140000000000e+08
1.504370650000000000e+08
1.496014510000000000e+08
1.499134190000000000e+08
1.529668030000000000e+08
1.410297870000000000e+08
1.495395520000000000e+08
1.505135910000000000e+08
1.225225480000000000e+08
1.010703470000000000e+08
1.297811090000000000e+08
1.411851420000000000e+08
1.423042450000000000e+08
1.010991150000000000e+08
1.419102910000000000e+08
1.407974640000000000e+08
1.225564680000000000e+08
1.496657550000000000e+08
1.422754480000000000e+08
1.164991900000000000e+07
1.499715370000000000e+08
1.529701970000000000e+08
1.503229910000000000e+08
1.020474360000000000e+08
1.153214880000000000e+08
1.164542800000000000e+07
1.503600850000000000e+08
1.113629610000000000e+08
1.502497370000000000e+08
1.394722580000000000e+08
1.232692760000000000e+08
1.020498000000000000e+08
1.500296710000000000e+08
1.010990310000000000e+08
1.466882600000000000e+08
1.368857400000000000e+08
1.441223020000000000e+08
1.441104150000000000e+08
1.419756200000000000e+08
1.086331400000000000e+07
1.009072010000000000e+08
1.144726680000000000e+08
1.419796960000000000e+08
1.416246590000000000e+08
1.411534720000000000e+08
1.409972420000000000e+08
1.494979930000000000e+08
1.112283370000000000e+08
1.075671800000000000e+07
1.411529310000000000e+08
1.467273990000000000e+08
1.502726460000000000e+08
1.226699690000000000e+08
1.504294810000000000e+08
1.422174450000000000e+08
1.410247240000000000e+08
1.499900980000000000e+08
1.421431150000000000e+08
1.009945800000000000e+08
1.112429400000000000e+08
1.418097290000000000e+08
1.157037700000000000e+07
1.467085190000000000e+08
1.502740710000000000e+08
1.503617370000000000e+08
1.209173740000000000e+08
1.503208910000000000e+08
1.466902800000000000e+08
1.421441620000000000e+08
1.011014150000000000e+08
1.233713250000000000e+08
1.491794510000000000e+08
1.406638850000000000e+08
1.500995110000000000e+08
1.232556000000000000e+08
1.076382200000000000e+07
1.225221670000000000e+08
1.421780560000000000e+08
1.503196390000000000e+08
1.232687130000000000e+08
1.233225800000000000e+08
1.010149970000000000e+08
1.233217530000000000e+08
1.493906480000000000e+08
1.159810200000000000e+07
1.418235040000000000e+08
1.409404930000000000e+08
1.505138240000000000e+08
1.529645950000000000e+08
1.493907100000000000e+08
1.414358180000000000e+08
1.001238510000000000e+08
1.009186130000000000e+08
1.492168640000000000e+08
1.408283330000000000e+08
1.529691810000000000e+08
1.233666000000000000e+08
1.075675100000000000e+07
1.152749710000000000e+08
1.492165320000000000e+08
1.494975790000000000e+08
1.406356670000000000e+08
1.368466600000000000e+08
1.080325700000000000e+07
1.233669650000000000e+08
1.406351110000000000e+08
1.503247870000000000e+08
1.368446430000000000e+08
1.394828730000000000e+08
1.501656570000000000e+08
1.009755240000000000e+08
1.153213610000000000e+08
1.418230410000000000e+08
1.418117560000000000e+08
1.491549270000000000e+08
1.504399890000000000e+08
1.088091900000000000e+07
1.467298410000000000e+08
1.368437100000000000e+08
1.155534300000000000e+07
1.499731960000000000e+08
1.492480890000000000e+08
1.467257430000000000e+08
1.416266340000000000e+08
1.416864550000000000e+08
1.410308250000000000e+08
1.083972900000000000e+07
1.387282980000000000e+08
1.500635800000000000e+08
1.495384800000000000e+08
1.467327240000000000e+08
1.499718280000000000e+08
1.414071490000000000e+08
1.405120850000000000e+08
1.492194960000000000e+08
1.411839010000000000e+08
1.502724470000000000e+08
1.495429470000000000e+08
1.156936100000000000e+07
1.020496740000000000e+08
1.529725310000000000e+08
1.161341300000000000e+07
1.441643520000000000e+08
1.491057640000000000e+08
1.010175020000000000e+08
1.009215720000000000e+08
1.499300840000000000e+08
1.155875000000000000e+07
1.165298600000000000e+07
1.491753960000000000e+08
1.225225010000000000e+08
1.408923730000000000e+08
1.155729200000000000e+07
1.000316810000000000e+08
1.496006390000000000e+08
1.503933020000000000e+08
1.422990550000000000e+08
1.504281350000000000e+08
1.144353130000000000e+08
1.494220870000000000e+08
1.466549260000000000e+08
1.225602280000000000e+08
1.494981980000000000e+08
1.422684630000000000e+08
1.086291300000000000e+07
1.232713510000000000e+08
1.233198520000000000e+08
1.417085460000000000e+08
1.493472960000000000e+08
1.233206100000000000e+08
1.164577800000000000e+07
1.225429850000000000e+08
1.420161190000000000e+08
1.493479920000000000e+08
1.387399460000000000e+08
1.086385700000000000e+07
1.145013160000000000e+08
1.524401740000000000e+08
1.490599540000000000e+08
1.420184640000000000e+08
1.164599400000000000e+07
1.417661440000000000e+08
1.225571040000000000e+08
1.152829890000000000e+08
1.233369070000000000e+08
1.076221900000000000e+07
1.462514920000000000e+08
1.225049310000000000e+08
1.496310350000000000e+08
1.503569030000000000e+08
1.491553600000000000e+08
1.286393400000000000e+07
1.412821360000000000e+08
1.408308740000000000e+08
1.209165740000000000e+08
1.226872470000000000e+08
1.490605860000000000e+08
1.001238580000000000e+08
1.112428890000000000e+08
1.414813110000000000e+08
1.505132760000000000e+08
1.422681530000000000e+08
1.503248410000000000e+08
1.420851920000000000e+08
1.503589910000000000e+08
1.530293970000000000e+08
1.491268100000000000e+08
1.493490370000000000e+08
1.156855400000000000e+07
1.525367090000000000e+08
1.009924570000000000e+08
1.418676270000000000e+08
1.159712600000000000e+07
1.404601170000000000e+08
1.225416070000000000e+08
1.503605510000000000e+08
1.232678520000000000e+08
1.009924860000000000e+08
1.406922800000000000e+08
1.152923000000000000e+07
1.411842070000000000e+08
1.226094800000000000e+08
1.225225740000000000e+08
1.440707640000000000e+08
1.226143940000000000e+08
1.159851100000000000e+07
1.152900300000000000e+07
1.420826420000000000e+08
1.418112610000000000e+08
1.503919080000000000e+08
1.529686460000000000e+08
1.522883950000000000e+08
1.441022330000000000e+08
1.368654940000000000e+08
1.499762760000000000e+08
1.233652220000000000e+08
1.144722490000000000e+08
1.412844110000000000e+08
1.499337760000000000e+08
1.494242640000000000e+08
1.474570060000000000e+08
1.011025560000000000e+08
1.152845880000000000e+08
1.405284110000000000e+08
1.000299670000000000e+08
1.501667210000000000e+08
1.522877620000000000e+08
1.423005240000000000e+08
1.233187900000000000e+08
1.493028250000000000e+08
1.232675690000000000e+08
1.404944400000000000e+08
1.368466030000000000e+08
1.422065320000000000e+08
1.418100800000000000e+08
1.010690590000000000e+08
1.082087000000000000e+07
1.500625270000000000e+08
1.404326380000000000e+08
1.000981230000000000e+08
1.441037750000000000e+08
1.080213100000000000e+07
1.225572050000000000e+08
1.504418000000000000e+08
1.493918780000000000e+08
1.226159660000000000e+08
1.495761480000000000e+08
1.494201490000000000e+08
1.297642490000000000e+08
1.414246430000000000e+08
1.495727200000000000e+08
1.422007640000000000e+08
1.412839210000000000e+08
1.010162020000000000e+08
1.226861540000000000e+08
1.441614130000000000e+08
1.011396140000000000e+08
1.416829210000000000e+08
1.504318390000000000e+08
1.011002780000000000e+08
1.494231030000000000e+08
1.011003200000000000e+08
1.420822350000000000e+08
1.414084450000000000e+08
1.165145300000000000e+07
1.504300440000000000e+08
1.153796760000000000e+08
1.112440430000000000e+08
1.001009090000000000e+08
1.387339290000000000e+08
1.504306160000000000e+08
1.416079720000000000e+08
1.387393770000000000e+08
1.420824670000000000e+08
1.496642540000000000e+08
1.441647810000000000e+08
1.405795370000000000e+08
1.406922470000000000e+08
1.233212720000000000e+08
1.010164570000000000e+08
1.083808300000000000e+07
1.474558310000000000e+08
1.499763950000000000e+08
1.494729150000000000e+08
1.493910100000000000e+08
1.408018980000000000e+08
1.163805400000000000e+07
1.404784720000000000e+08
1.523618950000000000e+08
1.474553470000000000e+08
1.420175090000000000e+08
1.225212860000000000e+08
1.474259250000000000e+08
1.153473960000000000e+08
1.418652010000000000e+08
1.086408100000000000e+07
1.083883300000000000e+07
1.155820400000000000e+07
1.420541590000000000e+08
1.407977860000000000e+08
1.530286750000000000e+08
1.406896530000000000e+08
1.009070160000000000e+08
1.225053600000000000e+08
1.011004890000000000e+08
1.493464180000000000e+08
1.152754230000000000e+08
1.233702790000000000e+08
1.499881040000000000e+08
1.419124690000000000e+08
1.421089490000000000e+08
1.503574240000000000e+08
1.406629080000000000e+08
1.496301600000000000e+08
1.153475690000000000e+08
1.417694340000000000e+08
1.394851880000000000e+08
1.529697140000000000e+08
1.011257320000000000e+08
1.416112760000000000e+08
1.503617680000000000e+08
1.153181980000000000e+08
1.394838770000000000e+08
1.421707170000000000e+08
1.020889690000000000e+08
1.529842760000000000e+08
1.232918160000000000e+08
1.163754900000000000e+07
1.010395020000000000e+08
1.493484200000000000e+08
1.504422640000000000e+08
1.500288060000000000e+08
1.416100500000000000e+08
1.233656200000000000e+08
1.234047120000000000e+08
1.232709750000000000e+08
1.001023030000000000e+08
1.405291990000000000e+08
1.164555300000000000e+07
1.462807320000000000e+08
1.423511320000000000e+08
1.083945400000000000e+07
1.410281980000000000e+08
1.209179700000000000e+08
1.415437440000000000e+08
1.499316030000000000e+08
1.474583350000000000e+08
1.163765900000000000e+07
1.418697240000000000e+08
1.462485270000000000e+08
1.422426110000000000e+08
1.494788460000000000e+08
1.419439410000000000e+08
1.009913730000000000e+08
1.523088860000000000e+08
1.083589000000000000e+07
1.414132190000000000e+08
1.405295550000000000e+08
1.145002380000000000e+08
1.234056890000000000e+08
1.405980470000000000e+08
1.462467810000000000e+08
1.226173170000000000e+08
1.467605490000000000e+08
1.165207600000000000e+07
1.225556980000000000e+08
1.225212500000000000e+08
1.523188400000000000e+08
1.491260600000000000e+08
1.152725770000000000e+08
1.421077590000000000e+08
1.078513300000000000e+07
1.466884110000000000e+08
1.164691000000000000e+07
1.417680400000000000e+08
1.226097880000000000e+08
1.494234330000000000e+08
1.000975660000000000e+08
1.501912580000000000e+08
1.462822850000000000e+08
1.529647660000000000e+08
1.153504870000000000e+08
1.503897600000000000e+08
1.404971460000000000e+08
1.404780660000000000e+08
1.441021720000000000e+08
1.112703100000000000e+08
1.225551760000000000e+08
1.001032000000000000e+08
1.503246560000000000e+08
1.502496790000000000e+08
1.523567540000000000e+08
1.414072010000000000e+08
1.405993770000000000e+08
1.529712550000000000e+08
1.462844560000000000e+08
1.368423960000000000e+08
1.113637240000000000e+08
1.414107890000000000e+08
1.393694360000000000e+08
1.467097840000000000e+08
1.502746320000000000e+08
1.152827400000000000e+07
1.163779900000000000e+07
1.021648390000000000e+08
1.232549820000000000e+08
1.404936430000000000e+08
1.076157300000000000e+07
1.466873780000000000e+08
1.530466870000000000e+08
1.368839720000000000e+08
1.153481100000000000e+08
1.491217280000000000e+08
1.503912260000000000e+08
1.466551040000000000e+08
1.225042640000000000e+08
1.155430900000000000e+07
1.420868130000000000e+08
1.009909080000000000e+08
1.419457500000000000e+08
1.523605400000000000e+08
1.418093590000000000e+08
1.165290800000000000e+07
1.467627100000000000e+08
1.418226250000000000e+08
1.387277790000000000e+08
1.009180650000000000e+08
1.467125610000000000e+08
1.422171110000000000e+08
1.404936440000000000e+08
1.156816400000000000e+07
1.499309460000000000e+08
1.404932250000000000e+08
1.394829080000000000e+08
1.093004700000000000e+07
1.421643120000000000e+08
1.423508590000000000e+08
1.009895880000000000e+08
1.503215120000000000e+08
1.412788100000000000e+08
1.404963550000000000e+08
1.209320740000000000e+08
1.503199030000000000e+08
1.001037930000000000e+08
1.078482400000000000e+07
1.225050930000000000e+08
1.491014110000000000e+08
1.502746490000000000e+08
1.499705990000000000e+08
1.524710560000000000e+08
1.422170320000000000e+08
1.411529270000000000e+08
1.148953600000000000e+07
1.503919880000000000e+08
1.418086750000000000e+08
1.155726700000000000e+07
1.112697520000000000e+08
1.226164900000000000e+08
1.155553200000000000e+07
1.474559830000000000e+08
1.420856180000000000e+08
1.226697420000000000e+08
1.474695050000000000e+08
1.152829720000000000e+08
1.225554480000000000e+08
1.406310500000000000e+08
1.083822600000000000e+07
1.462824460000000000e+08
1.154598800000000000e+07
1.502714200000000000e+08
1.421449690000000000e+08
1.419759260000000000e+08
1.153506250000000000e+08
1.234047830000000000e+08
1.491202760000000000e+08
1.413336400000000000e+08
1.422423680000000000e+08
1.009169630000000000e+08
1.288048800000000000e+07
1.503579350000000000e+08
1.387394990000000000e+08
1.161367600000000000e+07
1.408915970000000000e+08
1.467268970000000000e+08
1.421987230000000000e+08
1.152843390000000000e+08
1.394706790000000000e+08
1.153218990000000000e+08
1.423518390000000000e+08
1.226866100000000000e+08
1.503204560000000000e+08
1.415436200000000000e+08
1.409388020000000000e+08
1.233219430000000000e+08
1.501507340000000000e+08
1.155824300000000000e+07
1.075665800000000000e+07
1.011245280000000000e+08
1.154362500000000000e+07
1.503581700000000000e+08
1.408985750000000000e+08
1.421105360000000000e+08
1.466868670000000000e+08
1.502497280000000000e+08
1.009752030000000000e+08
1.406591720000000000e+08
1.410289660000000000e+08
1.522889470000000000e+08
1.494755590000000000e+08
1.153499180000000000e+08
1.297817430000000000e+08
1.155894000000000000e+07
1.156902700000000000e+07
1.491759360000000000e+08
1.010180400000000000e+08
1.496287950000000000e+08
1.499306560000000000e+08
1.001013750000000000e+08
1.493913350000000000e+08
1.530776080000000000e+08
1.416218850000000000e+08
1.233361370000000000e+08
1.144727280000000000e+08
1.233697240000000000e+08
1.474592380000000000e+08
1.416251590000000000e+08
1.495396210000000000e+08
1.226709520000000000e+08
1.159854900000000000e+07
1.153217560000000000e+08
1.010176380000000000e+08
1.153185680000000000e+08
1.009181330000000000e+08
1.525040970000000000e+08
1.226860390000000000e+08
1.086215100000000000e+07
1.503896030000000000e+08
1.530460760000000000e+08
1.466534870000000000e+08
1.462485600000000000e+08
1.411230490000000000e+08
1.500295020000000000e+08
1.404768820000000000e+08
1.491610750000000000e+08
1.152765820000000000e+08
1.001030640000000000e+08
1.419115190000000000e+08
1.418114320000000000e+08
1.422187420000000000e+08
1.161415500000000000e+07
1.523197290000000000e+08
1.010033750000000000e+08
1.154141660000000000e+08
1.009212700000000000e+08
1.083917300000000000e+07
1.001243510000000000e+08
1.502744870000000000e+08
1.462690960000000000e+08
1.421445940000000000e+08
1.153785640000000000e+08
1.009158280000000000e+08
1.081923100000000000e+07
1.422983890000000000e+08
1.494979040000000000e+08
1.504418100000000000e+08
1.153483740000000000e+08
1.462806080000000000e+08
1.495014850000000000e+08
1.530448630000000000e+08
1.495398940000000000e+08
1.225044610000000000e+08
1.422687000000000000e+08
1.441617130000000000e+08
1.387137560000000000e+08
1.406889410000000000e+08
1.421482280000000000e+08
1.522888410000000000e+08
1.503599820000000000e+08
1.009904090000000000e+08
1.406612890000000000e+08
1.503233340000000000e+08
1.502497710000000000e+08
1.421995270000000000e+08
1.000307150000000000e+08
1.144715740000000000e+08
1.467291020000000000e+08
1.421076180000000000e+08
1.406874460000000000e+08
1.417573260000000000e+08
1.287877300000000000e+07
1.297659340000000000e+08
1.492183500000000000e+08
1.297647670000000000e+08
1.529730690000000000e+08
1.495427090000000000e+08
1.145027960000000000e+08
1.387317270000000000e+08
1.496026150000000000e+08
1.234057650000000000e+08
1.501660910000000000e+08
1.523190890000000000e+08
1.411217930000000000e+08
1.467253870000000000e+08
1.159839400000000000e+07
1.466901070000000000e+08
1.421778670000000000e+08
1.491763050000000000e+08
1.144726830000000000e+08
1.232554470000000000e+08
1.156869400000000000e+07
1.411241440000000000e+08
1.421794510000000000e+08
1.010393320000000000e+08
1.145025080000000000e+08
1.418688360000000000e+08
1.529639350000000000e+08
1.494733940000000000e+08
1.404767430000000000e+08
1.419092810000000000e+08
1.467316300000000000e+08
1.406904280000000000e+08
1.408932380000000000e+08
1.493476290000000000e+08
1.113629290000000000e+08
1.297666120000000000e+08
1.405100760000000000e+08
1.405806340000000000e+08
1.368425370000000000e+08
1.422185780000000000e+08
1.010402690000000000e+08
1.413357870000000000e+08
1.404974680000000000e+08
1.165271700000000000e+07
1.415264390000000000e+08
1.225218670000000000e+08
1.466911670000000000e+08
1.084330900000000000e+07
1.406306350000000000e+08
1.493081750000000000e+08
1.493882650000000000e+08
1.418705890000000000e+08
1.420874510000000000e+08
1.467306220000000000e+08
1.208886370000000000e+08
1.490595840000000000e+08
1.145025060000000000e+08
1.145029740000000000e+08
1.493920920000000000e+08
1.405102450000000000e+08
1.491039410000000000e+08
1.001238570000000000e+08
1.422422600000000000e+08
1.001044000000000000e+08
1.009747780000000000e+08
1.153788910000000000e+08
1.496290770000000000e+08
1.145045640000000000e+08
1.529739860000000000e+08
1.225222710000000000e+08
1.421622710000000000e+08
1.495764130000000000e+08
1.441412710000000000e+08
1.406082300000000000e+08
1.416834000000000000e+08
1.405807170000000000e+08
1.412104480000000000e+08
1.225051440000000000e+08
1.417658360000000000e+08
1.076316800000000000e+07
1.406335680000000000e+08
1.145002540000000000e+08
1.225552440000000000e+08
1.226135130000000000e+08
1.417577320000000000e+08
1.000153000000000000e+08
1.466374120000000000e+08
1.494731710000000000e+08
1.165222900000000000e+07
1.414727770000000000e+08
1.418238820000000000e+08
1.467311900000000000e+08
1.226102850000000000e+08
1.416218030000000000e+08
1.467608730000000000e+08
1.500303230000000000e+08
1.466552360000000000e+08
1.405999720000000000e+08
1.495390580000000000e+08
1.156863000000000000e+07
1.226715190000000000e+08
1.153559950000000000e+08
1.144709610000000000e+08
1.226089820000000000e+08
1.009898180000000000e+08
1.420817110000000000e+08
1.416094300000000000e+08
1.209167060000000000e+08
1.154507700000000000e+07
1.409382470000000000e+08
1.394721980000000000e+08
1.529834710000000000e+08
1.503199680000000000e+08
1.153496640000000000e+08
1.522871670000000000e+08
1.233343450000000000e+08
1.419740660000000000e+08
1.530789590000000000e+08
1.441613350000000000e+08
1.502721310000000000e+08
1.075583100000000000e+07
1.523616840000000000e+08
1.420854910000000000e+08
1.404315980000000000e+08
1.153558290000000000e+08
1.419770860000000000e+08
1.020640490000000000e+08
1.466540220000000000e+08
1.410250900000000000e+08
1.414801760000000000e+08
1.144355720000000000e+08
1.490374520000000000e+08
1.474563280000000000e+08
1.010587280000000000e+08
1.502753090000000000e+08
1.164665000000000000e+07
1.495405250000000000e+08
1.404330820000000000e+08
1.153485610000000000e+08
1.225412200000000000e+08
1.499708750000000000e+08
1.493466750000000000e+08
1.529846980000000000e+08
1.529733930000000000e+08
1.493043130000000000e+08
1.152805700000000000e+07
1.462479260000000000e+08
1.417091010000000000e+08
1.417572940000000000e+08
1.492186830000000000e+08
1.404316590000000000e+08
1.499705890000000000e+08
1.078713200000000000e+07
1.368478000000000000e+08
1.145008970000000000e+08
1.225749490000000000e+08
1.009912750000000000e+08
1.154604100000000000e+07
1.420183280000000000e+08
1.423049400000000000e+08
1.083831200000000000e+07
1.466874190000000000e+08
1.523592810000000000e+08
1.112433080000000000e+08
1.112889430000000000e+08
1.501022270000000000e+08
1.083930000000000000e+07
1.083559800000000000e+07
1.499025390000000000e+08
1.009758900000000000e+08
1.414804340000000000e+08
1.409978180000000000e+08
1.495390160000000000e+08
1.208951160000000000e+08
1.441103620000000000e+08
1.462515210000000000e+08
1.009082890000000000e+08
1.496644230000000000e+08
1.496282160000000000e+08
1.411233490000000000e+08
1.226168510000000000e+08
1.530447340000000000e+08
1.530665710000000000e+08
1.001040210000000000e+08
1.153204950000000000e+08
1.010171590000000000e+08
1.000656470000000000e+08
1.420484470000000000e+08
1.164956400000000000e+07
1.492180720000000000e+08
1.501627390000000000e+08
1.405803360000000000e+08
1.225582710000000000e+08
1.297645610000000000e+08
1.495986760000000000e+08
1.491770490000000000e+08
1.152830490000000000e+08
1.297669300000000000e+08
1.164975700000000000e+07
1.233212860000000000e+08
1.415318100000000000e+08
1.409723680000000000e+08
1.225037330000000000e+08
1.086292900000000000e+07
1.093033200000000000e+07
1.491073600000000000e+08
1.164681800000000000e+07
1.020637970000000000e+08
1.404319980000000000e+08
1.493894190000000000e+08
1.009196470000000000e+08
1.152761070000000000e+08
1.225425690000000000e+08
1.000299420000000000e+08
1.503201780000000000e+08
1.530669780000000000e+08
1.493905650000000000e+08
1.417572300000000000e+08
1.232908540000000000e+08
1.503236430000000000e+08
1.407990350000000000e+08
1.386911660000000000e+08
1.474701590000000000e+08
1.001066570000000000e+08
1.078491900000000000e+07
1.226868460000000000e+08
1.474573340000000000e+08
1.226704680000000000e+08
1.421786930000000000e+08
1.417714830000000000e+08
1.523595530000000000e+08
1.474592850000000000e+08
1.076139200000000000e+07
1.165210500000000000e+07
1.286210600000000000e+07
1.502505280000000000e+08
1.494975430000000000e+08
1.530460660000000000e+08
1.466920320000000000e+08
1.152844580000000000e+08
1.084245100000000000e+07
1.225749400000000000e+08
1.500625020000000000e+08
1.368440570000000000e+08
1.419417080000000000e+08
1.491012260000000000e+08
1.529666360000000000e+08
1.078535700000000000e+07
1.499135980000000000e+08
1.523603700000000000e+08
1.422185440000000000e+08
1.409411530000000000e+08
1.297675570000000000e+08
1.225048260000000000e+08
1.168820000000000000e+07
1.145048640000000000e+08
1.496312890000000000e+08
1.225038400000000000e+08
1.409388040000000000e+08
1.501500950000000000e+08
1.225220140000000000e+08
1.493083170000000000e+08
1.164961900000000000e+07
1.421079220000000000e+08
1.001231310000000000e+08
1.467113710000000000e+08
1.164625200000000000e+07
1.530934830000000000e+08
1.467607910000000000e+08
1.233706590000000000e+08
1.414736170000000000e+08
1.159930800000000000e+07
1.297641160000000000e+08
1.009081250000000000e+08
1.144999560000000000e+08
1.153197480000000000e+08
1.404599500000000000e+08
1.208952650000000000e+08
1.422667600000000000e+08
1.208972970000000000e+08
1.493037660000000000e+08
1.416112370000000000e+08
1.404970240000000000e+08
1.501662810000000000e+08
1.441041640000000000e+08
1.226171620000000000e+08
1.144360190000000000e+08
1.441252340000000000e+08
1.297417940000000000e+08
1.499721020000000000e+08
1.529854700000000000e+08
1.529677160000000000e+08
1.466358120000000000e+08
1.286209900000000000e+07
1.368646970000000000e+08
1.500292720000000000e+08
1.112690860000000000e+08
1.112287330000000000e+08
1.156956400000000000e+07
1.495703800000000000e+08
1.155568700000000000e+07
1.405786060000000000e+08
1.421093900000000000e+08
1.474591550000000000e+08
1.421708480000000000e+08
1.417528830000000000e+08
1.501512620000000000e+08
1.502995760000000000e+08
1.081902100000000000e+07
1.441647640000000000e+08
1.156820000000000000e+07
1.153186050000000000e+08
1.496280340000000000e+08
1.496023080000000000e+08
1.422182580000000000e+08
1.421624720000000000e+08
1.153804070000000000e+08
1.499885230000000000e+08
1.420490250000000000e+08
1.009744420000000000e+08
1.421789430000000000e+08
1.405992840000000000e+08
1.523594130000000000e+08
1.467119580000000000e+08
1.491545770000000000e+08
1.423508890000000000e+08
1.414861050000000000e+08
1.112696770000000000e+08
1.225220610000000000e+08
1.144361480000000000e+08
1.404968810000000000e+08
1.462497490000000000e+08
1.523605460000000000e+08
1.297811190000000000e+08
1.423517820000000000e+08
1.494980990000000000e+08
1.145003820000000000e+08
1.409718420000000000e+08
1.153180590000000000e+08
1.529854020000000000e+08
1.152764260000000000e+08
1.168826400000000000e+07
1.494223640000000000e+08
1.011005990000000000e+08
1.529737980000000000e+08
1.494498880000000000e+08
1.404612420000000000e+08
1.001022680000000000e+08
1.226865740000000000e+08
1.496266500000000000e+08
1.492514430000000000e+08
1.232555350000000000e+08
1.395239460000000000e+08
1.491548210000000000e+08
1.524704890000000000e+08
1.233660770000000000e+08
1.152764210000000000e+08
1.008972090000000000e+08
1.112676480000000000e+08
1.421634150000000000e+08
1.414357580000000000e+08
1.001032010000000000e+08
1.500633210000000000e+08
1.145006110000000000e+08
1.011392340000000000e+08
1.502726560000000000e+08
1.418115400000000000e+08
1.474717060000000000e+08
1.232913210000000000e+08
1.113633950000000000e+08
1.155831300000000000e+07
1.010391810000000000e+08
1.501048080000000000e+08
1.504319200000000000e+08
1.503905430000000000e+08
1.467256420000000000e+08
1.495391580000000000e+08
1.232675530000000000e+08
1.009217630000000000e+08
1.394846720000000000e+08
1.368424300000000000e+08
1.529703620000000000e+08
1.394850320000000000e+08
1.298104590000000000e+08
1.387398320000000000e+08
1.408937220000000000e+08
1.420520860000000000e+08
1.410247990000000000e+08
1.503927530000000000e+08
1.368434220000000000e+08
1.010028980000000000e+08
1.420868120000000000e+08
1.286211900000000000e+07
1.225744750000000000e+08
1.421639920000000000e+08
1.501469730000000000e+08
1.393705370000000000e+08
1.011397710000000000e+08
1.503593250000000000e+08
1.529704680000000000e+08
1.226862790000000000e+08
1.368851050000000000e+08
1.225045130000000000e+08
1.156882900000000000e+07
1.501647950000000000e+08
1.233656210000000000e+08
1.504298070000000000e+08
1.226711150000000000e+08
1.501873730000000000e+08
1.501479850000000000e+08
1.164649600000000000e+07
1.408929380000000000e+08
1.225576170000000000e+08
1.226120550000000000e+08
1.225568440000000000e+08
1.112894240000000000e+08
1.297823550000000000e+08
1.496258120000000000e+08
1.462672530000000000e+08
1.502965600000000000e+08
1.112279640000000000e+08
1.405761740000000000e+08
1.226098410000000000e+08
1.406630570000000000e+08
1.523185170000000000e+08
1.153574200000000000e+08
1.165188400000000000e+07
1.421455340000000000e+08
1.503925840000000000e+08
1.467267620000000000e+08
1.081919400000000000e+07
1.001297260000000000e+08
1.474587840000000000e+08
1.495029500000000000e+08
1.416252740000000000e+08
1.386911300000000000e+08
1.411860750000000000e+08
1.161306500000000000e+07
1.467290420000000000e+08
1.233227720000000000e+08
1.226125100000000000e+08
1.500295380000000000e+08
1.410262670000000000e+08
1.493478050000000000e+08
1.420528760000000000e+08
1.420819730000000000e+08
1.417126540000000000e+08
1.422428560000000000e+08
1.420500460000000000e+08
1.011013900000000000e+08
1.504403620000000000e+08
1.422687180000000000e+08
1.405783040000000000e+08
1.076193200000000000e+07
1.083875700000000000e+07
1.524787270000000000e+08
1.411852700000000000e+08
1.409683570000000000e+08
1.492181000000000000e+08
1.145011960000000000e+08
1.414071590000000000e+08
1.152821290000000000e+08
1.155631900000000000e+07
1.412710780000000000e+08
1.467126450000000000e+08
1.462510910000000000e+08
1.395246610000000000e+08
1.075632700000000000e+07
1.422980570000000000e+08
1.225757420000000000e+08
1.083768800000000000e+07
1.001036830000000000e+08
1.154142690000000000e+08
1.393716000000000000e+08
1.499879400000000000e+08
1.208952250000000000e+08
1.441617770000000000e+08
1.501641240000000000e+08
1.466878330000000000e+08
1.088016100000000000e+07
1.492152620000000000e+08
1.225559560000000000e+08
1.406873820000000000e+08
1.421423160000000000e+08
1.529707310000000000e+08
1.226168070000000000e+08
1.010592200000000000e+08
1.086209900000000000e+07
1.226098460000000000e+08
1.010141930000000000e+08
1.152715910000000000e+08
1.414793100000000000e+08
1.406868390000000000e+08
1.010145230000000000e+08
1.421624490000000000e+08
1.420829420000000000e+08
1.502722770000000000e+08
1.226092680000000000e+08
1.232901400000000000e+08
1.492179370000000000e+08
1.159908000000000000e+07
1.467256020000000000e+08
1.406615950000000000e+08
1.474594250000000000e+08
1.144726920000000000e+08
1.422004090000000000e+08
1.084133500000000000e+07
1.422682530000000000e+08
1.419153670000000000e+08
1.395261460000000000e+08
1.421627810000000000e+08
1.422183350000000000e+08
1.151885000000000000e+07
1.154403300000000000e+07
1.413358860000000000e+08
1.417701210000000000e+08
1.404765680000000000e+08
1.499317540000000000e+08
1.523188330000000000e+08
1.417092960000000000e+08
1.441414910000000000e+08
1.492190920000000000e+08
1.423510650000000000e+08
1.415279650000000000e+08
1.529696950000000000e+08
1.501887360000000000e+08
1.529703880000000000e+08
1.226089790000000000e+08
1.010034120000000000e+08
1.503557640000000000e+08
1.524735710000000000e+08
1.416231740000000000e+08
1.009182100000000000e+08
1.233194940000000000e+08
1.233668230000000000e+08
1.422735880000000000e+08
1.010147190000000000e+08
1.409431850000000000e+08
1.155755000000000000e+07
1.530295040000000000e+08
1.421077560000000000e+08
1.462814380000000000e+08
1.232915480000000000e+08
1.152719470000000000e+08
1.499717540000000000e+08
1.494743870000000000e+08
1.407968540000000000e+08
1.421078330000000000e+08
1.405966220000000000e+08
1.420517860000000000e+08
1.405809490000000000e+08
1.474712780000000000e+08
1.226148510000000000e+08
1.001023900000000000e+08
1.145025530000000000e+08
1.416100120000000000e+08
1.529657360000000000e+08
1.529662420000000000e+08
1.416104730000000000e+08
1.084320400000000000e+07
1.492160240000000000e+08
1.001076810000000000e+08
1.416069860000000000e+08
1.499722110000000000e+08
1.421995000000000000e+08
1.494979240000000000e+08
1.011019250000000000e+08
1.226172710000000000e+08
1.404780890000000000e+08
1.503213300000000000e+08
1.153787770000000000e+08
1.416060600000000000e+08
1.419429110000000000e+08
1.420827960000000000e+08
1.405984640000000000e+08
1.467088550000000000e+08
1.144730350000000000e+08
1.422731750000000000e+08
1.144336670000000000e+08
1.155818700000000000e+07
1.081890700000000000e+07
1.492531540000000000e+08
1.503617510000000000e+08
1.404971040000000000e+08
1.020637530000000000e+08
1.416114610000000000e+08
1.416272680000000000e+08
1.499898640000000000e+08
1.462454480000000000e+08
1.466543830000000000e+08
1.530666080000000000e+08
1.462805920000000000e+08
1.493461630000000000e+08
1.462846150000000000e+08
1.419444880000000000e+08
1.232714080000000000e+08
1.144718020000000000e+08
1.152755390000000000e+08
1.501673190000000000e+08
1.423147710000000000e+08
1.009750980000000000e+08
1.462467150000000000e+08
1.011252350000000000e+08
1.165052900000000000e+07
1.163766000000000000e+07
1.404971030000000000e+08
1.493015750000000000e+08
1.467615620000000000e+08
1.422743360000000000e+08
1.420526080000000000e+08
1.145008210000000000e+08
1.417110080000000000e+08
1.226115650000000000e+08
1.499895350000000000e+08
1.419094810000000000e+08
1.404961110000000000e+08
1.164875000000000000e+07
1.494236940000000000e+08
1.524709040000000000e+08
1.419140820000000000e+08
1.001245240000000000e+08
1.000999690000000000e+08
1.467244120000000000e+08
1.503611040000000000e+08
1.405994710000000000e+08
1.165257600000000000e+07
1.467315090000000000e+08
1.001021090000000000e+08
1.418253690000000000e+08
1.144357530000000000e+08
1.414729110000000000e+08
1.503564060000000000e+08
1.462479480000000000e+08
1.522888140000000000e+08
1.225567170000000000e+08
1.151886800000000000e+07
1.232713700000000000e+08
1.494208960000000000e+08
1.076301700000000000e+07
1.153496760000000000e+08
1.419802950000000000e+08
1.421066240000000000e+08
1.503221960000000000e+08
1.405773630000000000e+08
1.297816170000000000e+08
1.462494260000000000e+08
1.112442320000000000e+08
1.368430910000000000e+08
1.494497950000000000e+08
1.501426530000000000e+08
1.404601920000000000e+08
1.499301500000000000e+08
1.492519110000000000e+08
1.412720040000000000e+08
1.234043380000000000e+08
1.010140570000000000e+08
1.466890290000000000e+08
1.530655270000000000e+08
1.225569870000000000e+08
1.423055490000000000e+08
1.415448610000000000e+08
1.415484740000000000e+08
1.225550500000000000e+08
1.409433230000000000e+08
1.474703760000000000e+08
1.084094400000000000e+07
1.417083350000000000e+08
1.504322110000000000e+08
1.394843330000000000e+08
1.412127200000000000e+08
1.225428240000000000e+08
1.086440600000000000e+07
1.152764590000000000e+08
1.495726460000000000e+08
1.156939600000000000e+07
1.462689300000000000e+08
1.155650100000000000e+07
1.499346670000000000e+08
1.001001230000000000e+08
1.467106810000000000e+08
1.225042610000000000e+08
1.232696780000000000e+08
1.406356460000000000e+08
1.406584840000000000e+08
1.417551630000000000e+08
1.368847410000000000e+08
1.081874800000000000e+07
1.525370420000000000e+08
1.503011890000000000e+08
1.462682480000000000e+08
1.021656130000000000e+08
1.168860600000000000e+07
1.503572900000000000e+08
1.209321520000000000e+08
1.405975180000000000e+08
1.467305120000000000e+08
1.466869330000000000e+08
1.404781720000000000e+08
1.405091510000000000e+08
1.421792870000000000e+08
1.502753600000000000e+08
1.145032390000000000e+08
1.368441680000000000e+08
1.493036480000000000e+08
1.491245360000000000e+08
1.000152780000000000e+08
1.112459230000000000e+08
1.502711690000000000e+08
1.233213130000000000e+08
1.404929310000000000e+08
1.152735840000000000e+08
1.393694330000000000e+08
1.010163510000000000e+08
1.474697010000000000e+08
1.422416250000000000e+08
1.232693740000000000e+08
1.165084300000000000e+07
1.093036700000000000e+07
1.423053550000000000e+08
1.112691370000000000e+08
1.416856430000000000e+08
1.226158350000000000e+08
1.000151260000000000e+08
1.503906190000000000e+08
1.001013370000000000e+08
1.522878700000000000e+08
1.462809760000000000e+08
1.408900280000000000e+08
1.495988620000000000e+08
1.492184970000000000e+08
1.153786680000000000e+08
1.490376410000000000e+08
1.421072190000000000e+08
1.020878190000000000e+08
1.112703200000000000e+08
1.414257020000000000e+08
1.462843100000000000e+08
1.112673400000000000e+08
1.414142170000000000e+08
1.530669560000000000e+08
1.503206200000000000e+08
1.467288470000000000e+08
1.407619480000000000e+08
1.086285800000000000e+07
1.161512700000000000e+07
1.233193930000000000e+08
1.393712650000000000e+08
1.163652200000000000e+07
1.000998760000000000e+08
1.112435060000000000e+08
1.501886630000000000e+08
1.145038860000000000e+08
1.417554140000000000e+08
1.151902000000000000e+07
1.499706130000000000e+08
1.152766890000000000e+08
1.152829200000000000e+07
1.467244550000000000e+08
1.492526700000000000e+08
1.412163980000000000e+08
1.233705760000000000e+08
1.406320800000000000e+08
1.462467520000000000e+08
1.000986590000000000e+08
1.499880590000000000e+08
1.112695800000000000e+08
1.503903270000000000e+08
1.226166930000000000e+08
1.530936880000000000e+08
1.411552640000000000e+08
1.501422070000000000e+08
1.112696970000000000e+08
1.010693420000000000e+08
1.493484880000000000e+08
1.020501320000000000e+08
1.491551980000000000e+08
1.233694760000000000e+08
1.530467390000000000e+08
1.502716800000000000e+08
1.499759220000000000e+08
1.419454700000000000e+08
1.368194010000000000e+08
1.423060080000000000e+08
1.297670960000000000e+08
1.009213990000000000e+08
1.504315180000000000e+08
1.420825480000000000e+08
1.298103650000000000e+08
1.467113350000000000e+08
1.420847620000000000e+08
1.422061230000000000e+08
1.226702130000000000e+08
1.420178260000000000e+08
1.422064680000000000e+08
1.155693300000000000e+07
1.416254860000000000e+08
1.491744940000000000e+08
1.499021760000000000e+08
1.495417800000000000e+08
1.523188300000000000e+08
1.084160800000000000e+07
1.083765300000000000e+07
1.410307210000000000e+08
1.152729750000000000e+08
1.086351500000000000e+07
1.418230200000000000e+08
1.368465160000000000e+08
1.420513490000000000e+08
1.406599800000000000e+08
1.414727170000000000e+08
1.523610830000000000e+08
1.423001960000000000e+08
1.144708590000000000e+08
1.496301170000000000e+08
1.491758590000000000e+08
1.467132910000000000e+08
1.419779350000000000e+08
1.009182130000000000e+08
1.144354030000000000e+08
1.420873400000000000e+08
1.416123140000000000e+08
1.422667560000000000e+08
1.404786950000000000e+08
1.168813000000000000e+07
1.155460900000000000e+07
1.522888530000000000e+08
1.503891420000000000e+08
1.395256050000000000e+08
1.408565060000000000e+08
1.152843090000000000e+08
1.416221190000000000e+08
1.494495300000000000e+08
1.419112010000000000e+08
1.165301400000000000e+07
1.406301240000000000e+08
1.441616880000000000e+08
1.491766840000000000e+08
1.225430650000000000e+08
1.225767790000000000e+08
1.000304170000000000e+08
1.144337710000000000e+08
1.419779320000000000e+08
1.413336770000000000e+08
1.462496290000000000e+08
1.406878260000000000e+08
1.163622100000000000e+07
1.529642540000000000e+08
1.496011400000000000e+08
1.494976740000000000e+08
1.503914360000000000e+08
1.226693660000000000e+08
1.411263970000000000e+08
1.423153300000000000e+08
1.156846400000000000e+07
1.001064950000000000e+08
1.501626970000000000e+08
1.499713310000000000e+08
1.504424970000000000e+08
1.504302750000000000e+08
1.474593500000000000e+08
1.416059820000000000e+08
1.491607780000000000e+08
1.112457250000000000e+08
1.404325560000000000e+08
1.112683640000000000e+08
1.153189560000000000e+08
1.233681850000000000e+08
1.233187950000000000e+08
1.504308290000000000e+08
1.422062410000000000e+08
1.416081980000000000e+08
1.209315940000000000e+08
1.410966350000000000e+08
1.084292700000000000e+07
1.411519530000000000e+08
1.501855740000000000e+08
1.522890840000000000e+08
1.503581470000000000e+08
1.530468290000000000e+08
1.494448680000000000e+08
1.368640220000000000e+08
1.466376970000000000e+08
1.462466120000000000e+08
1.165149100000000000e+07
1.112678270000000000e+08
1.155712400000000000e+07
1.112698630000000000e+08
1.421492420000000000e+08
1.466530160000000000e+08
1.001050790000000000e+08
1.417562130000000000e+08
1.368858600000000000e+08
1.504277900000000000e+08
1.419744950000000000e+08
1.416249790000000000e+08
1.156986900000000000e+07
1.163668000000000000e+07
1.420836290000000000e+08
1.405981790000000000e+08
1.234058030000000000e+08
1.440708780000000000e+08
1.152742020000000000e+08
1.161429700000000000e+07
1.394721760000000000e+08
1.404955620000000000e+08
1.422062500000000000e+08
1.152761360000000000e+08
1.422411300000000000e+08
1.502463940000000000e+08
1.499711130000000000e+08
1.523586670000000000e+08
1.112458510000000000e+08
1.232686400000000000e+08
1.226087800000000000e+08
1.495991890000000000e+08
1.151805600000000000e+07
1.422744640000000000e+08
1.152826380000000000e+08
1.503011090000000000e+08
1.503569060000000000e+08
1.410269030000000000e+08
1.529696870000000000e+08
1.474719120000000000e+08
1.503223220000000000e+08
1.226696350000000000e+08
1.467613680000000000e+08
1.009071280000000000e+08
1.416851800000000000e+08
1.010581930000000000e+08
1.474585060000000000e+08
1.076272500000000000e+07
1.504378990000000000e+08
1.225039920000000000e+08
1.501887580000000000e+08
1.493475340000000000e+08
1.474695870000000000e+08
1.152864100000000000e+07
1.494976620000000000e+08
1.503902600000000000e+08
1.415275790000000000e+08
1.504304310000000000e+08
1.494506120000000000e+08
1.496011560000000000e+08
1.078708400000000000e+07
1.112428210000000000e+08
1.496307540000000000e+08
1.410960710000000000e+08
1.009161510000000000e+08
1.153559980000000000e+08
1.153203030000000000e+08
1.404774300000000000e+08
1.462679450000000000e+08
1.153500580000000000e+08
1.225214110000000000e+08
1.233226950000000000e+08
1.494738390000000000e+08
1.225057690000000000e+08
1.394850150000000000e+08
1.410953590000000000e+08
1.529708900000000000e+08
1.409389750000000000e+08
1.417693560000000000e+08
1.423004610000000000e+08
1.208972130000000000e+08
1.233695430000000000e+08
1.153510360000000000e+08
1.422676030000000000e+08
1.208988650000000000e+08
1.404945050000000000e+08
1.145021630000000000e+08
1.157026400000000000e+07
1.078620600000000000e+07
1.418238810000000000e+08
1.415456160000000000e+08
1.412168200000000000e+08
1.021649960000000000e+08
1.297386940000000000e+08
1.493479480000000000e+08
1.501391820000000000e+08
1.421053080000000000e+08
1.499897810000000000e+08
1.297649500000000000e+08
1.010018230000000000e+08
1.525370610000000000e+08
1.493020860000000000e+08
1.530297860000000000e+08
1.081898700000000000e+07
1.020641270000000000e+08
1.394851310000000000e+08
1.502491550000000000e+08
1.462846430000000000e+08
1.503207120000000000e+08
1.226084330000000000e+08
1.225223870000000000e+08
1.529655820000000000e+08
1.419762470000000000e+08
1.075649200000000000e+07
1.225553640000000000e+08
1.422070030000000000e+08
1.225045330000000000e+08
1.163728100000000000e+07
1.495031440000000000e+08
1.418092200000000000e+08
1.404936620000000000e+08
1.011400560000000000e+08
1.493477720000000000e+08
1.441249700000000000e+08
1.368429970000000000e+08
1.530458070000000000e+08
1.491759650000000000e+08
1.466902610000000000e+08
1.154504600000000000e+07
1.009214540000000000e+08
1.491786750000000000e+08
1.020864140000000000e+08
1.297406210000000000e+08
1.404937460000000000e+08
1.144728620000000000e+08
1.233371760000000000e+08
1.529726890000000000e+08
1.001238540000000000e+08
1.529697070000000000e+08
1.226120910000000000e+08
1.492173420000000000e+08
1.501664650000000000e+08
1.502709790000000000e+08
1.009927020000000000e+08
1.405796740000000000e+08
1.404932360000000000e+08
1.418241220000000000e+08
1.530660940000000000e+08
1.404322760000000000e+08
1.000299480000000000e+08
1.418264950000000000e+08
1.153499050000000000e+08
1.010587500000000000e+08
1.504401760000000000e+08
1.503616160000000000e+08
1.468029100000000000e+08
1.408030800000000000e+08
1.406089050000000000e+08
1.523616510000000000e+08
1.387134020000000000e+08
1.422997140000000000e+08
1.080250300000000000e+07
1.144345640000000000e+08
1.501873820000000000e+08
1.501418980000000000e+08
1.494443410000000000e+08
1.504421520000000000e+08
1.153558560000000000e+08
1.010580210000000000e+08
1.001067020000000000e+08
1.466533410000000000e+08
1.493467520000000000e+08
1.414137060000000000e+08
1.011245320000000000e+08
1.161448500000000000e+07
1.395243040000000000e+08
1.420191710000000000e+08
1.394704810000000000e+08
1.503231380000000000e+08
1.422668650000000000e+08
1.529686030000000000e+08
1.297644330000000000e+08
1.441021610000000000e+08
1.405097690000000000e+08
1.467331850000000000e+08
1.086412900000000000e+07
1.368457930000000000e+08
1.421639510000000000e+08
1.010136630000000000e+08
1.225558830000000000e+08
1.504426580000000000e+08
1.492534090000000000e+08
1.501676430000000000e+08
1.148733400000000000e+07
1.153572840000000000e+08
1.416075530000000000e+08
1.423054000000000000e+08
1.409978600000000000e+08
1.404935470000000000e+08
1.010172950000000000e+08
1.492507530000000000e+08
1.466531720000000000e+08
1.001019480000000000e+08
1.501036500000000000e+08
1.232693860000000000e+08
1.501855860000000000e+08
1.491254180000000000e+08
1.080245200000000000e+07
1.408998250000000000e+08
1.080154700000000000e+07
1.502720640000000000e+08
1.406579310000000000e+08
1.423038650000000000e+08
1.466360250000000000e+08
1.410923690000000000e+08
1.422188110000000000e+08
1.504316590000000000e+08
1.500304110000000000e+08
1.441619640000000000e+08
1.499350430000000000e+08
1.011026670000000000e+08
1.153567700000000000e+08
1.112453670000000000e+08
1.500668110000000000e+08
1.288034700000000000e+07
1.421786900000000000e+08
1.503216630000000000e+08
1.153560060000000000e+08
1.474558100000000000e+08
1.501918810000000000e+08
1.467286570000000000e+08
1.144344490000000000e+08
1.414223390000000000e+08
1.410936930000000000e+08
1.148829900000000000e+07
1.503226520000000000e+08
1.411272530000000000e+08
1.502454300000000000e+08
1.421065810000000000e+08
1.232675330000000000e+08
1.404319360000000000e+08
1.502509590000000000e+08
1.499722070000000000e+08
1.496008460000000000e+08
1.418708310000000000e+08
1.163733400000000000e+07
1.145021240000000000e+08
1.529846950000000000e+08
1.525602090000000000e+08
1.523590690000000000e+08
1.408598220000000000e+08
1.491213850000000000e+08
1.462503170000000000e+08
1.407601640000000000e+08
1.466869860000000000e+08
1.148846600000000000e+07
1.208959730000000000e+08
1.387133010000000000e+08
1.408943540000000000e+08
1.416220650000000000e+08
1.156909900000000000e+07
1.082035200000000000e+07
1.441021130000000000e+08
1.441103140000000000e+08
1.152736210000000000e+08
1.418658750000000000e+08
1.076336400000000000e+07
1.499023660000000000e+08
1.405798470000000000e+08
1.421693060000000000e+08
1.467328780000000000e+08
1.416267830000000000e+08
1.404315430000000000e+08
1.406334730000000000e+08
1.405766500000000000e+08
1.467292230000000000e+08
1.368452720000000000e+08
1.161435700000000000e+07
1.163818700000000000e+07
1.502709770000000000e+08
1.493025520000000000e+08
1.492744220000000000e+08
1.529694860000000000e+08
1.086219400000000000e+07
1.406361620000000000e+08
1.232921440000000000e+08
1.153802470000000000e+08
1.525891040000000000e+08
1.208971950000000000e+08
1.225067640000000000e+08
1.159738800000000000e+07
1.414139320000000000e+08
1.530780180000000000e+08
1.414253490000000000e+08
1.501855810000000000e+08
1.148930500000000000e+07
1.423157090000000000e+08
1.087964800000000000e+07
1.000147300000000000e+08
1.084146400000000000e+07
1.462826660000000000e+08
1.423045920000000000e+08
1.409462370000000000e+08
1.504419050000000000e+08
1.226096830000000000e+08
1.145044030000000000e+08
1.152729560000000000e+08
1.462468660000000000e+08
1.155814700000000000e+07
1.494985480000000000e+08
1.086308700000000000e+07
1.503941260000000000e+08
1.411838940000000000e+08
1.417081470000000000e+08
1.504400790000000000e+08
1.368846230000000000e+08
1.233699540000000000e+08
1.144353730000000000e+08
1.422063640000000000e+08
1.522891700000000000e+08
1.491741060000000000e+08
1.501667590000000000e+08
1.499937200000000000e+08
1.418263650000000000e+08
1.499028470000000000e+08
1.494455800000000000e+08
1.529834220000000000e+08
1.407585950000000000e+08
1.417716910000000000e+08
1.226131680000000000e+08
1.009900000000000000e+08
1.419795790000000000e+08
1.209170310000000000e+08
1.226137460000000000e+08
1.502990780000000000e+08
1.493027440000000000e+08
1.406613680000000000e+08
1.417099970000000000e+08
1.164742200000000000e+07
1.404784710000000000e+08
1.233700400000000000e+08
1.001008290000000000e+08
1.503923770000000000e+08
1.112675660000000000e+08
1.011017860000000000e+08
1.495730960000000000e+08
1.467099500000000000e+08
1.503231130000000000e+08
1.161428000000000000e+07
1.145039000000000000e+08
1.078643600000000000e+07
1.225554770000000000e+08
1.395258940000000000e+08
1.416082890000000000e+08
1.394717020000000000e+08
1.226115800000000000e+08
1.502717060000000000e+08
1.529729580000000000e+08
1.405122000000000000e+08
1.416215340000000000e+08
1.225591550000000000e+08
1.417702990000000000e+08
1.000996380000000000e+08
1.159897100000000000e+07
1.152736030000000000e+08
1.225414260000000000e+08
1.153492800000000000e+08
1.502477210000000000e+08
1.083826500000000000e+07
1.496017680000000000e+08
1.368423030000000000e+08
1.503202350000000000e+08
1.495727230000000000e+08
1.408018310000000000e+08
1.232552010000000000e+08
1.414717550000000000e+08
1.144342300000000000e+08
1.529740040000000000e+08
1.001008270000000000e+08
1.112675680000000000e+08
1.153505710000000000e+08
1.462516170000000000e+08
1.208960220000000000e+08
1.493911420000000000e+08
1.503576130000000000e+08
1.233371610000000000e+08
1.502995480000000000e+08
1.155879400000000000e+07
1.405990560000000000e+08
1.112280070000000000e+08
1.153495840000000000e+08
1.530665220000000000e+08
1.500296510000000000e+08
1.499143380000000000e+08
1.144716050000000000e+08
1.225225140000000000e+08
1.496654620000000000e+08
1.408275880000000000e+08
1.226149050000000000e+08
1.112439090000000000e+08
1.411571800000000000e+08
1.011026300000000000e+08
1.423171540000000000e+08
1.499139130000000000e+08
1.152768180000000000e+08
1.503223400000000000e+08
1.416107590000000000e+08
1.415420230000000000e+08
1.441099470000000000e+08
1.502754590000000000e+08
1.422665160000000000e+08
1.529664510000000000e+08
1.163794300000000000e+07
1.153507930000000000e+08
1.001038160000000000e+08
1.411218900000000000e+08
1.529652320000000000e+08
1.417092370000000000e+08
1.086203100000000000e+07
1.009199760000000000e+08
1.495757260000000000e+08
1.144347750000000000e+08
1.000301260000000000e+08
1.419106060000000000e+08
1.393696340000000000e+08
1.493044950000000000e+08
1.020730080000000000e+08
1.414728060000000000e+08
1.525890770000000000e+08
1.404929790000000000e+08
1.495391140000000000e+08
1.408286630000000000e+08
1.233681270000000000e+08
1.462501740000000000e+08
1.492752350000000000e+08
1.395243260000000000e+08
1.441618100000000000e+08
1.422998540000000000e+08
1.233687750000000000e+08
1.495764070000000000e+08
1.466882960000000000e+08
1.000672800000000000e+08
1.209322710000000000e+08
1.226158480000000000e+08
1.145001570000000000e+08
1.208943110000000000e+08
1.414724080000000000e+08
1.226160160000000000e+08
1.232912980000000000e+08
1.151978100000000000e+07
1.421995460000000000e+08
1.462684520000000000e+08
1.086285900000000000e+07
1.226180520000000000e+08
1.504430460000000000e+08
1.423168920000000000e+08
1.155743600000000000e+07
1.387346030000000000e+08
1.421091020000000000e+08
1.421699950000000000e+08
1.502991670000000000e+08
1.226099550000000000e+08
1.462516880000000000e+08
1.387394940000000000e+08
1.297821560000000000e+08
1.499309940000000000e+08
1.409981160000000000e+08
1.421056130000000000e+08
1.233346140000000000e+08
1.368470000000000000e+08
1.462817110000000000e+08
1.499882250000000000e+08
1.208969270000000000e+08
1.406892040000000000e+08
1.416069580000000000e+08
1.208977740000000000e+08
1.112460580000000000e+08
1.441036120000000000e+08
1.409706130000000000e+08
1.387316860000000000e+08
1.414109610000000000e+08
1.393707010000000000e+08
1.395260270000000000e+08
1.394830520000000000e+08
1.297672470000000000e+08
1.415265470000000000e+08
1.491765030000000000e+08
1.529667080000000000e+08
1.083869500000000000e+07
1.404323930000000000e+08
1.226082920000000000e+08
1.415425850000000000e+08
1.491253770000000000e+08
1.405092960000000000e+08
1.409397040000000000e+08
1.474563910000000000e+08
1.233668660000000000e+08
1.467302620000000000e+08
1.144357520000000000e+08
1.422185250000000000e+08
1.234048900000000000e+08
1.297810380000000000e+08
1.225068640000000000e+08
1.209157890000000000e+08
1.078700200000000000e+07
1.523592440000000000e+08
1.499730440000000000e+08
1.155604200000000000e+07
1.208974180000000000e+08
1.494975220000000000e+08
1.233654880000000000e+08
1.225600960000000000e+08
1.462477740000000000e+08
1.491075850000000000e+08
1.404326000000000000e+08
1.112450120000000000e+08
1.410902700000000000e+08
1.368438520000000000e+08
1.529639660000000000e+08
1.011002960000000000e+08
1.504432960000000000e+08
1.368453330000000000e+08
1.086322500000000000e+07
1.011260950000000000e+08
1.422980670000000000e+08
1.493476080000000000e+08
1.525041130000000000e+08
1.407971480000000000e+08
1.152749870000000000e+08
1.499300090000000000e+08
1.010018060000000000e+08
1.500293820000000000e+08
1.209170030000000000e+08
1.494977630000000000e+08
1.529842490000000000e+08
1.112286120000000000e+08
1.423168360000000000e+08
1.001039090000000000e+08
1.462682910000000000e+08
1.404935250000000000e+08
1.225061210000000000e+08
1.297658310000000000e+08
1.410289620000000000e+08
1.490378410000000000e+08
1.495392920000000000e+08
1.226134630000000000e+08
1.001013760000000000e+08
1.462817640000000000e+08
1.226693290000000000e+08
1.501879160000000000e+08
1.164982600000000000e+07
1.168875600000000000e+07
1.404764070000000000e+08
1.502732550000000000e+08
1.404945830000000000e+08
1.417094220000000000e+08
1.499146970000000000e+08
1.422063870000000000e+08
1.421711140000000000e+08
1.152841720000000000e+08
1.499892420000000000e+08
1.462462510000000000e+08
1.523584760000000000e+08
1.423055460000000000e+08
1.154143730000000000e+08
1.209319780000000000e+08
1.462501990000000000e+08
1.523583000000000000e+08
1.009071760000000000e+08
1.405804820000000000e+08
1.394719710000000000e+08
1.417722590000000000e+08
1.297667620000000000e+08
1.462816960000000000e+08
1.152759310000000000e+08
1.503595000000000000e+08
1.414718700000000000e+08
1.406093840000000000e+08
1.155705900000000000e+07
1.368459660000000000e+08
1.500309500000000000e+08
1.404774120000000000e+08
1.491561390000000000e+08
1.423159580000000000e+08
1.083852100000000000e+07
1.504332700000000000e+08
1.415303150000000000e+08
1.493050700000000000e+08
1.495439000000000000e+08
1.418054930000000000e+08
1.209157510000000000e+08
1.112439980000000000e+08
1.404928660000000000e+08
1.417121670000000000e+08
1.523590020000000000e+08
1.502991150000000000e+08
1.418676070000000000e+08
1.491248130000000000e+08
1.368426740000000000e+08
1.502456140000000000e+08
1.297658360000000000e+08
1.494734670000000000e+08
1.297846370000000000e+08
1.404771860000000000e+08
1.502502360000000000e+08
1.423001740000000000e+08
1.406352850000000000e+08
1.417579200000000000e+08
1.492691780000000000e+08
1.493886410000000000e+08
1.462490220000000000e+08
1.009759690000000000e+08
1.419416840000000000e+08
1.421690100000000000e+08
1.499938610000000000e+08
1.467275100000000000e+08
1.501687390000000000e+08
1.499024110000000000e+08
1.494236520000000000e+08
1.112904530000000000e+08
1.467266690000000000e+08
1.078496000000000000e+07
1.407606140000000000e+08
1.226139230000000000e+08
1.404962110000000000e+08
1.233688460000000000e+08
1.225773540000000000e+08
1.232669290000000000e+08
1.208882130000000000e+08
1.112702530000000000e+08
1.504315990000000000e+08
1.501899950000000000e+08
1.078607400000000000e+07
1.423513820000000000e+08
1.409698690000000000e+08
1.405810310000000000e+08
1.082097400000000000e+07
1.233680290000000000e+08
1.225215740000000000e+08
1.010393050000000000e+08
1.492516110000000000e+08
1.420828320000000000e+08
1.225423420000000000e+08
1.467245210000000000e+08
1.530278370000000000e+08
1.112442570000000000e+08
1.010143250000000000e+08
1.467254170000000000e+08
1.161303600000000000e+07
1.225423930000000000e+08
1.501090080000000000e+08
1.368655570000000000e+08
1.524758180000000000e+08
1.084177500000000000e+07
1.491207260000000000e+08
1.153218210000000000e+08
1.525014610000000000e+08
1.009931360000000000e+08
1.462689550000000000e+08
1.226867210000000000e+08
1.493942570000000000e+08
1.466922030000000000e+08
1.404313170000000000e+08
1.144724510000000000e+08
1.423153120000000000e+08
1.225217400000000000e+08
1.154140750000000000e+08
1.474261840000000000e+08
1.152821400000000000e+07
1.405965130000000000e+08
1.503933900000000000e+08
1.387344540000000000e+08
1.501103910000000000e+08
1.462500010000000000e+08
1.078451500000000000e+07
1.503592600000000000e+08
1.020705800000000000e+08
1.420858420000000000e+08
1.499344310000000000e+08
1.152850550000000000e+08
1.467609120000000000e+08
1.441021120000000000e+08
1.412119980000000000e+08
1.491206020000000000e+08
1.491051070000000000e+08
1.462490570000000000e+08
1.152736550000000000e+08
1.010989100000000000e+08
1.152938100000000000e+07
1.368423840000000000e+08
1.420522770000000000e+08
1.496266440000000000e+08
1.504311200000000000e+08
1.502457540000000000e+08
1.494771000000000000e+08
1.503592120000000000e+08
1.412809390000000000e+08
1.001078080000000000e+08
1.233648540000000000e+08
1.226142880000000000e+08
1.408984360000000000e+08
1.232921300000000000e+08
1.226100810000000000e+08
1.084118400000000000e+07
1.495421190000000000e+08
1.368472250000000000e+08
1.153203940000000000e+08
1.408993830000000000e+08
1.144344460000000000e+08
1.466538380000000000e+08
1.406884520000000000e+08
1.420193430000000000e+08
1.503574040000000000e+08
1.368454850000000000e+08
1.419449110000000000e+08
1.225755810000000000e+08
1.466914120000000000e+08
1.491772710000000000e+08
1.233359090000000000e+08
1.083796100000000000e+07
1.020642040000000000e+08
1.412712160000000000e+08
1.462678550000000000e+08
1.153571920000000000e+08
1.209157350000000000e+08
1.462685840000000000e+08
1.078653800000000000e+07
1.494977000000000000e+08
1.407552160000000000e+08
1.297657300000000000e+08
1.287850500000000000e+07
1.418109340000000000e+08
1.502454380000000000e+08
1.394721300000000000e+08
1.233345120000000000e+08
1.208883940000000000e+08
1.000144540000000000e+08
1.225042710000000000e+08
1.164780600000000000e+07
1.503015290000000000e+08
1.009216820000000000e+08
1.297411710000000000e+08
1.500297560000000000e+08
1.462479230000000000e+08
1.163818800000000000e+07
1.421096650000000000e+08
1.503009350000000000e+08
1.407547970000000000e+08
1.502721480000000000e+08
1.156851700000000000e+07
1.493474800000000000e+08
1.422003860000000000e+08
1.405099830000000000e+08
1.081950500000000000e+07
1.502493840000000000e+08
1.466919920000000000e+08
1.009176080000000000e+08
1.297402740000000000e+08
1.414265250000000000e+08
1.010174100000000000e+08
1.153203420000000000e+08
1.387339000000000000e+08
1.490371120000000000e+08
1.001015910000000000e+08
1.225567000000000000e+08
1.493915000000000000e+08
1.113632080000000000e+08
1.495999710000000000e+08
1.225568650000000000e+08
1.152752870000000000e+08
1.410281200000000000e+08
1.084294500000000000e+07
1.164702000000000000e+07
1.419750440000000000e+08
1.418078390000000000e+08
1.395253250000000000e+08
1.368856830000000000e+08
1.422411430000000000e+08
1.474263260000000000e+08
1.152824030000000000e+08
1.415428260000000000e+08
1.421427180000000000e+08
1.418051800000000000e+08
1.232677410000000000e+08
1.406361890000000000e+08
1.504392890000000000e+08
1.499712770000000000e+08
1.491213690000000000e+08
1.523187300000000000e+08
1.504317910000000000e+08
1.502507880000000000e+08
1.502743860000000000e+08
1.225035940000000000e+08
1.226171310000000000e+08
1.417135930000000000e+08
1.011401730000000000e+08
1.409682600000000000e+08
1.394709980000000000e+08
1.504308370000000000e+08
1.529650170000000000e+08
1.415282800000000000e+08
1.163706200000000000e+07
1.080215600000000000e+07
1.368472170000000000e+08
1.020906850000000000e+08
1.493915350000000000e+08
1.492743120000000000e+08
1.163699600000000000e+07
1.233185150000000000e+08
1.152771570000000000e+08
1.112423510000000000e+08
1.504318590000000000e+08
1.466528180000000000e+08
1.530776210000000000e+08
1.499339860000000000e+08
1.419805170000000000e+08
1.011004310000000000e+08
1.152782500000000000e+07
1.502493670000000000e+08
1.404967680000000000e+08
1.500670870000000000e+08
1.499143290000000000e+08
1.525015020000000000e+08
1.081994500000000000e+07
1.494795100000000000e+08
1.404937400000000000e+08
1.164541900000000000e+07
1.495719300000000000e+08
1.462683320000000000e+08
1.500302050000000000e+08
1.501857220000000000e+08
1.009197260000000000e+08
1.422063000000000000e+08
1.503931980000000000e+08
1.225754410000000000e+08
1.152841240000000000e+08
1.112892190000000000e+08
1.474718940000000000e+08
1.225068400000000000e+08
1.504427480000000000e+08
1.021658700000000000e+08
1.020712720000000000e+08
1.225554140000000000e+08
1.492477070000000000e+08
1.404611080000000000e+08
1.405809850000000000e+08
1.407600060000000000e+08
1.420816020000000000e+08
1.503904900000000000e+08
1.405968020000000000e+08
1.499022030000000000e+08
1.411235880000000000e+08
1.504305660000000000e+08
1.502496220000000000e+08
1.523597250000000000e+08
1.226100190000000000e+08
1.010145390000000000e+08
1.395254260000000000e+08
1.161506100000000000e+07
1.492732990000000000e+08
1.494737820000000000e+08
1.405103160000000000e+08
1.493937810000000000e+08
1.467312260000000000e+08
1.501648750000000000e+08
1.010997780000000000e+08
1.232711140000000000e+08
1.225057660000000000e+08
1.499353600000000000e+08
1.010387380000000000e+08
1.440709260000000000e+08
1.466531340000000000e+08
1.422428300000000000e+08
1.083755400000000000e+07
1.406918430000000000e+08
1.411274350000000000e+08
1.297416960000000000e+08
1.148917900000000000e+07
1.422406830000000000e+08
1.501887590000000000e+08
1.529855090000000000e+08
1.462454160000000000e+08
1.226110790000000000e+08
1.156959400000000000e+07
1.420870470000000000e+08
1.496003760000000000e+08
1.492743670000000000e+08
1.466369260000000000e+08
1.297399410000000000e+08
1.503911180000000000e+08
1.421998080000000000e+08
1.416071080000000000e+08
1.406589820000000000e+08
1.164599000000000000e+07
1.408971620000000000e+08
1.020729350000000000e+08
1.490599500000000000e+08
1.522888430000000000e+08
1.009214270000000000e+08
1.406096480000000000e+08
1.503930640000000000e+08
1.492526150000000000e+08
1.421468350000000000e+08
1.297421070000000000e+08
1.462843720000000000e+08
1.406325710000000000e+08
1.010161000000000000e+08
1.503607660000000000e+08
1.419107900000000000e+08
1.523571970000000000e+08
1.530286690000000000e+08
1.412699640000000000e+08
1.001050780000000000e+08
1.495425380000000000e+08
1.406361560000000000e+08
1.523101310000000000e+08
1.145026610000000000e+08
1.009158510000000000e+08
1.409388880000000000e+08
1.148956300000000000e+07
1.417701980000000000e+08
1.020636520000000000e+08
1.423513660000000000e+08
1.410297120000000000e+08
1.368453620000000000e+08
1.234058020000000000e+08
1.387338630000000000e+08
1.011390850000000000e+08
1.408941850000000000e+08
1.088078300000000000e+07
1.298104760000000000e+08
1.422062510000000000e+08
1.225748850000000000e+08
1.404327090000000000e+08
1.225224850000000000e+08
1.501636950000000000e+08
1.503931910000000000e+08
1.404935060000000000e+08
1.020706080000000000e+08
1.010995300000000000e+08
1.421091850000000000e+08
1.496252540000000000e+08
1.495020010000000000e+08
1.151805700000000000e+07
1.233704370000000000e+08
1.422731500000000000e+08
