1.486748400000000000e+08
1.378316120000000000e+08
1.543817900000000000e+08
1.020181000000000000e+07
1.476713960000000000e+08
1.423716320000000000e+08
1.412479310000000000e+08
1.503869850000000000e+08
1.016248300000000000e+08
1.411599260000000000e+08
1.423975120000000000e+08
1.394246370000000000e+08
1.443763640000000000e+08
1.477349700000000000e+07
1.539758500000000000e+08
1.378096710000000000e+08
1.472256700000000000e+07
1.390520860000000000e+08
1.201228154000000000e+09
1.401020353000000000e+09
1.369898310000000000e+08
1.390519510000000000e+08
1.412019540000000000e+08
1.418187570000000000e+08
1.350724060000000000e+08
1.503445020000000000e+08
1.412474670000000000e+08
1.477140220000000000e+08
1.419159100000000000e+08
1.423733540000000000e+08
1.020123000000000000e+07
1.015393800000000000e+07
1.540684080000000000e+08
1.369968770000000000e+08
1.369955100000000000e+08
1.442835820000000000e+08
1.390926050000000000e+08
1.390705630000000000e+08
1.016676800000000000e+07
1.377343780000000000e+08
1.370033600000000000e+08
1.381808760000000000e+08
1.486730230000000000e+08
1.476853430000000000e+08
1.412755880000000000e+08
1.351017160000000000e+08
1.543851830000000000e+08
1.411795060000000000e+08
1.389765800000000000e+08
1.388190640000000000e+08
1.387721050000000000e+08
1.503261120000000000e+08
1.539896480000000000e+08
1.540898460000000000e+08
1.193864700000000000e+07
1.001291726000000000e+09
1.001184605000000000e+09
1.126515000000000000e+06
1.201291460000000000e+09
1.444015840000000000e+08
1.102584065000000000e+09
1.412743650000000000e+08
1.350906430000000000e+08
1.014862100000000000e+07
1.189383700000000000e+07
1.443321160000000000e+08
1.120792000000000000e+06
1.351016320000000000e+08
1.389070950000000000e+08
1.418142720000000000e+08
1.418648100000000000e+08
1.423944000000000000e+08
1.390510610000000000e+08
1.539769930000000000e+08
1.388518870000000000e+08
1.474306200000000000e+07
1.350852610000000000e+08
1.369453830000000000e+08
1.370051440000000000e+08
1.369901860000000000e+08
1.387622770000000000e+08
1.423026340000000000e+08
1.158907050000000000e+08
1.394527410000000000e+08
1.020250200000000000e+07
1.489613720000000000e+08
1.412086770000000000e+08
1.201292734000000000e+09
1.369512550000000000e+08
1.391240760000000000e+08
1.390518000000000000e+08
1.016432470000000000e+08
1.472438800000000000e+07
1.388021350000000000e+08
1.351422100000000000e+08
1.195598060000000000e+08
1.016416050000000000e+08
1.476265000000000000e+08
1.540926720000000000e+08
1.423946410000000000e+08
1.542238530000000000e+08
1.476272640000000000e+08
1.388495380000000000e+08
1.412759590000000000e+08
1.391099610000000000e+08
1.378109390000000000e+08
1.540671690000000000e+08
1.401081862000000000e+09
1.055115620000000000e+08
1.390636200000000000e+08
1.411590640000000000e+08
1.486832270000000000e+08
1.387384300000000000e+08
1.418147450000000000e+08
1.472479500000000000e+07
1.423835360000000000e+08
1.542242040000000000e+08
1.388954170000000000e+08
1.387631720000000000e+08
1.539911060000000000e+08
1.007356500000000000e+07
1.370247510000000000e+08
1.193936200000000000e+07
1.201246068000000000e+09
1.418602040000000000e+08
1.541649920000000000e+08
1.194081000000000000e+07
1.418645330000000000e+08
1.391190970000000000e+08
1.443290400000000000e+08
1.423025580000000000e+08
1.418752400000000000e+08
1.442962130000000000e+08
1.540074020000000000e+08
1.388981200000000000e+08
1.387714040000000000e+08
1.418606620000000000e+08
1.477566200000000000e+07
1.195725120000000000e+08
1.015016800000000000e+07
1.503624180000000000e+08
1.541811870000000000e+08
1.016425580000000000e+08
1.542039880000000000e+08
1.539734350000000000e+08
1.443525860000000000e+08
1.443280830000000000e+08
1.423812180000000000e+08
1.540929100000000000e+08
1.476863070000000000e+08
1.423992830000000000e+08
1.388506700000000000e+08
1.194023000000000000e+07
1.195858760000000000e+08
1.189565300000000000e+07
1.540903260000000000e+08
1.412670680000000000e+08
1.477135570000000000e+08
1.412475780000000000e+08
1.389579240000000000e+08
1.489680640000000000e+08
1.540931240000000000e+08
1.489178630000000000e+08
1.443953910000000000e+08
1.351033140000000000e+08
1.489711180000000000e+08
1.485510800000000000e+07
1.412494640000000000e+08
1.443105410000000000e+08
1.542584410000000000e+08
1.381818580000000000e+08
1.389346590000000000e+08
1.443333770000000000e+08
1.389750190000000000e+08
1.390539490000000000e+08
1.190797600000000000e+07
1.020218000000000000e+07
1.503846550000000000e+08
1.423983510000000000e+08
1.001099006000000000e+09
1.389764350000000000e+08
1.476700790000000000e+08
1.390626000000000000e+08
1.543590900000000000e+08
1.472225600000000000e+07
1.540906630000000000e+08
1.369471790000000000e+08
1.387637150000000000e+08
1.369930770000000000e+08
1.007554900000000000e+07
1.412775410000000000e+08
1.503889500000000000e+08
1.487637760000000000e+08
1.477464200000000000e+07
1.350718050000000000e+08
1.388951670000000000e+08
1.400707369000000000e+09
1.159066120000000000e+08
1.388598300000000000e+08
1.542708910000000000e+08
1.543594270000000000e+08
1.411773860000000000e+08
1.390626070000000000e+08
1.351003220000000000e+08
1.102242692000000000e+09
1.195593370000000000e+08
1.389763440000000000e+08
1.369493720000000000e+08
1.390602450000000000e+08
1.369523090000000000e+08
1.477363500000000000e+07
1.487647010000000000e+08
1.443043940000000000e+08
1.151670000000000000e+06
1.411756310000000000e+08
1.494951350000000000e+08
1.390702830000000000e+08
1.486741370000000000e+08
1.540873900000000000e+08
1.378344490000000000e+08
1.271368020000000000e+09
1.542194540000000000e+08
1.391238270000000000e+08
1.389110710000000000e+08
1.539513070000000000e+08
1.423072460000000000e+08
1.007512600000000000e+07
1.011125100000000000e+07
1.387786440000000000e+08
1.377712900000000000e+08
1.018308000000000000e+07
1.158916080000000000e+08
1.476256610000000000e+08
1.503267090000000000e+08
1.394256170000000000e+08
1.389742310000000000e+08
1.443023520000000000e+08
1.412063310000000000e+08
1.540125590000000000e+08
1.540086270000000000e+08
1.494957690000000000e+08
1.387803650000000000e+08
1.443328140000000000e+08
1.412671450000000000e+08
1.391239710000000000e+08
1.387618210000000000e+08
1.489313220000000000e+08
1.387727620000000000e+08
1.540916780000000000e+08
1.543833310000000000e+08
1.486788150000000000e+08
1.389101490000000000e+08
1.391175070000000000e+08
1.494957150000000000e+08
1.394258560000000000e+08
1.443046720000000000e+08
1.011304100000000000e+07
1.390928710000000000e+08
1.443296830000000000e+08
1.022114700000000000e+07
1.539756890000000000e+08
1.541081880000000000e+08
1.444014920000000000e+08
1.189182600000000000e+07
1.189376000000000000e+07
1.494873900000000000e+07
1.122024000000000000e+06
1.388621200000000000e+08
1.482660300000000000e+07
1.423085610000000000e+08
1.387378850000000000e+08
1.390530700000000000e+08
1.378034090000000000e+08
1.486802560000000000e+08
1.158909780000000000e+08
1.377706350000000000e+08
1.542211070000000000e+08
1.390611350000000000e+08
1.423941770000000000e+08
1.194042500000000000e+07
1.418195430000000000e+08
1.482605100000000000e+07
1.411491170000000000e+08
1.369894760000000000e+08
1.472280400000000000e+07
1.102432419000000000e+09
1.195756980000000000e+08
1.443320000000000000e+08
1.389110040000000000e+08
1.443841780000000000e+08
1.412018390000000000e+08
1.411773330000000000e+08
1.388236550000000000e+08
1.543594920000000000e+08
1.381821900000000000e+08
1.020160900000000000e+07
1.423012490000000000e+08
1.539773530000000000e+08
1.020149700000000000e+07
1.472650500000000000e+07
1.412747270000000000e+08
1.378035910000000000e+08
1.418221610000000000e+08
1.022037700000000000e+07
1.503623380000000000e+08
1.418628870000000000e+08
1.487647190000000000e+08
1.195739240000000000e+08
1.351035590000000000e+08
1.477684400000000000e+07
1.423225270000000000e+08
1.539716730000000000e+08
1.412758810000000000e+08
1.443296380000000000e+08
1.390704180000000000e+08
1.423194800000000000e+08
1.388620150000000000e+08
1.055120960000000000e+08
1.369960470000000000e+08
1.443294770000000000e+08
1.423961940000000000e+08
1.503889480000000000e+08
1.540097000000000000e+08
1.489631340000000000e+08
1.378091890000000000e+08
1.189156600000000000e+07
1.443101440000000000e+08
1.418211860000000000e+08
1.418723930000000000e+08
1.477923500000000000e+07
1.418753980000000000e+08
1.190688900000000000e+07
1.540916150000000000e+08
1.387809280000000000e+08
1.055786390000000000e+08
1.411788660000000000e+08
1.423075210000000000e+08
1.423950570000000000e+08
1.503639710000000000e+08
1.540887690000000000e+08
1.351021800000000000e+08
1.542237600000000000e+08
1.015098700000000000e+07
1.476860410000000000e+08
1.443760810000000000e+08
1.418617790000000000e+08
1.350750330000000000e+08
1.369945260000000000e+08
1.443160050000000000e+08
1.476859470000000000e+08
1.389070600000000000e+08
1.541829880000000000e+08
1.390694960000000000e+08
1.020057700000000000e+07
1.369929310000000000e+08
1.016252210000000000e+08
1.423805510000000000e+08
1.350730870000000000e+08
1.542566520000000000e+08
1.377769230000000000e+08
1.418640550000000000e+08
1.474432800000000000e+07
1.015076500000000000e+07
1.391163240000000000e+08
1.423984310000000000e+08
1.388621950000000000e+08
1.351515640000000000e+08
1.351417910000000000e+08
1.369517990000000000e+08
1.195598220000000000e+08
1.194212700000000000e+07
1.503634840000000000e+08
1.389332880000000000e+08
1.377774150000000000e+08
1.152708000000000000e+06
1.489178090000000000e+08
1.193764700000000000e+07
1.423478790000000000e+08
1.120928000000000000e+06
1.540688810000000000e+08
1.390925380000000000e+08
1.423853590000000000e+08
1.541821440000000000e+08
1.015396900000000000e+07
1.477675400000000000e+07
1.540073570000000000e+08
1.489636300000000000e+08
1.418127040000000000e+08
1.539728760000000000e+08
1.423023550000000000e+08
1.072916400000000000e+07
1.369999530000000000e+08
1.489655930000000000e+08
1.423970060000000000e+08
1.120526000000000000e+06
1.102386116000000000e+09
1.381725100000000000e+08
1.152002000000000000e+06
1.542042090000000000e+08
1.442838280000000000e+08
1.370255820000000000e+08
1.543819870000000000e+08
1.388974170000000000e+08
1.443808160000000000e+08
1.472554600000000000e+07
1.016239980000000000e+08
1.389577080000000000e+08
1.412757960000000000e+08
1.503878990000000000e+08
1.443765600000000000e+08
1.016599800000000000e+07
1.351033050000000000e+08
1.377347990000000000e+08
1.102628617000000000e+09
1.158696740000000000e+08
1.541252710000000000e+08
1.351017470000000000e+08
1.541081460000000000e+08
1.423718880000000000e+08
1.476442230000000000e+08
1.055110040000000000e+08
1.443853460000000000e+08
1.503957190000000000e+08
1.489147260000000000e+08
1.499704860000000000e+08
1.422769790000000000e+08
1.390633970000000000e+08
1.503621050000000000e+08
1.388510140000000000e+08
1.007571000000000000e+07
1.001095070000000000e+09
1.201167571000000000e+09
1.388979900000000000e+08
1.387571290000000000e+08
1.540880160000000000e+08
1.351403990000000000e+08
1.540679250000000000e+08
1.542574060000000000e+08
1.423813640000000000e+08
1.390511680000000000e+08
1.476244580000000000e+08
1.183579900000000000e+07
1.543839910000000000e+08
1.482396400000000000e+07
1.486844140000000000e+08
1.102339958000000000e+09
1.503177740000000000e+08
1.389114330000000000e+08
1.411502720000000000e+08
1.381829690000000000e+08
1.541071590000000000e+08
1.018424400000000000e+07
1.412741320000000000e+08
1.350755360000000000e+08
1.351034460000000000e+08
1.540891690000000000e+08
1.540932170000000000e+08
1.390516570000000000e+08
1.472238700000000000e+07
1.423174520000000000e+08
1.369982770000000000e+08
1.542223530000000000e+08
1.158694720000000000e+08
1.411489400000000000e+08
1.423192440000000000e+08
1.443799710000000000e+08
1.387635790000000000e+08
1.423850000000000000e+08
1.389113390000000000e+08
1.412009250000000000e+08
1.423870230000000000e+08
1.489690830000000000e+08
1.443967340000000000e+08
1.387570950000000000e+08
1.390524290000000000e+08
1.412094400000000000e+08
1.418217450000000000e+08
1.495040430000000000e+08
1.540103790000000000e+08
1.486738280000000000e+08
1.443517950000000000e+08
1.351010780000000000e+08
1.351019340000000000e+08
1.486723450000000000e+08
1.443156210000000000e+08
1.443045330000000000e+08
1.423983720000000000e+08
1.423870240000000000e+08
1.487196360000000000e+08
1.443960940000000000e+08
1.351516970000000000e+08
1.388198680000000000e+08
1.388480020000000000e+08
1.412046010000000000e+08
1.391108700000000000e+08
1.542183140000000000e+08
1.412776720000000000e+08
1.387318600000000000e+08
1.022002000000000000e+07
1.387579080000000000e+08
1.126033000000000000e+06
1.540072460000000000e+08
1.377773870000000000e+08
1.377346220000000000e+08
1.388965130000000000e+08
1.412746430000000000e+08
1.476735520000000000e+08
1.369458490000000000e+08
1.412079840000000000e+08
1.378317830000000000e+08
1.542055240000000000e+08
1.127021000000000000e+06
1.489161650000000000e+08
1.489640200000000000e+08
1.016422950000000000e+08
1.486804840000000000e+08
1.201218604000000000e+09
1.271130540000000000e+09
1.388934630000000000e+08
1.389084100000000000e+08
1.503425030000000000e+08
1.411601520000000000e+08
1.159100180000000000e+08
1.378415510000000000e+08
1.189278000000000000e+07
1.412071340000000000e+08
1.423836420000000000e+08
1.539903440000000000e+08
1.422769450000000000e+08
1.487192590000000000e+08
1.542056900000000000e+08
1.539767120000000000e+08
1.442948080000000000e+08
1.388229100000000000e+08
1.102359033000000000e+09
1.001115459000000000e+09
1.389344470000000000e+08
1.486839400000000000e+08
1.540679190000000000e+08
1.158695230000000000e+08
1.152733000000000000e+06
1.074755300000000000e+07
1.476269110000000000e+08
1.351015340000000000e+08
1.540118660000000000e+08
1.015043500000000000e+07
1.271365948000000000e+09
1.390699580000000000e+08
1.541075310000000000e+08
1.443800390000000000e+08
1.443809720000000000e+08
1.542045950000000000e+08
1.540875940000000000e+08
1.412020380000000000e+08
1.486832380000000000e+08
1.189267500000000000e+07
1.015301900000000000e+07
1.387630350000000000e+08
1.472204800000000000e+07
1.388226090000000000e+08
1.423821260000000000e+08
1.015161300000000000e+07
1.443815690000000000e+08
1.423081240000000000e+08
1.477303600000000000e+07
1.350872540000000000e+08
1.423195400000000000e+08
1.540069880000000000e+08
1.389738390000000000e+08
1.389752000000000000e+08
1.443025230000000000e+08
1.014863700000000000e+07
1.423723860000000000e+08
1.378332900000000000e+08
1.001444020000000000e+09
1.370047600000000000e+08
1.540675100000000000e+08
1.487638420000000000e+08
1.476816560000000000e+08
1.389591590000000000e+08
1.014924400000000000e+07
1.369525760000000000e+08
1.494965480000000000e+08
1.388986350000000000e+08
1.412465400000000000e+08
1.389574580000000000e+08
1.503441720000000000e+08
1.472561600000000000e+07
1.387371470000000000e+08
1.005708600000000000e+07
1.418176340000000000e+08
1.016410330000000000e+08
1.539748820000000000e+08
1.350845130000000000e+08
1.102550101000000000e+09
1.387579010000000000e+08
1.540872990000000000e+08
1.378032260000000000e+08
1.370047940000000000e+08
1.443813620000000000e+08
1.489177090000000000e+08
1.390870270000000000e+08
1.539737640000000000e+08
1.540671540000000000e+08
1.378105760000000000e+08
1.412665300000000000e+08
1.102555267000000000e+09
1.189241800000000000e+07
1.540873980000000000e+08
1.541656720000000000e+08
1.001173087000000000e+09
1.387729880000000000e+08
1.486809530000000000e+08
1.387566820000000000e+08
1.489693120000000000e+08
1.476441870000000000e+08
1.390637450000000000e+08
1.543827380000000000e+08
1.389740040000000000e+08
1.390520630000000000e+08
1.369545360000000000e+08
1.388604470000000000e+08
1.351018910000000000e+08
1.391177320000000000e+08
1.443847570000000000e+08
1.543462910000000000e+08
1.482525200000000000e+07
1.443162210000000000e+08
1.412016050000000000e+08
1.378013210000000000e+08
1.540925580000000000e+08
1.016253120000000000e+08
1.443336410000000000e+08
1.369896380000000000e+08
1.350837720000000000e+08
1.477515200000000000e+07
1.477358000000000000e+07
1.487643130000000000e+08
1.391174220000000000e+08
1.390541880000000000e+08
1.381803460000000000e+08
1.543461810000000000e+08
1.194042300000000000e+07
1.390504260000000000e+08
1.474417900000000000e+07
1.418205480000000000e+08
1.183533000000000000e+07
1.390692050000000000e+08
1.418212500000000000e+08
1.390867440000000000e+08
1.014960700000000000e+07
1.158906670000000000e+08
1.540926480000000000e+08
1.159064830000000000e+08
1.418166780000000000e+08
1.476700710000000000e+08
1.540109090000000000e+08
1.443032650000000000e+08
1.418223940000000000e+08
1.423805410000000000e+08
1.158923010000000000e+08
1.540092550000000000e+08
1.369500320000000000e+08
1.378437640000000000e+08
1.418611470000000000e+08
1.158707110000000000e+08
1.543850420000000000e+08
1.193781800000000000e+07
1.412034120000000000e+08
1.412013470000000000e+08
1.423853960000000000e+08
1.418758210000000000e+08
1.482399900000000000e+07
1.391097660000000000e+08
1.476281630000000000e+08
1.411497920000000000e+08
1.391180150000000000e+08
1.369485410000000000e+08
1.102317433000000000e+09
1.390928700000000000e+08
1.021912200000000000e+07
1.486799500000000000e+08
1.412046240000000000e+08
1.394523140000000000e+08
1.412744550000000000e+08
1.412492300000000000e+08
1.378324800000000000e+08
1.370254600000000000e+08
1.476269460000000000e+08
1.158693260000000000e+08
1.541063260000000000e+08
1.541825490000000000e+08
1.183606400000000000e+07
1.444058030000000000e+08
1.542571280000000000e+08
1.541650550000000000e+08
1.539706780000000000e+08
1.381812020000000000e+08
1.018302200000000000e+07
1.423083960000000000e+08
1.539919210000000000e+08
1.015450000000000000e+07
1.271318147000000000e+09
1.541822430000000000e+08
1.540894720000000000e+08
1.540074310000000000e+08
1.190696200000000000e+07
1.482362300000000000e+07
1.503624810000000000e+08
1.418645070000000000e+08
1.503434170000000000e+08
1.193799800000000000e+07
1.389347000000000000e+08
1.350854720000000000e+08
1.369951300000000000e+08
1.486812370000000000e+08
1.377347580000000000e+08
1.542238600000000000e+08
1.482381900000000000e+07
1.443516940000000000e+08
1.159080020000000000e+08
1.443827910000000000e+08
1.418732110000000000e+08
1.424130010000000000e+08
1.482329400000000000e+07
1.189363700000000000e+07
1.014798200000000000e+07
1.412749040000000000e+08
1.412667710000000000e+08
1.020241500000000000e+07
1.503172140000000000e+08
1.055124380000000000e+08
1.387739940000000000e+08
1.183578900000000000e+07
1.412475050000000000e+08
1.477464400000000000e+07
1.387643790000000000e+08
1.486791440000000000e+08
1.412488050000000000e+08
1.369960590000000000e+08
1.158621020000000000e+08
1.444017270000000000e+08
1.022081100000000000e+07
1.422769690000000000e+08
1.350844600000000000e+08
1.015081700000000000e+07
1.369892860000000000e+08
1.472214000000000000e+07
1.001099007000000000e+09
1.389763420000000000e+08
1.387292540000000000e+08
1.193736900000000000e+07
1.390924770000000000e+08
1.443149410000000000e+08
1.543851260000000000e+08
1.391177750000000000e+08
1.390603830000000000e+08
1.423174420000000000e+08
1.387643300000000000e+08
1.401081864000000000e+09
1.472397400000000000e+07
1.369934590000000000e+08
1.477653900000000000e+07
1.487185240000000000e+08
1.542236680000000000e+08
1.412746850000000000e+08
1.443807870000000000e+08
1.390868610000000000e+08
1.419156060000000000e+08
1.443101140000000000e+08
1.539707120000000000e+08
1.388959470000000000e+08
1.158707510000000000e+08
1.351420880000000000e+08
1.476812840000000000e+08
1.540141600000000000e+08
1.102613201000000000e+09
1.540868640000000000e+08
1.201246764000000000e+09
1.539757460000000000e+08
1.418158340000000000e+08
1.542177480000000000e+08
1.443967240000000000e+08
1.539762320000000000e+08
1.482544700000000000e+07
1.381830200000000000e+08
1.102326166000000000e+09
1.271341297000000000e+09
1.503625410000000000e+08
1.389751750000000000e+08
1.476863060000000000e+08
1.370024700000000000e+08
1.423084780000000000e+08
1.378345590000000000e+08
1.370258270000000000e+08
1.444002930000000000e+08
1.014812400000000000e+07
1.159070660000000000e+08
1.482802800000000000e+07
1.539512170000000000e+08
1.503866450000000000e+08
1.418147380000000000e+08
1.201246763000000000e+09
1.541652820000000000e+08
1.381829020000000000e+08
1.387323390000000000e+08
1.378099600000000000e+08
1.369915590000000000e+08
1.369965520000000000e+08
1.388030020000000000e+08
1.351406820000000000e+08
1.540917660000000000e+08
1.369469300000000000e+08
1.540116940000000000e+08
1.388516640000000000e+08
1.418598850000000000e+08
1.102334293000000000e+09
1.021938700000000000e+07
1.201199133000000000e+09
1.503250740000000000e+08
1.020129500000000000e+07
1.423065180000000000e+08
1.476420570000000000e+08
1.489336020000000000e+08
1.271218438000000000e+09
1.389590180000000000e+08
1.419156010000000000e+08
1.391110610000000000e+08
1.540677970000000000e+08
1.401020355000000000e+09
1.102274128000000000e+09
1.442832240000000000e+08
1.394524590000000000e+08
1.443157670000000000e+08
1.540916300000000000e+08
1.477367300000000000e+07
1.201330483000000000e+09
1.442948180000000000e+08
1.351033840000000000e+08
1.388229000000000000e+08
1.001481140000000000e+09
1.418191110000000000e+08
1.489328230000000000e+08
1.540085040000000000e+08
1.443835210000000000e+08
1.193773400000000000e+07
1.016770700000000000e+07
1.390696800000000000e+08
1.424130900000000000e+08
1.350837910000000000e+08
1.001291727000000000e+09
1.125401000000000000e+06
1.370258550000000000e+08
1.388960340000000000e+08
1.411604070000000000e+08
1.412752830000000000e+08
1.494934530000000000e+08
1.494718810000000000e+08
1.539734410000000000e+08
1.423207150000000000e+08
1.503272160000000000e+08
1.102418525000000000e+09
1.412494880000000000e+08
1.102493238000000000e+09
1.418198260000000000e+08
1.540902430000000000e+08
1.539769920000000000e+08
1.387733590000000000e+08
1.412071890000000000e+08
1.152510000000000000e+06
1.378318290000000000e+08
1.271088706000000000e+09
1.369998200000000000e+08
1.476801590000000000e+08
1.350757600000000000e+08
1.476817190000000000e+08
1.390530430000000000e+08
1.477138910000000000e+08
1.370039900000000000e+08
1.158618430000000000e+08
1.542248500000000000e+08
1.443732150000000000e+08
1.159213480000000000e+08
1.387634920000000000e+08
1.159065440000000000e+08
1.153091000000000000e+06
1.159207470000000000e+08
1.540114030000000000e+08
1.074817300000000000e+07
1.423066060000000000e+08
1.195590610000000000e+08
1.390631220000000000e+08
1.539759750000000000e+08
1.494940930000000000e+08
1.055123750000000000e+08
1.020136900000000000e+07
1.389736680000000000e+08
1.540900770000000000e+08
1.542237420000000000e+08
1.158920890000000000e+08
1.378431040000000000e+08
1.388474500000000000e+08
1.390498930000000000e+08
1.423008220000000000e+08
1.387627460000000000e+08
1.388942230000000000e+08
1.390540330000000000e+08
1.020047100000000000e+07
1.055117590000000000e+08
1.443807490000000000e+08
1.007457700000000000e+07
1.476739280000000000e+08
1.016419050000000000e+08
1.472383300000000000e+07
1.158607880000000000e+08
1.390533420000000000e+08
1.015072400000000000e+07
1.412093940000000000e+08
1.503885720000000000e+08
1.394237740000000000e+08
1.390641950000000000e+08
1.378323760000000000e+08
1.503628080000000000e+08
1.486788370000000000e+08
1.378329870000000000e+08
1.443803540000000000e+08
1.016250210000000000e+08
1.540670540000000000e+08
1.423222650000000000e+08
1.011330800000000000e+07
1.423007560000000000e+08
1.015033900000000000e+07
1.411595380000000000e+08
1.418224100000000000e+08
1.489689780000000000e+08
1.193865000000000000e+07
1.016254910000000000e+08
1.189442500000000000e+07
1.442839360000000000e+08
1.151290000000000000e+06
1.541069570000000000e+08
1.377522070000000000e+08
1.102550100000000000e+09
1.387801080000000000e+08
1.443151890000000000e+08
1.412044900000000000e+08
1.271282343000000000e+09
1.378021000000000000e+08
1.542584110000000000e+08
1.189311000000000000e+07
1.444043430000000000e+08
1.539743800000000000e+08
1.387384520000000000e+08
1.011270000000000000e+07
1.350885720000000000e+08
1.543849920000000000e+08
1.387562110000000000e+08
1.474307200000000000e+07
1.478160400000000000e+07
1.477138800000000000e+08
1.369950940000000000e+08
1.476241200000000000e+08
1.541647670000000000e+08
1.443337970000000000e+08
1.476252880000000000e+08
1.388951300000000000e+08
1.541259480000000000e+08
1.193881600000000000e+07
1.377785210000000000e+08
1.503882030000000000e+08
1.350993570000000000e+08
1.351422000000000000e+08
1.443288560000000000e+08
1.411778760000000000e+08
1.189420200000000000e+07
1.443280450000000000e+08
1.476250640000000000e+08
1.350899600000000000e+08
1.387558720000000000e+08
1.390932140000000000e+08
1.390514620000000000e+08
1.412648680000000000e+08
1.394527510000000000e+08
1.418130850000000000e+08
1.489711460000000000e+08
1.412057360000000000e+08
1.540072470000000000e+08
1.007382300000000000e+07
1.476276690000000000e+08
1.418737770000000000e+08
1.442964560000000000e+08
1.482496900000000000e+07
1.389744990000000000e+08
1.476735530000000000e+08
1.388197700000000000e+08
1.016654500000000000e+07
1.541809910000000000e+08
1.102554583000000000e+09
1.369448260000000000e+08
1.539756740000000000e+08
1.007435000000000000e+07
1.350846700000000000e+08
1.152825000000000000e+06
1.158692260000000000e+08
1.418763420000000000e+08
1.443290860000000000e+08
1.158687710000000000e+08
1.102332935000000000e+09
1.020208100000000000e+07
1.377346240000000000e+08
1.370039880000000000e+08
1.543820640000000000e+08
1.387562180000000000e+08
1.539904460000000000e+08
1.541262080000000000e+08
1.477138580000000000e+08
1.541063790000000000e+08
1.055780560000000000e+08
1.369904050000000000e+08
1.503641280000000000e+08
1.542201930000000000e+08
1.387356610000000000e+08
1.016433740000000000e+08
1.158695860000000000e+08
1.423946560000000000e+08
1.412487380000000000e+08
1.389591560000000000e+08
1.102400359000000000e+09
1.443095910000000000e+08
1.390530270000000000e+08
1.011254600000000000e+07
1.018276500000000000e+07
1.389113380000000000e+08
1.489661210000000000e+08
1.494924880000000000e+08
1.477373300000000000e+07
1.411782070000000000e+08
1.489674760000000000e+08
1.391097370000000000e+08
1.443329600000000000e+08
1.418121650000000000e+08
1.370254920000000000e+08
1.540708290000000000e+08
1.412094900000000000e+08
1.423082090000000000e+08
1.370248160000000000e+08
1.388953430000000000e+08
1.476802630000000000e+08
1.369493190000000000e+08
1.381822590000000000e+08
1.477757300000000000e+07
1.351516090000000000e+08
1.412659100000000000e+08
1.477649400000000000e+07
1.442948980000000000e+08
1.159202850000000000e+08
1.539729280000000000e+08
1.443145170000000000e+08
1.390705330000000000e+08
1.443273360000000000e+08
1.411598550000000000e+08
1.369475730000000000e+08
1.476278660000000000e+08
1.390630810000000000e+08
1.487183830000000000e+08
1.387725480000000000e+08
1.423722490000000000e+08
1.540714000000000000e+08
1.369997140000000000e+08
1.503435220000000000e+08
1.472337000000000000e+07
1.378014990000000000e+08
1.074705700000000000e+07
1.476867430000000000e+08
1.423858270000000000e+08
1.351015750000000000e+08
1.390927710000000000e+08
1.016632500000000000e+07
1.195724130000000000e+08
1.195834950000000000e+08
1.412480070000000000e+08
1.158613110000000000e+08
1.201194272000000000e+09
1.388243140000000000e+08
1.476240380000000000e+08
1.412657510000000000e+08
1.387280630000000000e+08
1.476270720000000000e+08
1.189459000000000000e+07
1.390622760000000000e+08
1.021919000000000000e+07
1.001274460000000000e+09
1.387641200000000000e+08
1.389755370000000000e+08
1.412666920000000000e+08
1.102566092000000000e+09
1.195732850000000000e+08
1.503182540000000000e+08
1.126655000000000000e+06
1.193939600000000000e+07
1.423218340000000000e+08
1.478114900000000000e+07
1.478070900000000000e+07
1.390534080000000000e+08
1.018534100000000000e+07
1.423823820000000000e+08
1.377521810000000000e+08
1.369519080000000000e+08
1.369983600000000000e+08
1.201228104000000000e+09
1.542042080000000000e+08
1.074831100000000000e+07
1.476709880000000000e+08
1.485509600000000000e+07
1.541067580000000000e+08
1.391180780000000000e+08
1.442949640000000000e+08
1.442837390000000000e+08
1.387717430000000000e+08
1.388227190000000000e+08
1.489130530000000000e+08
1.000243195300000000e+10
1.401014375000000000e+09
1.394240470000000000e+08
1.387372630000000000e+08
1.486828930000000000e+08
1.418744810000000000e+08
1.391165050000000000e+08
1.540092380000000000e+08
1.102617332000000000e+09
1.418170840000000000e+08
1.377714030000000000e+08
1.476257550000000000e+08
1.015124100000000000e+07
1.102469580000000000e+09
1.443955770000000000e+08
1.369973440000000000e+08
1.476856230000000000e+08
1.443144460000000000e+08
1.381821960000000000e+08
1.542579890000000000e+08
1.423078760000000000e+08
1.018567600000000000e+07
1.126075000000000000e+06
1.418722670000000000e+08
1.423501210000000000e+08
1.389103160000000000e+08
1.418745730000000000e+08
1.423839680000000000e+08
1.443795940000000000e+08
1.541253260000000000e+08
1.489697620000000000e+08
1.350863560000000000e+08
1.159104360000000000e+08
1.391243310000000000e+08
1.387705190000000000e+08
1.411793760000000000e+08
1.387115220000000000e+08
1.370249910000000000e+08
1.158707070000000000e+08
1.444017950000000000e+08
1.350995390000000000e+08
1.391234300000000000e+08
1.423839140000000000e+08
1.472306900000000000e+07
1.442830480000000000e+08
1.442942670000000000e+08
1.350838060000000000e+08
1.486786920000000000e+08
1.443528560000000000e+08
1.411487960000000000e+08
1.542222310000000000e+08
1.350841460000000000e+08
1.369963510000000000e+08
1.499705000000000000e+08
1.388019470000000000e+08
1.388606280000000000e+08
1.014887300000000000e+07
1.503958420000000000e+08
1.542051350000000000e+08
1.125365000000000000e+06
1.503441770000000000e+08
1.369505500000000000e+08
1.369512480000000000e+08
1.001499579000000000e+09
1.195711890000000000e+08
1.472274000000000000e+07
1.369492020000000000e+08
1.152731000000000000e+06
1.378308290000000000e+08
1.476850960000000000e+08
1.540919960000000000e+08
1.159204450000000000e+08
1.472557800000000000e+07
1.423175010000000000e+08
1.016254380000000000e+08
1.540143480000000000e+08
1.540938400000000000e+08
1.423976110000000000e+08
1.474486900000000000e+07
1.394242930000000000e+08
1.543835390000000000e+08
1.001382695000000000e+09
1.443155460000000000e+08
1.159207520000000000e+08
1.388207700000000000e+08
1.350859760000000000e+08
1.541245570000000000e+08
1.543848180000000000e+08
1.486772450000000000e+08
1.102623645000000000e+09
1.543834610000000000e+08
1.350905960000000000e+08
1.016247900000000000e+08
1.412042100000000000e+08
1.390642570000000000e+08
1.391111250000000000e+08
1.369520360000000000e+08
1.271355422000000000e+09
1.387302220000000000e+08
1.001512783000000000e+09
1.443117480000000000e+08
1.016747900000000000e+07
1.390337750000000000e+08
1.423175060000000000e+08
1.201134218000000000e+09
1.389573500000000000e+08
1.189461500000000000e+07
1.370020710000000000e+08
1.541075340000000000e+08
1.476278220000000000e+08
1.387661400000000000e+08
1.489661810000000000e+08
1.378354080000000000e+08
1.016248230000000000e+08
1.476737160000000000e+08
1.158704260000000000e+08
1.412475500000000000e+08
1.443100810000000000e+08
1.539905130000000000e+08
1.370025990000000000e+08
1.474368900000000000e+07
1.190842200000000000e+07
1.411585290000000000e+08
1.001502903000000000e+09
1.418162390000000000e+08
1.378416920000000000e+08
1.423983790000000000e+08
1.018354900000000000e+07
1.443747490000000000e+08
1.377284160000000000e+08
1.390872330000000000e+08
1.389332670000000000e+08
1.412749510000000000e+08
1.423816640000000000e+08
1.390699210000000000e+08
1.486788990000000000e+08
1.014946800000000000e+07
1.387375240000000000e+08
1.485455300000000000e+07
1.015060300000000000e+07
1.020099800000000000e+07
1.195580610000000000e+08
1.418740000000000000e+08
1.476271150000000000e+08
1.350898320000000000e+08
1.539755150000000000e+08
1.476870630000000000e+08
1.542238350000000000e+08
1.444039620000000000e+08
1.443804820000000000e+08
1.387702570000000000e+08
1.412481150000000000e+08
1.442945550000000000e+08
1.486750200000000000e+08
1.476244130000000000e+08
1.102636440000000000e+09
1.443997600000000000e+08
1.543461020000000000e+08
1.390508060000000000e+08
1.540703830000000000e+08
1.540119350000000000e+08
1.540124520000000000e+08
1.102325400000000000e+09
1.489690500000000000e+08
1.411794950000000000e+08
1.018354700000000000e+07
1.541072300000000000e+08
1.011301200000000000e+07
1.418211690000000000e+08
1.477373000000000000e+07
1.351532010000000000e+08
1.125234000000000000e+06
1.541828430000000000e+08
1.389108800000000000e+08
1.016681700000000000e+07
1.159086770000000000e+08
1.443120010000000000e+08
1.444043490000000000e+08
1.443526530000000000e+08
1.540127390000000000e+08
1.195732650000000000e+08
1.391099090000000000e+08
1.489690570000000000e+08
1.423959250000000000e+08
1.014918900000000000e+07
1.476239980000000000e+08
1.443275550000000000e+08
1.503436040000000000e+08
1.412761680000000000e+08
1.423176640000000000e+08
1.102601958000000000e+09
1.391179210000000000e+08
1.443514870000000000e+08
1.443119000000000000e+08
1.494940590000000000e+08
1.350721250000000000e+08
1.195579090000000000e+08
1.390542670000000000e+08
1.487637500000000000e+08
1.503960120000000000e+08
1.378300340000000000e+08
1.016631400000000000e+07
1.418768390000000000e+08
1.194204800000000000e+07
1.388478940000000000e+08
1.539723940000000000e+08
1.391114120000000000e+08
1.494719140000000000e+08
1.018453700000000000e+07
1.387627210000000000e+08
1.016253400000000000e+08
1.542579600000000000e+08
1.351425090000000000e+08
1.020114100000000000e+07
1.412072530000000000e+08
1.389327940000000000e+08
1.350850330000000000e+08
1.472273200000000000e+07
1.443344860000000000e+08
1.388015760000000000e+08
1.015021700000000000e+07
1.381718910000000000e+08
1.387785070000000000e+08
1.423489910000000000e+08
1.370201630000000000e+08
1.423188970000000000e+08
1.541064930000000000e+08
1.486802300000000000e+08
1.424151550000000000e+08
1.391168220000000000e+08
1.541246070000000000e+08
1.121536000000000000e+06
1.503851590000000000e+08
1.350852350000000000e+08
1.183561500000000000e+07
1.381719800000000000e+08
1.412491350000000000e+08
1.412654420000000000e+08
1.412747500000000000e+08
1.540107280000000000e+08
1.378303160000000000e+08
1.011317800000000000e+07
1.418124110000000000e+08
1.540121880000000000e+08
1.378435370000000000e+08
1.486793620000000000e+08
1.159079760000000000e+08
1.442950300000000000e+08
1.542197500000000000e+08
1.542587420000000000e+08
1.393022640000000000e+08
1.418748820000000000e+08
1.369487120000000000e+08
1.423843350000000000e+08
1.423872200000000000e+08
1.007519600000000000e+07
1.001255617000000000e+09
1.443997830000000000e+08
1.189133800000000000e+07
1.388191680000000000e+08
1.472161200000000000e+07
1.001253214000000000e+09
1.389097880000000000e+08
1.001166180000000000e+09
1.418173480000000000e+08
1.540118580000000000e+08
1.443031150000000000e+08
1.489636350000000000e+08
1.016412390000000000e+08
1.540119000000000000e+08
1.387274810000000000e+08
1.389067730000000000e+08
1.442836170000000000e+08
1.377715800000000000e+08
1.015290200000000000e+07
1.388600460000000000e+08
1.391099910000000000e+08
1.201286482000000000e+09
1.443273350000000000e+08
1.472270000000000000e+07
1.394246630000000000e+08
1.195725990000000000e+08
1.423740600000000000e+08
1.423183450000000000e+08
1.472518800000000000e+07
1.540109120000000000e+08
1.542219750000000000e+08
1.370214330000000000e+08
1.351405640000000000e+08
1.443959730000000000e+08
1.369477430000000000e+08
1.418762860000000000e+08
1.478000700000000000e+07
1.016246590000000000e+08
1.378345790000000000e+08
1.539752890000000000e+08
1.476722060000000000e+08
1.388940940000000000e+08
1.016632600000000000e+07
1.387317350000000000e+08
1.443997290000000000e+08
1.489618860000000000e+08
1.370201160000000000e+08
1.016419330000000000e+08
1.388224760000000000e+08
1.074775000000000000e+07
1.412668080000000000e+08
1.001565755000000000e+09
1.423951760000000000e+08
1.016415900000000000e+08
1.350888150000000000e+08
1.412482390000000000e+08
1.542236900000000000e+08
1.476246670000000000e+08
1.411600460000000000e+08
1.540688270000000000e+08
1.418607120000000000e+08
1.351530090000000000e+08
1.195732220000000000e+08
1.020149500000000000e+07
1.381804880000000000e+08
1.540691020000000000e+08
1.542195160000000000e+08
1.020178200000000000e+07
1.418224260000000000e+08
1.543831160000000000e+08
1.412493730000000000e+08
1.195839630000000000e+08
1.369538050000000000e+08
1.503860940000000000e+08
1.014834500000000000e+07
1.474521500000000000e+07
1.126946000000000000e+06
1.001164217000000000e+09
1.378343880000000000e+08
1.486762650000000000e+08
1.539919460000000000e+08
1.102311567000000000e+09
1.476712450000000000e+08
1.443162330000000000e+08
1.016426670000000000e+08
1.158618180000000000e+08
1.499702750000000000e+08
1.486756490000000000e+08
1.387572320000000000e+08
1.489146720000000000e+08
1.540703150000000000e+08
1.472413900000000000e+07
1.540103910000000000e+08
1.381831800000000000e+08
1.486568170000000000e+08
1.412043010000000000e+08
1.542051000000000000e+08
1.477595400000000000e+07
1.442941740000000000e+08
1.411587280000000000e+08
1.503269270000000000e+08
1.419164870000000000e+08
1.443101460000000000e+08
1.494706580000000000e+08
1.503845890000000000e+08
1.503425460000000000e+08
1.540920740000000000e+08
1.411594510000000000e+08
1.411768200000000000e+08
1.369456310000000000e+08
1.411511490000000000e+08
1.412647980000000000e+08
1.158690800000000000e+08
1.370028810000000000e+08
1.159096880000000000e+08
1.503182590000000000e+08
1.478036500000000000e+07
1.494961650000000000e+08
1.394189560000000000e+08
1.007468000000000000e+07
1.394253410000000000e+08
1.494950700000000000e+08
1.443342930000000000e+08
1.412018800000000000e+08
1.007493400000000000e+07
1.102311836000000000e+09
1.412775200000000000e+08
1.102210459000000000e+09
1.494963470000000000e+08
1.350854040000000000e+08
1.443043350000000000e+08
1.485490200000000000e+07
1.540908840000000000e+08
1.001575335000000000e+09
1.411792470000000000e+08
1.016243780000000000e+08
1.476280950000000000e+08
1.472247300000000000e+07
1.387636900000000000e+08
1.482501900000000000e+07
1.369900360000000000e+08
1.494931200000000000e+08
1.351012180000000000e+08
1.474349900000000000e+07
1.388006590000000000e+08
1.159195340000000000e+08
1.102455399000000000e+09
1.381815790000000000e+08
1.442944200000000000e+08
1.018433300000000000e+07
1.503263160000000000e+08
1.387739330000000000e+08
1.542222580000000000e+08
1.016431150000000000e+08
1.540674690000000000e+08
1.391163940000000000e+08
1.443275030000000000e+08
1.476265450000000000e+08
1.476246710000000000e+08
1.201247611000000000e+09
1.486716650000000000e+08
1.542207930000000000e+08
1.389109580000000000e+08
1.055784190000000000e+08
1.541643210000000000e+08
1.487646550000000000e+08
1.489657100000000000e+08
1.540129840000000000e+08
1.016239530000000000e+08
1.443513710000000000e+08
1.412662940000000000e+08
1.476702970000000000e+08
1.015221900000000000e+07
1.443528380000000000e+08
1.503181580000000000e+08
1.152191000000000000e+06
1.055110650000000000e+08
1.412500510000000000e+08
1.411776650000000000e+08
1.476240240000000000e+08
1.387655340000000000e+08
1.489634190000000000e+08
1.391239080000000000e+08
1.542710360000000000e+08
1.476866070000000000e+08
1.351013960000000000e+08
1.476431220000000000e+08
1.388946740000000000e+08
1.442958470000000000e+08
1.201189881000000000e+09
1.539904130000000000e+08
1.159104890000000000e+08
1.158612550000000000e+08
1.443730100000000000e+08
1.423221550000000000e+08
1.541257290000000000e+08
1.443036000000000000e+08
1.478064400000000000e+07
1.391181470000000000e+08
1.201360406000000000e+09
1.015210000000000000e+07
1.189430600000000000e+07
1.127189000000000000e+06
1.007487400000000000e+07
1.388614580000000000e+08
1.418200070000000000e+08
1.412469660000000000e+08
1.494727960000000000e+08
1.271325892000000000e+09
1.540666900000000000e+08
1.378412740000000000e+08
1.540883120000000000e+08
1.472576600000000000e+07
1.486783660000000000e+08
1.391242090000000000e+08
1.387704210000000000e+08
1.377766200000000000e+08
1.494861100000000000e+07
1.412084080000000000e+08
1.015249400000000000e+07
1.194183500000000000e+07
1.542200410000000000e+08
1.387381450000000000e+08
1.271265755000000000e+09
1.443853550000000000e+08
1.411599630000000000e+08
1.540095830000000000e+08
1.540941870000000000e+08
1.016720600000000000e+07
1.412500580000000000e+08
1.443837870000000000e+08
1.412472770000000000e+08
1.195715130000000000e+08
1.388499010000000000e+08
1.418166750000000000e+08
1.486745280000000000e+08
1.542203800000000000e+08
1.542040290000000000e+08
1.015233400000000000e+07
1.443795220000000000e+08
1.443101880000000000e+08
1.412667090000000000e+08
1.487639980000000000e+08
1.381826800000000000e+08
1.499700220000000000e+08
1.539704480000000000e+08
1.350847730000000000e+08
1.016436110000000000e+08
1.418168340000000000e+08
1.423190560000000000e+08
1.388229440000000000e+08
1.542225200000000000e+08
1.369979040000000000e+08
1.412487180000000000e+08
1.543591600000000000e+08
1.412495390000000000e+08
1.389080570000000000e+08
1.418719320000000000e+08
1.016441100000000000e+08
1.022093100000000000e+07
1.540082360000000000e+08
1.444008540000000000e+08
1.486797120000000000e+08
1.014910000000000000e+07
1.418609370000000000e+08
1.370050860000000000e+08
1.016247220000000000e+08
1.351021790000000000e+08
1.387626140000000000e+08
1.158605710000000000e+08
1.016601200000000000e+07
1.388191300000000000e+08
1.477139690000000000e+08
1.476819550000000000e+08
1.390621460000000000e+08
1.388207130000000000e+08
1.477372600000000000e+07
1.503266680000000000e+08
1.418216090000000000e+08
1.388609830000000000e+08
1.540116970000000000e+08
1.503846190000000000e+08
1.102509698000000000e+09
1.390339810000000000e+08
1.388202870000000000e+08
1.195750250000000000e+08
1.482834000000000000e+07
1.072886700000000000e+07
1.158618980000000000e+08
1.102346472000000000e+09
1.390335220000000000e+08
1.443096930000000000e+08
1.016418460000000000e+08
1.369483860000000000e+08
1.370247820000000000e+08
1.020238300000000000e+07
1.540874000000000000e+08
1.388970860000000000e+08
1.418204540000000000e+08
1.443765460000000000e+08
1.476259460000000000e+08
1.369460030000000000e+08
1.541815490000000000e+08
1.423489560000000000e+08
1.018330400000000000e+07
1.378333040000000000e+08
1.370042950000000000e+08
1.418181090000000000e+08
1.495041740000000000e+08
1.542042850000000000e+08
1.350722240000000000e+08
1.102630962000000000e+09
1.503861370000000000e+08
1.423025260000000000e+08
1.022074200000000000e+07
1.424132040000000000e+08
1.389342730000000000e+08
1.472171500000000000e+07
1.443280810000000000e+08
1.412018000000000000e+08
1.472187000000000000e+07
1.001278855000000000e+09
1.390537920000000000e+08
1.387741190000000000e+08
1.194113900000000000e+07
1.443119640000000000e+08
1.381819390000000000e+08
1.412069210000000000e+08
1.443029420000000000e+08
1.423845360000000000e+08
1.412667490000000000e+08
1.351020850000000000e+08
1.102418286000000000e+09
1.369547330000000000e+08
1.472180200000000000e+07
1.541254770000000000e+08
1.443999420000000000e+08
1.540870680000000000e+08
1.486816120000000000e+08
1.271099623000000000e+09
1.540700260000000000e+08
1.388202230000000000e+08
1.476275650000000000e+08
1.102292422000000000e+09
1.478026200000000000e+07
1.351017130000000000e+08
1.369971570000000000e+08
1.489617180000000000e+08
1.389581580000000000e+08
1.477991000000000000e+07
1.542564910000000000e+08
1.423214140000000000e+08
1.542186370000000000e+08
1.540089720000000000e+08
1.393025430000000000e+08
1.494932050000000000e+08
1.494707230000000000e+08
1.503884950000000000e+08
1.412672620000000000e+08
1.503871860000000000e+08
1.503887530000000000e+08
1.001045429000000000e+09
1.189489300000000000e+07
1.390535050000000000e+08
1.543583060000000000e+08
1.381725950000000000e+08
1.423941960000000000e+08
1.423825280000000000e+08
1.543843710000000000e+08
1.388604760000000000e+08
1.423497700000000000e+08
1.370205280000000000e+08
1.476703500000000000e+08
1.011144800000000000e+07
1.476806810000000000e+08
1.369536670000000000e+08
1.102582998000000000e+09
1.442963910000000000e+08
1.370047740000000000e+08
1.495040250000000000e+08
1.193968600000000000e+07
1.391170090000000000e+08
1.422772910000000000e+08
1.418632940000000000e+08
1.443796720000000000e+08
1.125308000000000000e+06
1.388989380000000000e+08
1.482505000000000000e+07
1.472345400000000000e+07
1.390514020000000000e+08
1.412038560000000000e+08
1.387641750000000000e+08
1.423175980000000000e+08
1.411591690000000000e+08
1.195589190000000000e+08
1.387784190000000000e+08
1.350904570000000000e+08
1.390864910000000000e+08
1.001405934000000000e+09
1.388197350000000000e+08
1.378089260000000000e+08
1.389079540000000000e+08
1.387805590000000000e+08
1.412023650000000000e+08
1.418152960000000000e+08
1.153194000000000000e+06
1.418767660000000000e+08
1.369992260000000000e+08
1.370212150000000000e+08
1.539745340000000000e+08
1.016239430000000000e+08
1.195590400000000000e+08
1.503870800000000000e+08
1.476417440000000000e+08
1.411763590000000000e+08
1.412464550000000000e+08
1.443521640000000000e+08
1.102311837000000000e+09
1.540088740000000000e+08
1.126701000000000000e+06
1.494726060000000000e+08
1.477377600000000000e+07
1.350896960000000000e+08
1.387641860000000000e+08
1.482784200000000000e+07
1.001200319000000000e+09
1.412088180000000000e+08
1.387554930000000000e+08
1.541242120000000000e+08
1.424127040000000000e+08
1.482347600000000000e+07
1.369536450000000000e+08
1.020149400000000000e+07
1.378438150000000000e+08
1.476706370000000000e+08
1.001379863000000000e+09
1.540677150000000000e+08
1.422762700000000000e+08
1.378104900000000000e+08
1.018533600000000000e+07
1.444000220000000000e+08
1.488953810000000000e+08
1.476704040000000000e+08
1.387109910000000000e+08
1.412055960000000000e+08
1.369464350000000000e+08
1.423954320000000000e+08
1.418188150000000000e+08
1.486832750000000000e+08
1.494851800000000000e+07
1.388025080000000000e+08
1.020196100000000000e+07
1.476715400000000000e+08
1.419155370000000000e+08
1.443046690000000000e+08
1.072945900000000000e+07
1.369522950000000000e+08
1.443327160000000000e+08
1.423725410000000000e+08
1.387726210000000000e+08
1.541260700000000000e+08
1.443282970000000000e+08
1.001100501000000000e+09
1.482870300000000000e+07
1.541252720000000000e+08
1.055111230000000000e+08
1.503631140000000000e+08
1.020269800000000000e+07
1.378089820000000000e+08
1.001115868000000000e+09
1.387651370000000000e+08
1.400714115000000000e+09
1.418719880000000000e+08
1.387362060000000000e+08
1.020167800000000000e+07
1.388212660000000000e+08
1.001264924000000000e+09
1.389100760000000000e+08
1.378345780000000000e+08
1.472281800000000000e+07
1.014867300000000000e+07
1.390698430000000000e+08
1.369531410000000000e+08
1.388484520000000000e+08
1.159094620000000000e+08
1.018502800000000000e+07
1.540921230000000000e+08
1.423195030000000000e+08
1.350887040000000000e+08
1.422770580000000000e+08
1.351035530000000000e+08
1.369965740000000000e+08
1.387287170000000000e+08
1.388614330000000000e+08
1.072938500000000000e+07
1.543820280000000000e+08
1.189105200000000000e+07
1.540871600000000000e+08
1.476434020000000000e+08
1.016448370000000000e+08
1.482406900000000000e+07
1.476734910000000000e+08
1.387794790000000000e+08
1.443106430000000000e+08
1.271268578000000000e+09
1.423815320000000000e+08
1.443327110000000000e+08
1.444057090000000000e+08
1.158913800000000000e+08
1.102143084000000000e+09
1.190739200000000000e+07
1.193989000000000000e+07
1.389084260000000000e+08
1.412031360000000000e+08
1.390507810000000000e+08
1.487198410000000000e+08
1.486566590000000000e+08
1.350839290000000000e+08
1.423958350000000000e+08
1.486800020000000000e+08
1.494726080000000000e+08
1.389580500000000000e+08
1.369491820000000000e+08
1.489158550000000000e+08
1.423179000000000000e+08
1.005710500000000000e+07
1.411797550000000000e+08
1.411489440000000000e+08
1.423074900000000000e+08
1.443816080000000000e+08
1.494970150000000000e+08
1.423827790000000000e+08
1.423730580000000000e+08
1.350999090000000000e+08
1.477655100000000000e+07
1.540672100000000000e+08
1.486764760000000000e+08
1.476238100000000000e+08
1.442836890000000000e+08
1.487637510000000000e+08
1.389103820000000000e+08
1.390881060000000000e+08
1.412650170000000000e+08
1.195736020000000000e+08
1.503876440000000000e+08
1.482694800000000000e+07
1.539907850000000000e+08
1.489639630000000000e+08
1.539720820000000000e+08
1.201218607000000000e+09
1.388019050000000000e+08
1.477316400000000000e+07
1.474368100000000000e+07
1.494964660000000000e+08
1.389084130000000000e+08
1.370203640000000000e+08
1.387789740000000000e+08
1.411500390000000000e+08
1.387383540000000000e+08
1.412656930000000000e+08
1.489311920000000000e+08
1.423729060000000000e+08
1.477680000000000000e+07
1.055780540000000000e+08
1.489616220000000000e+08
1.542059520000000000e+08
1.369494890000000000e+08
1.388011110000000000e+08
1.391174710000000000e+08
1.476858200000000000e+08
1.390528240000000000e+08
1.369967750000000000e+08
1.418649530000000000e+08
1.543595230000000000e+08
1.423868210000000000e+08
1.541072310000000000e+08
1.418170170000000000e+08
1.418758720000000000e+08
1.423849260000000000e+08
1.387570960000000000e+08
1.489698930000000000e+08
1.394245910000000000e+08
1.389346020000000000e+08
1.381719620000000000e+08
1.494828400000000000e+07
1.486788960000000000e+08
1.016243850000000000e+08
1.020099700000000000e+07
1.486569720000000000e+08
1.152358000000000000e+06
1.400921376000000000e+09
1.539759680000000000e+08
1.388227550000000000e+08
1.388977380000000000e+08
1.074747300000000000e+07
1.482417100000000000e+07
1.477479900000000000e+07
1.443117490000000000e+08
1.389577300000000000e+08
1.369962930000000000e+08
1.369954210000000000e+08
1.442833140000000000e+08
1.351012970000000000e+08
1.412466280000000000e+08
1.422770180000000000e+08
1.153082000000000000e+06
1.476257650000000000e+08
1.158915920000000000e+08
1.388192930000000000e+08
1.387703000000000000e+08
1.195724870000000000e+08
1.351420380000000000e+08
1.378350680000000000e+08
1.014814200000000000e+07
1.412499670000000000e+08
1.541639540000000000e+08
1.378418030000000000e+08
1.486784470000000000e+08
1.411602900000000000e+08
1.412773410000000000e+08
1.423217130000000000e+08
1.542583620000000000e+08
1.503638180000000000e+08
1.443032440000000000e+08
1.472274600000000000e+07
1.391169960000000000e+08
1.443273730000000000e+08
1.443801190000000000e+08
1.443797410000000000e+08
1.369549620000000000e+08
1.389571620000000000e+08
1.369922780000000000e+08
1.378015290000000000e+08
1.377322500000000000e+08
1.158617490000000000e+08
1.412483290000000000e+08
1.443742710000000000e+08
1.418152750000000000e+08
1.400989060000000000e+09
1.540908770000000000e+08
1.351033410000000000e+08
1.015017400000000000e+07
1.001545355000000000e+09
1.159204380000000000e+08
1.350834440000000000e+08
1.193930200000000000e+07
1.390621890000000000e+08
1.443113530000000000e+08
1.120848000000000000e+06
1.422766230000000000e+08
1.387808970000000000e+08
1.388957600000000000e+08
1.378427500000000000e+08
1.387798300000000000e+08
1.195757310000000000e+08
1.390702070000000000e+08
1.016422350000000000e+08
1.423080040000000000e+08
1.158687010000000000e+08
1.423030680000000000e+08
1.390639250000000000e+08
1.540688680000000000e+08
1.443810280000000000e+08
1.487663160000000000e+08
1.391162950000000000e+08
1.541076250000000000e+08
1.539777030000000000e+08
1.486731150000000000e+08
1.476736990000000000e+08
1.388239010000000000e+08
1.543849410000000000e+08
1.411786110000000000e+08
1.539901740000000000e+08
1.387621000000000000e+08
1.102452862000000000e+09
1.539918510000000000e+08
1.195728230000000000e+08
1.370258460000000000e+08
1.542226710000000000e+08
1.001285596000000000e+09
1.444043500000000000e+08
1.007557100000000000e+07
1.486760080000000000e+08
1.412663520000000000e+08
1.189165600000000000e+07
1.472560300000000000e+07
1.369466590000000000e+08
1.412489630000000000e+08
1.411602860000000000e+08
1.503868740000000000e+08
1.476813060000000000e+08
1.423835960000000000e+08
1.391233670000000000e+08
1.472505100000000000e+07
1.369925640000000000e+08
1.377766610000000000e+08
1.391242990000000000e+08
1.369535710000000000e+08
1.201200652000000000e+09
1.412463070000000000e+08
1.369497570000000000e+08
1.389065100000000000e+08
1.543842850000000000e+08
1.418745520000000000e+08
1.411592260000000000e+08
1.369530990000000000e+08
1.401045351000000000e+09
1.370246030000000000e+08
1.271314855000000000e+09
1.378437540000000000e+08
1.387305920000000000e+08
1.422771510000000000e+08
1.001491819000000000e+09
1.412752570000000000e+08
1.369901210000000000e+08
1.412670500000000000e+08
1.370197100000000000e+08
1.411754410000000000e+08
1.389069650000000000e+08
1.476859670000000000e+08
1.390935040000000000e+08
1.390533800000000000e+08
1.418765760000000000e+08
1.351010640000000000e+08
1.369483230000000000e+08
1.369511480000000000e+08
1.201228157000000000e+09
1.378089050000000000e+08
1.369934290000000000e+08
1.400934613000000000e+09
1.021945700000000000e+07
1.411755650000000000e+08
1.486725700000000000e+08
1.503422120000000000e+08
1.489671520000000000e+08
1.102591398000000000e+09
1.486758510000000000e+08
1.412474640000000000e+08
1.472637000000000000e+07
1.423214150000000000e+08
1.472485700000000000e+07
1.539908550000000000e+08
1.020159400000000000e+07
1.158702640000000000e+08
1.542177950000000000e+08
1.387639170000000000e+08
1.016707400000000000e+07
1.390703980000000000e+08
1.370214180000000000e+08
1.381824800000000000e+08
1.418598510000000000e+08
1.411507590000000000e+08
1.411590600000000000e+08
1.152443000000000000e+06
1.387380550000000000e+08
1.543584040000000000e+08
1.102395903000000000e+09
1.542201800000000000e+08
1.540143800000000000e+08
1.542216980000000000e+08
1.390871970000000000e+08
1.190698300000000000e+07
1.476423450000000000e+08
1.418606610000000000e+08
1.350738170000000000e+08
1.486740220000000000e+08
1.444009430000000000e+08
1.387638410000000000e+08
1.418729300000000000e+08
1.350726440000000000e+08
1.381811880000000000e+08
1.390641250000000000e+08
1.423818470000000000e+08
1.159201190000000000e+08
1.489629670000000000e+08
1.190878600000000000e+07
1.190718200000000000e+07
1.539730570000000000e+08
1.494726570000000000e+08
1.005720400000000000e+07
1.418215180000000000e+08
1.369474710000000000e+08
1.391187210000000000e+08
1.503859680000000000e+08
1.394246970000000000e+08
1.369505980000000000e+08
1.489609920000000000e+08
1.540711180000000000e+08
1.444001860000000000e+08
1.424142090000000000e+08
1.540088220000000000e+08
1.412025610000000000e+08
1.486830170000000000e+08
1.489616990000000000e+08
1.539895520000000000e+08
1.055113330000000000e+08
1.011178100000000000e+07
1.541822080000000000e+08
1.018492900000000000e+07
1.503633040000000000e+08
1.482658600000000000e+07
1.388008220000000000e+08
1.412015810000000000e+08
1.055112170000000000e+08
1.486734330000000000e+08
1.016410850000000000e+08
1.007561400000000000e+07
1.016421900000000000e+08
1.486832240000000000e+08
1.412036640000000000e+08
1.418151060000000000e+08
1.489161770000000000e+08
1.369996110000000000e+08
1.412500100000000000e+08
1.195844120000000000e+08
1.350898570000000000e+08
1.378343090000000000e+08
1.378021610000000000e+08
1.540940970000000000e+08
1.418614960000000000e+08
1.503621590000000000e+08
1.015453700000000000e+07
1.494711170000000000e+08
1.370247520000000000e+08
1.476441680000000000e+08
1.022090500000000000e+07
1.391164090000000000e+08
1.412500590000000000e+08
1.540668060000000000e+08
1.540699740000000000e+08
1.389739330000000000e+08
1.391115130000000000e+08
1.443037810000000000e+08
1.387809340000000000e+08
1.444009710000000000e+08
1.074790800000000000e+07
1.390532980000000000e+08
1.418205440000000000e+08
1.422772060000000000e+08
1.443105390000000000e+08
1.390617110000000000e+08
1.543594240000000000e+08
1.423175560000000000e+08
1.423491640000000000e+08
1.378298260000000000e+08
1.390610670000000000e+08
1.482602700000000000e+07
1.542237000000000000e+08
1.423076560000000000e+08
1.489688730000000000e+08
1.542213930000000000e+08
1.391169160000000000e+08
1.026596400000000000e+07
1.443758120000000000e+08
1.503849990000000000e+08
1.412092320000000000e+08
1.271359291000000000e+09
1.381829490000000000e+08
1.350868480000000000e+08
1.418609360000000000e+08
1.540109790000000000e+08
1.540918480000000000e+08
1.418608690000000000e+08
1.389083460000000000e+08
1.412061080000000000e+08
1.378354230000000000e+08
1.021941000000000000e+07
1.350885210000000000e+08
1.055116440000000000e+08
1.391107490000000000e+08
1.411760870000000000e+08
1.377979040000000000e+08
1.126556000000000000e+06
1.158706420000000000e+08
1.542197470000000000e+08
1.001242660000000000e+09
1.503442300000000000e+08
1.378108500000000000e+08
1.412667730000000000e+08
1.020089700000000000e+07
1.539774390000000000e+08
1.476422850000000000e+08
1.503260750000000000e+08
1.443037570000000000e+08
1.378028640000000000e+08
1.011327800000000000e+07
1.418184780000000000e+08
1.539745810000000000e+08
1.503431810000000000e+08
1.482814000000000000e+07
1.418198640000000000e+08
1.443853540000000000e+08
1.390606200000000000e+08
1.503251120000000000e+08
1.542191670000000000e+08
1.390698200000000000e+08
1.401023908000000000e+09
1.020103500000000000e+07
1.411495090000000000e+08
1.477739100000000000e+07
1.387617400000000000e+08
1.378035520000000000e+08
1.477428400000000000e+07
1.412467850000000000e+08
1.369926900000000000e+08
1.423078620000000000e+08
1.542572480000000000e+08
1.489090830000000000e+08
1.540930710000000000e+08
1.400801643000000000e+09
1.350864330000000000e+08
1.503848190000000000e+08
1.482864400000000000e+07
1.378095500000000000e+08
1.378344920000000000e+08
1.350885820000000000e+08
1.539897210000000000e+08
1.387560030000000000e+08
1.540128770000000000e+08
1.159196590000000000e+08
1.477815900000000000e+07
1.016413030000000000e+08
1.055116360000000000e+08
1.195719690000000000e+08
1.387725840000000000e+08
1.423733620000000000e+08
1.389764380000000000e+08
1.443512850000000000e+08
1.390871010000000000e+08
1.542044400000000000e+08
1.472634500000000000e+07
1.388493550000000000e+08
1.014873400000000000e+07
1.487669690000000000e+08
1.423176480000000000e+08
1.390528750000000000e+08
1.102503442000000000e+09
1.055115260000000000e+08
1.158700190000000000e+08
1.378354560000000000e+08
1.387556670000000000e+08
1.389079450000000000e+08
1.377766280000000000e+08
1.503886380000000000e+08
1.443525680000000000e+08
1.158695040000000000e+08
1.350845330000000000e+08
1.387725830000000000e+08
1.543832160000000000e+08
1.476817520000000000e+08
1.476436830000000000e+08
1.390602480000000000e+08
1.472441700000000000e+07
1.005723800000000000e+07
1.442944210000000000e+08
1.486787730000000000e+08
1.541807550000000000e+08
1.388479360000000000e+08
1.189132600000000000e+07
1.389753780000000000e+08
1.388496170000000000e+08
1.020268000000000000e+07
1.412662430000000000e+08
1.388975540000000000e+08
1.387728040000000000e+08
1.540699060000000000e+08
1.350909100000000000e+08
1.159196220000000000e+08
1.540867430000000000e+08
1.494937730000000000e+08
1.423818070000000000e+08
1.001195877000000000e+09
1.472587700000000000e+07
1.378309280000000000e+08
1.423074170000000000e+08
1.015007300000000000e+07
1.015316600000000000e+07
1.411774500000000000e+08
1.189498300000000000e+07
1.387558260000000000e+08
1.543594870000000000e+08
1.486715730000000000e+08
