1.444261070000000000e+08
1.536558500000000000e+07
1.411870820000000000e+08
1.421751230000000000e+08
1.496290830000000000e+08
1.405993770000000000e+08
1.414107890000000000e+08
1.393694360000000000e+08
1.422607760000000000e+08
1.502746320000000000e+08
1.448212230000000000e+08
1.502496790000000000e+08
1.311200150000000000e+08
1.503246560000000000e+08
1.023093870000000000e+08
1.241735870000000000e+08
1.469428820000000000e+08
1.420868130000000000e+08
1.350251980000000000e+08
1.422649710000000000e+08
1.419457500000000000e+08
1.418226250000000000e+08
1.071130980000000000e+08
1.028406490000000000e+08
1.418093590000000000e+08
1.307229560000000000e+08
1.036944560000000000e+08
1.413345550000000000e+08
1.244061960000000000e+08
1.449205340000000000e+08
1.039436020000000000e+08
1.474167250000000000e+08
1.421087460000000000e+08
1.517689480000000000e+08
1.445731370000000000e+08
1.491217280000000000e+08
1.503912260000000000e+08
1.472809330000000000e+08
1.353501670000000000e+08
1.466635930000000000e+08
1.352553730000000000e+08
1.521733040000000000e+08
1.412788100000000000e+08
1.348713740000000000e+08
1.503199030000000000e+08
1.518238070000000000e+08
1.525650740000000000e+08
1.518300320000000000e+08
1.419351960000000000e+08
1.499705990000000000e+08
1.502746490000000000e+08
1.039139770000000000e+08
1.408316710000000000e+08
1.499309460000000000e+08
1.311150040000000000e+08
1.021719250000000000e+08
1.502984330000000000e+08
1.503215120000000000e+08
1.416868040000000000e+08
1.017317080000000000e+08
1.500288330000000000e+08
1.411275430000000000e+08
1.503937960000000000e+08
1.068856420000000000e+08
1.418086750000000000e+08
1.420856180000000000e+08
1.311390360000000000e+08
1.422129800000000000e+08
1.243044770000000000e+08
1.449533120000000000e+08
1.444540940000000000e+08
1.406310500000000000e+08
1.242344460000000000e+08
1.410964920000000000e+08
1.411529270000000000e+08
1.503919880000000000e+08
1.038635340000000000e+08
1.423761810000000000e+08
1.408915970000000000e+08
1.409685430000000000e+08
1.501407230000000000e+08
1.416853430000000000e+08
1.350448300000000000e+08
1.421449690000000000e+08
1.502714200000000000e+08
1.197182690000000000e+08
1.423126350000000000e+08
1.352549990000000000e+08
1.524642280000000000e+08
1.499309480000000000e+08
1.491202760000000000e+08
1.419759260000000000e+08
1.405121260000000000e+08
1.351440810000000000e+08
1.328232720000000000e+08
1.491210860000000000e+08
1.500990790000000000e+08
1.503579350000000000e+08
1.421105360000000000e+08
1.502497280000000000e+08
1.500316240000000000e+08
1.503581700000000000e+08
1.408985750000000000e+08
1.499709480000000000e+08
1.344200810000000000e+08
1.026284740000000000e+08
1.464307690000000000e+08
1.406591720000000000e+08
1.420145030000000000e+08
1.410289660000000000e+08
1.312349930000000000e+08
1.419777950000000000e+08
1.448456890000000000e+08
1.494755590000000000e+08
1.449149370000000000e+08
1.519193420000000000e+08
1.415436200000000000e+08
1.421449150000000000e+08
1.503204560000000000e+08
1.444263410000000000e+08
1.351467790000000000e+08
1.409388020000000000e+08
1.448241150000000000e+08
1.501507340000000000e+08
1.066350850000000000e+08
1.523681750000000000e+08
1.523674660000000000e+08
1.474662570000000000e+08
1.416218850000000000e+08
1.334987850000000000e+08
1.493913350000000000e+08
1.023048840000000000e+08
1.066123660000000000e+08
1.505131940000000000e+08
1.466471400000000000e+07
1.448447690000000000e+08
1.516831640000000000e+08
1.416251590000000000e+08
1.495396210000000000e+08
1.414715220000000000e+08
1.414112010000000000e+08
1.520256980000000000e+08
1.420635310000000000e+08
1.526656170000000000e+08
1.446762420000000000e+08
1.020768700000000000e+08
1.503001900000000000e+08
1.223260710000000000e+08
1.499306560000000000e+08
1.419129030000000000e+08
1.496287950000000000e+08
1.491759360000000000e+08
1.423142360000000000e+08
1.466021700000000000e+07
1.309467050000000000e+08
1.017281770000000000e+08
1.423765360000000000e+08
1.441549610000000000e+08
1.473446160000000000e+08
1.463743180000000000e+08
1.500295020000000000e+08
1.354359870000000000e+08
1.500302500000000000e+08
1.473444880000000000e+08
1.308472210000000000e+08
1.351487460000000000e+08
1.503896030000000000e+08
1.476174190000000000e+08
1.069898570000000000e+08
1.420055340000000000e+08
1.347166820000000000e+08
1.349571950000000000e+08
1.039196500000000000e+08
1.348718300000000000e+08
1.309425940000000000e+08
1.414236340000000000e+08
1.038648290000000000e+08
1.493028250000000000e+08
1.473457690000000000e+08
1.492165510000000000e+08
1.442897340000000000e+08
1.348336520000000000e+08
1.504287030000000000e+08
1.242050370000000000e+08
1.499337760000000000e+08
1.494242640000000000e+08
1.034150520000000000e+08
1.353165890000000000e+08
1.502698560000000000e+08
1.503936230000000000e+08
1.405284110000000000e+08
1.016904100000000000e+08
1.450107290000000000e+08
1.493918780000000000e+08
1.504418000000000000e+08
1.414794120000000000e+08
1.516397950000000000e+08
1.069886780000000000e+08
1.495761480000000000e+08
1.023128120000000000e+08
1.414246430000000000e+08
1.495727200000000000e+08
1.468336500000000000e+07
1.070178540000000000e+08
1.523172380000000000e+08
1.418100800000000000e+08
1.414233710000000000e+08
1.421716850000000000e+08
1.500625270000000000e+08
1.308681000000000000e+08
1.307228350000000000e+08
1.070114430000000000e+08
1.310815890000000000e+08
1.445706300000000000e+08
1.421562100000000000e+08
1.348682330000000000e+08
1.504300440000000000e+08
1.474622890000000000e+08
1.352254070000000000e+08
1.476598610000000000e+08
1.021934940000000000e+08
1.474634180000000000e+08
1.070200090000000000e+08
1.307075190000000000e+08
1.245676940000000000e+08
1.416829210000000000e+08
1.040221910000000000e+08
1.504318390000000000e+08
1.443718900000000000e+08
1.449549020000000000e+08
1.421731060000000000e+08
1.308459340000000000e+08
1.307232000000000000e+08
1.517690800000000000e+08
1.245691770000000000e+08
1.494231030000000000e+08
1.499763950000000000e+08
1.490373740000000000e+08
1.420860910000000000e+08
1.408018980000000000e+08
1.493910100000000000e+08
1.494729150000000000e+08
1.422796360000000000e+08
1.494452580000000000e+08
1.307312340000000000e+08
1.307878990000000000e+08
1.035749560000000000e+08
1.309839250000000000e+08
1.465995000000000000e+07
1.411877190000000000e+08
1.031814040000000000e+08
1.420186970000000000e+08
1.518269300000000000e+08
1.245329630000000000e+08
1.416079720000000000e+08
1.504306160000000000e+08
1.419346180000000000e+08
1.496642540000000000e+08
1.420824670000000000e+08
1.491268060000000000e+08
1.362167510000000000e+08
1.405795370000000000e+08
1.245285780000000000e+08
1.406922470000000000e+08
1.462747440000000000e+08
1.503618030000000000e+08
1.406896530000000000e+08
1.519595570000000000e+08
1.493464180000000000e+08
1.352278580000000000e+08
1.310423490000000000e+08
1.466266900000000000e+07
1.446747180000000000e+08
1.420643540000000000e+08
1.503574240000000000e+08
1.419124690000000000e+08
1.499881040000000000e+08
1.421089490000000000e+08
1.110127020000000000e+08
1.496301600000000000e+08
1.406629080000000000e+08
1.449158460000000000e+08
1.420843060000000000e+08
1.420175090000000000e+08
1.419078890000000000e+08
1.418652010000000000e+08
1.407977860000000000e+08
1.420541590000000000e+08
1.374218890000000000e+08
1.109761680000000000e+08
1.017744020000000000e+08
1.447908660000000000e+08
1.412788880000000000e+08
1.243080440000000000e+08
1.409964210000000000e+08
1.493484200000000000e+08
1.310802350000000000e+08
1.500288060000000000e+08
1.504422640000000000e+08
1.466027780000000000e+08
1.417694340000000000e+08
1.443701160000000000e+08
1.445672920000000000e+08
1.503617680000000000e+08
1.416112760000000000e+08
1.503950610000000000e+08
1.352443380000000000e+08
1.423914770000000000e+08
1.067571320000000000e+08
1.447260550000000000e+08
1.018162260000000000e+08
1.494220960000000000e+08
1.445687500000000000e+08
1.069871800000000000e+08
1.311948300000000000e+08
1.415437440000000000e+08
1.310018070000000000e+08
1.499316030000000000e+08
1.494788460000000000e+08
1.418697240000000000e+08
1.414132190000000000e+08
1.021768380000000000e+08
1.419439410000000000e+08
1.492183350000000000e+08
1.353136690000000000e+08
1.308649060000000000e+08
1.241021830000000000e+08
1.416100500000000000e+08
1.246200510000000000e+08
1.240780450000000000e+08
1.405291990000000000e+08
1.494234330000000000e+08
1.110150780000000000e+08
1.417680400000000000e+08
1.326438340000000000e+08
1.308442570000000000e+08
1.421077590000000000e+08
1.329123490000000000e+08
1.503569670000000000e+08
1.016467000000000000e+08
1.501912580000000000e+08
1.472772300000000000e+08
1.411210800000000000e+08
1.503897600000000000e+08
1.310651230000000000e+08
1.244026930000000000e+08
1.442255400000000000e+08
1.447847550000000000e+08
1.446600950000000000e+08
1.242361120000000000e+08
1.405295550000000000e+08
1.243354150000000000e+08
1.504408600000000000e+08
1.405980470000000000e+08
1.330441230000000000e+08
1.466235700000000000e+07
1.500298130000000000e+08
1.421400580000000000e+08
1.036299050000000000e+08
1.348157340000000000e+08
1.416211580000000000e+08
1.491260600000000000e+08
1.505138240000000000e+08
1.409404930000000000e+08
1.420398240000000000e+08
1.416834010000000000e+08
1.493907100000000000e+08
1.520581220000000000e+08
1.492168640000000000e+08
1.475660970000000000e+08
1.066342890000000000e+08
1.450059990000000000e+08
1.414358180000000000e+08
1.419082440000000000e+08
1.519361230000000000e+08
1.408283330000000000e+08
1.241719230000000000e+08
1.246034450000000000e+08
1.246152650000000000e+08
1.416256050000000000e+08
1.442195080000000000e+08
1.414856600000000000e+08
1.243352870000000000e+08
1.406638850000000000e+08
1.500995110000000000e+08
1.351652090000000000e+08
1.420521870000000000e+08
1.413347930000000000e+08
1.503196390000000000e+08
1.311155620000000000e+08
1.493906480000000000e+08
1.520612440000000000e+08
1.504399890000000000e+08
1.491549270000000000e+08
1.423767820000000000e+08
1.422633020000000000e+08
1.352263240000000000e+08
1.416864550000000000e+08
1.416266340000000000e+08
1.307317690000000000e+08
1.411876250000000000e+08
1.499732810000000000e+08
1.499735260000000000e+08
1.374300890000000000e+08
1.354232760000000000e+08
1.492165320000000000e+08
1.244522250000000000e+08
1.420942230000000000e+08
1.495391010000000000e+08
1.494975790000000000e+08
1.423135610000000000e+08
1.348710400000000000e+08
1.501656570000000000e+08
1.335030070000000000e+08
1.246600400000000000e+08
1.503247870000000000e+08
1.474633760000000000e+08
1.349777200000000000e+08
1.039546460000000000e+08
1.418230410000000000e+08
1.418117560000000000e+08
1.317324410000000000e+08
1.476675520000000000e+08
1.450556900000000000e+08
1.491057640000000000e+08
1.313096980000000000e+08
1.347579910000000000e+08
1.458888340000000000e+08
1.500635800000000000e+08
1.495384800000000000e+08
1.067328690000000000e+08
1.503898130000000000e+08
1.423915420000000000e+08
1.405120850000000000e+08
1.348737120000000000e+08
1.039565750000000000e+08
1.499718280000000000e+08
1.419711590000000000e+08
1.492194960000000000e+08
1.502724470000000000e+08
1.464883460000000000e+08
1.525679950000000000e+08
1.504281350000000000e+08
1.537388200000000000e+07
1.419397560000000000e+08
1.494981980000000000e+08
1.309270190000000000e+08
1.417542910000000000e+08
1.071395040000000000e+08
1.494220870000000000e+08
1.016860670000000000e+08
1.035550940000000000e+08
1.419143170000000000e+08
1.423906960000000000e+08
1.446576490000000000e+08
1.450924020000000000e+08
1.417085460000000000e+08
1.354258340000000000e+08
1.321637430000000000e+08
1.500633030000000000e+08
1.068114030000000000e+08
1.350955320000000000e+08
1.491753960000000000e+08
1.516850740000000000e+08
1.499300840000000000e+08
1.503917400000000000e+08
1.408923730000000000e+08
1.311349810000000000e+08
1.496006390000000000e+08
1.494744940000000000e+08
1.503933020000000000e+08
1.399012550000000000e+08
1.444486430000000000e+08
1.039173960000000000e+08
1.241739750000000000e+08
1.413335730000000000e+08
1.490599540000000000e+08
1.420184640000000000e+08
1.420582360000000000e+08
1.517690400000000000e+08
1.309794880000000000e+08
1.323065480000000000e+08
1.241728430000000000e+08
1.417661440000000000e+08
1.493472960000000000e+08
1.441815080000000000e+08
1.501454380000000000e+08
1.324825890000000000e+08
1.414840550000000000e+08
1.517668790000000000e+08
1.309796160000000000e+08
1.023044780000000000e+08
1.018015820000000000e+08
1.334323460000000000e+08
1.420161190000000000e+08
1.464304260000000000e+08
1.245733400000000000e+08
1.022156410000000000e+08
1.493479920000000000e+08
1.421581520000000000e+08
1.521131990000000000e+08
1.038590670000000000e+08
1.491553600000000000e+08
1.411871260000000000e+08
1.038335090000000000e+08
1.406320370000000000e+08
1.420816740000000000e+08
1.444881910000000000e+08
1.064977400000000000e+08
1.408308740000000000e+08
1.500671040000000000e+08
1.501905240000000000e+08
1.412821360000000000e+08
1.516371950000000000e+08
1.351636040000000000e+08
1.490605860000000000e+08
1.409985220000000000e+08
1.244228320000000000e+08
1.449115490000000000e+08
1.245159500000000000e+08
1.218000940000000000e+08
1.496310350000000000e+08
1.422791510000000000e+08
1.520617080000000000e+08
1.442267260000000000e+08
1.039577260000000000e+08
1.519372820000000000e+08
1.416808370000000000e+08
1.503569030000000000e+08
1.491268100000000000e+08
1.493490370000000000e+08
1.244263770000000000e+08
1.418676270000000000e+08
1.520616570000000000e+08
1.448265740000000000e+08
1.414358160000000000e+08
1.503605510000000000e+08
1.347225800000000000e+08
1.520615400000000000e+08
1.350489810000000000e+08
1.442235970000000000e+08
1.493481010000000000e+08
1.406922800000000000e+08
1.420969760000000000e+08
1.071459260000000000e+08
1.524826210000000000e+08
1.414813110000000000e+08
1.207233950000000000e+08
1.024166840000000000e+08
1.031033910000000000e+08
1.445726790000000000e+08
1.502470390000000000e+08
1.523957480000000000e+08
1.505132760000000000e+08
1.349567150000000000e+08
1.347576500000000000e+08
1.023075160000000000e+08
1.309811030000000000e+08
1.525666970000000000e+08
1.503589910000000000e+08
1.420851920000000000e+08
1.312393340000000000e+08
1.416106610000000000e+08
1.503248410000000000e+08
1.414234160000000000e+08
1.418112610000000000e+08
1.329148370000000000e+08
1.351792770000000000e+08
1.503919080000000000e+08
1.311380090000000000e+08
1.036807460000000000e+08
1.499762760000000000e+08
1.472087020000000000e+08
1.353699820000000000e+08
1.347614440000000000e+08
1.442893380000000000e+08
1.353710830000000000e+08
1.421771870000000000e+08
1.525125840000000000e+08
1.441557160000000000e+08
1.307192870000000000e+08
1.420856490000000000e+08
1.500646950000000000e+08
1.420826420000000000e+08
1.520211210000000000e+08
1.447202830000000000e+08
1.492531400000000000e+08
1.494445630000000000e+08
1.420528260000000000e+08
1.490367580000000000e+08
1.495417770000000000e+08
1.419134870000000000e+08
1.523144030000000000e+08
1.422123150000000000e+08
1.405959530000000000e+08
1.414849810000000000e+08
1.422640880000000000e+08
1.406623050000000000e+08
1.065282860000000000e+08
1.523935860000000000e+08
1.474618160000000000e+08
1.503898530000000000e+08
1.493504470000000000e+08
1.416238660000000000e+08
1.035766330000000000e+08
1.421725560000000000e+08
1.353690800000000000e+08
1.503598920000000000e+08
1.416280190000000000e+08
1.070180490000000000e+08
1.069884130000000000e+08
1.242056900000000000e+08
1.036263590000000000e+08
1.409716660000000000e+08
1.408280630000000000e+08
1.017303630000000000e+08
1.310390210000000000e+08
1.499765350000000000e+08
1.499899540000000000e+08
1.405804970000000000e+08
1.021897180000000000e+08
1.441558970000000000e+08
1.405794300000000000e+08
1.502985730000000000e+08
1.442873980000000000e+08
1.495400130000000000e+08
1.500987770000000000e+08
1.419094440000000000e+08
1.492191450000000000e+08
1.448220450000000000e+08
1.493033100000000000e+08
1.525696220000000000e+08
1.496035240000000000e+08
1.417706090000000000e+08
1.354241560000000000e+08
1.504380410000000000e+08
1.324807010000000000e+08
1.308268810000000000e+08
1.406593500000000000e+08
1.021749120000000000e+08
1.333231680000000000e+08
1.354308300000000000e+08
1.310423630000000000e+08
1.405982250000000000e+08
1.309429680000000000e+08
1.422661590000000000e+08
1.406001470000000000e+08
1.355079830000000000e+08
1.308435070000000000e+08
1.350468020000000000e+08
1.491027280000000000e+08
1.309466370000000000e+08
1.309802990000000000e+08
1.421580920000000000e+08
1.503896690000000000e+08
1.347300120000000000e+08
1.182602740000000000e+08
1.419710460000000000e+08
1.491267960000000000e+08
1.309450540000000000e+08
1.421051050000000000e+08
1.038641900000000000e+08
1.414791740000000000e+08
1.502983260000000000e+08
1.492193760000000000e+08
1.246205940000000000e+08
1.500628830000000000e+08
1.069882460000000000e+08
1.347630990000000000e+08
1.244014110000000000e+08
1.419684030000000000e+08
1.017712830000000000e+08
1.411546380000000000e+08
1.242845440000000000e+08
1.221891020000000000e+08
1.310036970000000000e+08
1.411851420000000000e+08
1.311936590000000000e+08
1.023098380000000000e+08
1.472805570000000000e+08
1.496657550000000000e+08
1.419102910000000000e+08
1.407974640000000000e+08
1.419437230000000000e+08
1.420028440000000000e+08
1.352256620000000000e+08
1.499134190000000000e+08
1.504370650000000000e+08
1.496014510000000000e+08
1.410297870000000000e+08
1.471882380000000000e+08
1.470253340000000000e+08
1.503023980000000000e+08
1.505135910000000000e+08
1.495395520000000000e+08
1.499881200000000000e+08
1.308260310000000000e+08
1.349740550000000000e+08
1.501066010000000000e+08
1.419756200000000000e+08
1.447240830000000000e+08
1.416246590000000000e+08
1.521153880000000000e+08
1.419796960000000000e+08
1.411534720000000000e+08
1.409983370000000000e+08
1.350938480000000000e+08
1.442217160000000000e+08
1.494783610000000000e+08
1.503229910000000000e+08
1.503600850000000000e+08
1.450066830000000000e+08
1.038596720000000000e+08
1.220919540000000000e+08
1.500296710000000000e+08
1.071128880000000000e+08
1.444926630000000000e+08
1.450056180000000000e+08
1.502726460000000000e+08
1.411529310000000000e+08
1.420148310000000000e+08
1.420175870000000000e+08
1.242383900000000000e+08
1.504294810000000000e+08
1.494231520000000000e+08
1.421431150000000000e+08
1.499900980000000000e+08
1.410247240000000000e+08
1.491612000000000000e+08
1.525994210000000000e+08
1.070198460000000000e+08
1.496290430000000000e+08
1.494979930000000000e+08
1.500988600000000000e+08
1.412815260000000000e+08
1.521472320000000000e+08
1.490402340000000000e+08
1.405774060000000000e+08
1.243384950000000000e+08
1.449501060000000000e+08
1.311381160000000000e+08
1.066105080000000000e+08
1.355069350000000000e+08
1.420577190000000000e+08
1.503617370000000000e+08
1.066117290000000000e+08
1.246599330000000000e+08
1.447206900000000000e+08
1.503208910000000000e+08
1.450150210000000000e+08
1.246953730000000000e+08
1.219519440000000000e+08
1.476596710000000000e+08
1.421441620000000000e+08
1.018018940000000000e+08
1.464943040000000000e+08
1.208568110000000000e+08
1.418097290000000000e+08
1.418081690000000000e+08
1.502965600000000000e+08
1.443742410000000000e+08
1.496258120000000000e+08
1.406630570000000000e+08
1.038595470000000000e+08
1.405761740000000000e+08
1.503925840000000000e+08
1.421455340000000000e+08
1.495029500000000000e+08
1.350455350000000000e+08
1.416252740000000000e+08
1.184132090000000000e+08
1.418229080000000000e+08
1.504298070000000000e+08
1.311189090000000000e+08
1.492487930000000000e+08
1.519581220000000000e+08
1.519354470000000000e+08
1.414845090000000000e+08
1.501873730000000000e+08
1.443176380000000000e+08
1.496307340000000000e+08
1.312193030000000000e+08
1.416108930000000000e+08
1.408929380000000000e+08
1.245177860000000000e+08
1.421723530000000000e+08
1.417141910000000000e+08
1.414711050000000000e+08
1.500295380000000000e+08
1.033113210000000000e+08
1.494459280000000000e+08
1.016909490000000000e+08
1.410262670000000000e+08
1.499345900000000000e+08
1.016869470000000000e+08
1.442927400000000000e+08
1.411860750000000000e+08
1.016907740000000000e+08
1.383909860000000000e+08
1.020801260000000000e+08
1.492181000000000000e+08
1.027648280000000000e+08
1.346574090000000000e+08
1.037455300000000000e+08
1.242386260000000000e+08
1.242036080000000000e+08
1.420528760000000000e+08
1.039161780000000000e+08
1.493478050000000000e+08
1.420819730000000000e+08
1.389881130000000000e+08
1.417126540000000000e+08
1.504403620000000000e+08
1.405783040000000000e+08
1.243389300000000000e+08
1.420500460000000000e+08
1.441150050000000000e+08
1.409683570000000000e+08
1.411852700000000000e+08
1.354343880000000000e+08
1.244022590000000000e+08
1.420931540000000000e+08
1.448444920000000000e+08
1.352462930000000000e+08
1.496014080000000000e+08
1.344116680000000000e+08
1.243360920000000000e+08
1.037815710000000000e+08
1.414793100000000000e+08
1.470009300000000000e+08
1.521760730000000000e+08
1.310419250000000000e+08
1.420829420000000000e+08
1.021921610000000000e+08
1.493025070000000000e+08
1.408024790000000000e+08
1.393716000000000000e+08
1.443922710000000000e+08
1.068090380000000000e+08
1.499879400000000000e+08
1.026290410000000000e+08
1.241754890000000000e+08
1.501641240000000000e+08
1.406873820000000000e+08
1.421423160000000000e+08
1.347168660000000000e+08
1.109965260000000000e+08
1.450195530000000000e+08
1.401749580000000000e+08
1.521456200000000000e+08
1.354324950000000000e+08
1.310621200000000000e+08
1.415268280000000000e+08
1.419689700000000000e+08
1.109965850000000000e+08
1.308248870000000000e+08
1.502722770000000000e+08
1.496308240000000000e+08
1.420180150000000000e+08
1.519386740000000000e+08
1.408959460000000000e+08
1.320693310000000000e+08
1.414713920000000000e+08
1.492179370000000000e+08
1.417574410000000000e+08
1.071164410000000000e+08
1.516804230000000000e+08
1.377351750000000000e+08
1.419153670000000000e+08
1.068127960000000000e+08
1.308466610000000000e+08
1.417568210000000000e+08
1.471437410000000000e+08
1.420056250000000000e+08
1.466141800000000000e+07
1.441520000000000000e+08
1.420063510000000000e+08
1.449158350000000000e+08
1.422634110000000000e+08
1.420414500000000000e+08
1.442871890000000000e+08
1.406615950000000000e+08
1.423267210000000000e+08
1.450596440000000000e+08
1.017287160000000000e+08
1.492190920000000000e+08
1.417092960000000000e+08
1.243100060000000000e+08
1.181697180000000000e+08
1.418117340000000000e+08
1.415279650000000000e+08
1.036810320000000000e+08
1.411213350000000000e+08
1.500639970000000000e+08
1.503557640000000000e+08
1.518254510000000000e+08
1.412817420000000000e+08
1.243102490000000000e+08
1.309826280000000000e+08
1.501069480000000000e+08
1.377358390000000000e+08
1.471586600000000000e+07
1.499317540000000000e+08
1.423106880000000000e+08
1.019550230000000000e+08
1.417701210000000000e+08
1.413358860000000000e+08
1.421077560000000000e+08
1.450069670000000000e+08
1.420949390000000000e+08
1.518292640000000000e+08
1.421078330000000000e+08
1.494743870000000000e+08
1.410919230000000000e+08
1.499717540000000000e+08
1.383900120000000000e+08
1.405809490000000000e+08
1.405966220000000000e+08
1.416231740000000000e+08
1.517354970000000000e+08
1.464879550000000000e+08
1.354552330000000000e+08
1.504333180000000000e+08
1.502491490000000000e+08
1.463116680000000000e+08
1.519184150000000000e+08
1.017717350000000000e+08
1.409431850000000000e+08
1.523975990000000000e+08
1.412677910000000000e+08
1.495745420000000000e+08
1.244250080000000000e+08
1.423107340000000000e+08
1.461750570000000000e+08
1.222589320000000000e+08
1.423281790000000000e+08
1.502728650000000000e+08
1.420989170000000000e+08
1.245686200000000000e+08
1.414736170000000000e+08
1.309241200000000000e+08
1.462385230000000000e+08
1.525637130000000000e+08
1.496312890000000000e+08
1.411863250000000000e+08
1.039139030000000000e+08
1.244256260000000000e+08
1.409388040000000000e+08
1.423248840000000000e+08
1.349600610000000000e+08
1.383901030000000000e+08
1.417718310000000000e+08
1.501500950000000000e+08
1.039596180000000000e+08
1.421079220000000000e+08
1.493083170000000000e+08
1.312343180000000000e+08
1.071419450000000000e+08
1.245127950000000000e+08
1.311193000000000000e+08
1.415479790000000000e+08
1.324883870000000000e+08
1.500292750000000000e+08
1.419412200000000000e+08
1.471389600000000000e+08
1.419739450000000000e+08
1.323805080000000000e+08
1.393693330000000000e+08
1.393717180000000000e+08
1.476598830000000000e+08
1.421094300000000000e+08
1.206601100000000000e+08
1.468053200000000000e+07
1.499721020000000000e+08
1.445116380000000000e+08
1.110129020000000000e+08
1.416215030000000000e+08
1.419353000000000000e+08
1.348727810000000000e+08
1.416112370000000000e+08
1.493037660000000000e+08
1.442891830000000000e+08
1.017323500000000000e+08
1.468018500000000000e+07
1.185418830000000000e+08
1.495703800000000000e+08
1.500292720000000000e+08
1.420618420000000000e+08
1.420380090000000000e+08
1.421093900000000000e+08
1.524821090000000000e+08
1.473453960000000000e+08
1.503008700000000000e+08
1.418678950000000000e+08
1.109969130000000000e+08
1.241731430000000000e+08
1.351594830000000000e+08
1.420819990000000000e+08
1.442261510000000000e+08
1.461566600000000000e+07
1.443913230000000000e+08
1.421447290000000000e+08
1.444318240000000000e+08
1.499885230000000000e+08
1.496030710000000000e+08
1.420490250000000000e+08
1.242035580000000000e+08
1.495736590000000000e+08
1.423239010000000000e+08
1.419090980000000000e+08
1.417528830000000000e+08
1.501512620000000000e+08
1.414820690000000000e+08
1.349074590000000000e+08
1.502447200000000000e+08
1.393691070000000000e+08
1.502995760000000000e+08
1.069884780000000000e+08
1.419738660000000000e+08
1.308218370000000000e+08
1.311178470000000000e+08
1.496023080000000000e+08
1.071392590000000000e+08
1.496280340000000000e+08
1.419361790000000000e+08
1.242350340000000000e+08
1.521726830000000000e+08
1.499756760000000000e+08
1.494980990000000000e+08
1.516823310000000000e+08
1.476600450000000000e+08
1.409718420000000000e+08
1.501072620000000000e+08
1.421604230000000000e+08
1.021705380000000000e+08
1.449543640000000000e+08
1.405992840000000000e+08
1.307068670000000000e+08
1.414861050000000000e+08
1.412802550000000000e+08
1.068175670000000000e+08
1.491545770000000000e+08
1.446044050000000000e+08
1.350958410000000000e+08
1.371348350000000000e+08
1.021928630000000000e+08
1.499880680000000000e+08
1.476599030000000000e+08
1.444286330000000000e+08
1.349014320000000000e+08
1.419739300000000000e+08
1.423228390000000000e+08
1.442913220000000000e+08
1.344119380000000000e+08
1.421410790000000000e+08
1.423146230000000000e+08
1.503615130000000000e+08
1.016909070000000000e+08
1.492514430000000000e+08
1.442199890000000000e+08
1.491548210000000000e+08
1.242348350000000000e+08
1.421154490000000000e+08
1.309436010000000000e+08
1.494223640000000000e+08
1.023053370000000000e+08
1.244516860000000000e+08
1.414125320000000000e+08
1.419358710000000000e+08
1.037774910000000000e+08
1.038608520000000000e+08
1.494498880000000000e+08
1.017725770000000000e+08
1.504319200000000000e+08
1.422110510000000000e+08
1.354300970000000000e+08
1.355060120000000000e+08
1.491587240000000000e+08
1.495391580000000000e+08
1.421393760000000000e+08
1.443198740000000000e+08
1.503905430000000000e+08
1.420037240000000000e+08
1.471646200000000000e+07
1.420989190000000000e+08
1.445117120000000000e+08
1.468267400000000000e+07
1.309263420000000000e+08
1.422629690000000000e+08
1.440784050000000000e+08
1.450165390000000000e+08
1.414357580000000000e+08
1.524815500000000000e+08
1.526656180000000000e+08
1.418115400000000000e+08
1.517649830000000000e+08
1.502726560000000000e+08
1.500633210000000000e+08
1.420152130000000000e+08
1.350340690000000000e+08
1.023090400000000000e+08
1.420041010000000000e+08
1.448232010000000000e+08
1.393705370000000000e+08
1.039172330000000000e+08
1.420868120000000000e+08
1.411209400000000000e+08
1.021865630000000000e+08
1.351786530000000000e+08
1.247699120000000000e+08
1.503593250000000000e+08
1.491587890000000000e+08
1.471719800000000000e+07
1.307229570000000000e+08
1.349753960000000000e+08
1.243070210000000000e+08
1.022157350000000000e+08
1.466161700000000000e+07
1.408937220000000000e+08
1.420535000000000000e+08
1.040210680000000000e+08
1.517938440000000000e+08
1.420520860000000000e+08
1.346552360000000000e+08
1.503927530000000000e+08
1.444256900000000000e+08
1.410247990000000000e+08
1.413345850000000000e+08
1.423792650000000000e+08
1.242860870000000000e+08
1.419740660000000000e+08
1.443934120000000000e+08
1.026852640000000000e+08
1.420854910000000000e+08
1.351632890000000000e+08
1.502721310000000000e+08
1.416094300000000000e+08
1.183072800000000000e+08
1.420826040000000000e+08
1.420817110000000000e+08
1.354308440000000000e+08
1.406912260000000000e+08
1.035786780000000000e+08
1.473454840000000000e+08
1.309229490000000000e+08
1.421598360000000000e+08
1.069881590000000000e+08
1.503199680000000000e+08
1.310637310000000000e+08
1.499708750000000000e+08
1.493466750000000000e+08
1.495405250000000000e+08
1.517307820000000000e+08
1.407575900000000000e+08
1.493043130000000000e+08
1.346551300000000000e+08
1.311367010000000000e+08
1.412128810000000000e+08
1.307068710000000000e+08
1.245325900000000000e+08
1.419770860000000000e+08
1.070194490000000000e+08
1.244038340000000000e+08
1.501449410000000000e+08
1.208575540000000000e+08
1.490374520000000000e+08
1.414801760000000000e+08
1.039390000000000000e+08
1.410250900000000000e+08
1.444904720000000000e+08
1.522319280000000000e+08
1.069020780000000000e+08
1.312354630000000000e+08
1.308466300000000000e+08
1.502753090000000000e+08
1.420402460000000000e+08
1.446761300000000000e+08
1.350461460000000000e+08
1.203712000000000000e+08
1.423775410000000000e+08
1.493482570000000000e+08
1.421072420000000000e+08
1.420183280000000000e+08
1.500643910000000000e+08
1.417572940000000000e+08
1.417091010000000000e+08
1.406083260000000000e+08
1.499705890000000000e+08
1.420540240000000000e+08
1.201548160000000000e+08
1.499140720000000000e+08
1.350815860000000000e+08
1.312397140000000000e+08
1.503616690000000000e+08
1.351770900000000000e+08
1.040208030000000000e+08
1.330533520000000000e+08
1.420991720000000000e+08
1.499025390000000000e+08
1.354364540000000000e+08
1.495390160000000000e+08
1.409978180000000000e+08
1.414804340000000000e+08
1.017304610000000000e+08
1.347669240000000000e+08
1.351448210000000000e+08
1.347545370000000000e+08
1.242063410000000000e+08
1.068861690000000000e+08
1.346538650000000000e+08
1.501657400000000000e+08
1.017329680000000000e+08
1.354511330000000000e+08
1.351648080000000000e+08
1.349029440000000000e+08
1.522812120000000000e+08
1.207724040000000000e+08
1.517353130000000000e+08
1.354270930000000000e+08
1.199294080000000000e+08
1.247849800000000000e+08
1.448282090000000000e+08
1.248407800000000000e+08
1.021692750000000000e+08
1.499715380000000000e+08
1.405803360000000000e+08
1.417094360000000000e+08
1.501627390000000000e+08
1.492180720000000000e+08
1.420484470000000000e+08
1.309471830000000000e+08
1.496282160000000000e+08
1.496644230000000000e+08
1.423253840000000000e+08
1.409723680000000000e+08
1.415318100000000000e+08
1.307317280000000000e+08
1.037810620000000000e+08
1.449218150000000000e+08
1.492713030000000000e+08
1.349036410000000000e+08
1.491073600000000000e+08
1.504407550000000000e+08
1.329110920000000000e+08
1.500985420000000000e+08
1.185397450000000000e+08
1.468071260000000000e+08
1.472093420000000000e+08
1.466648060000000000e+08
1.205116640000000000e+08
1.491770490000000000e+08
1.423104350000000000e+08
1.309836650000000000e+08
1.495986760000000000e+08
1.109967920000000000e+08
1.475665420000000000e+08
1.495758100000000000e+08
1.408298640000000000e+08
1.036794680000000000e+08
1.465305940000000000e+08
1.407990350000000000e+08
1.450584970000000000e+08
1.446567930000000000e+08
1.503236430000000000e+08
1.184570560000000000e+08
1.449210010000000000e+08
1.501401660000000000e+08
1.491561800000000000e+08
1.417714830000000000e+08
1.493894190000000000e+08
1.110128370000000000e+08
1.070165490000000000e+08
1.503201780000000000e+08
1.501449330000000000e+08
1.421426020000000000e+08
1.520563130000000000e+08
1.493905650000000000e+08
1.421109530000000000e+08
1.447235680000000000e+08
1.415464810000000000e+08
1.351655450000000000e+08
1.417572300000000000e+08
1.500625020000000000e+08
1.415478300000000000e+08
1.307903720000000000e+08
1.421618270000000000e+08
1.499135980000000000e+08
1.419417080000000000e+08
1.491012260000000000e+08
1.409411530000000000e+08
1.017734250000000000e+08
1.423922950000000000e+08
1.501657350000000000e+08
1.240948340000000000e+08
1.313106810000000000e+08
1.016478200000000000e+08
1.031128090000000000e+08
1.423245120000000000e+08
1.070190260000000000e+08
1.419368890000000000e+08
1.243344500000000000e+08
1.494975430000000000e+08
1.502505280000000000e+08
1.020797820000000000e+08
1.371361940000000000e+08
1.423794850000000000e+08
1.349622600000000000e+08
1.308254690000000000e+08
1.422610450000000000e+08
1.307290260000000000e+08
1.502744870000000000e+08
1.353703870000000000e+08
1.421445940000000000e+08
1.421392040000000000e+08
1.354489380000000000e+08
1.413342740000000000e+08
1.526647040000000000e+08
1.181746330000000000e+08
1.412814950000000000e+08
1.244492510000000000e+08
1.461441800000000000e+07
1.371360850000000000e+08
1.419115190000000000e+08
1.244497680000000000e+08
1.491610750000000000e+08
1.347170030000000000e+08
1.446577190000000000e+08
1.418114320000000000e+08
1.490373630000000000e+08
1.525109790000000000e+08
1.027728930000000000e+08
1.495398940000000000e+08
1.447861970000000000e+08
1.071145810000000000e+08
1.409715450000000000e+08
1.406889410000000000e+08
1.408947030000000000e+08
1.525141500000000000e+08
1.422104080000000000e+08
1.503599820000000000e+08
1.016461300000000000e+08
1.421482280000000000e+08
1.406612890000000000e+08
1.501075390000000000e+08
1.494979040000000000e+08
1.351602520000000000e+08
1.522307400000000000e+08
1.504418100000000000e+08
1.318551290000000000e+08
1.500989790000000000e+08
1.464281540000000000e+08
1.525978870000000000e+08
1.421076180000000000e+08
1.419759030000000000e+08
1.449217390000000000e+08
1.307220310000000000e+08
1.468120900000000000e+07
1.406874460000000000e+08
1.492183500000000000e+08
1.443730610000000000e+08
1.417573260000000000e+08
1.031869490000000000e+08
1.495398420000000000e+08
1.037495480000000000e+08
1.446619780000000000e+08
1.521791620000000000e+08
1.503233340000000000e+08
1.518276570000000000e+08
1.347676680000000000e+08
1.308435330000000000e+08
1.502497710000000000e+08
1.494992920000000000e+08
1.422650780000000000e+08
1.350792020000000000e+08
1.517314160000000000e+08
1.069902440000000000e+08
1.310033450000000000e+08
1.524643550000000000e+08
1.018229950000000000e+08
1.310025050000000000e+08
1.038595230000000000e+08
1.492204450000000000e+08
1.312353290000000000e+08
1.244049270000000000e+08
1.246157850000000000e+08
1.420414900000000000e+08
1.491763050000000000e+08
1.311965200000000000e+08
1.352574760000000000e+08
1.444272520000000000e+08
1.354314640000000000e+08
1.411241440000000000e+08
1.311169840000000000e+08
1.492531730000000000e+08
1.241765520000000000e+08
1.418688360000000000e+08
1.069009810000000000e+08
1.495427090000000000e+08
1.517344420000000000e+08
1.503897050000000000e+08
1.038306520000000000e+08
1.071155940000000000e+08
1.496026150000000000e+08
1.493925740000000000e+08
1.017716070000000000e+08
1.420860810000000000e+08
1.411217930000000000e+08
1.068163030000000000e+08
1.362172640000000000e+08
1.517331020000000000e+08
1.413357870000000000e+08
1.410301680000000000e+08
1.039557760000000000e+08
1.494733940000000000e+08
1.067573110000000000e+08
1.180786520000000000e+08
1.443727770000000000e+08
1.504320790000000000e+08
1.419092810000000000e+08
1.516819040000000000e+08
1.525653970000000000e+08
1.419454650000000000e+08
1.493476290000000000e+08
1.408932380000000000e+08
1.406904280000000000e+08
1.405806340000000000e+08
1.245280230000000000e+08
1.354550640000000000e+08
1.441508530000000000e+08
1.420874510000000000e+08
1.501077030000000000e+08
1.519353270000000000e+08
1.242355550000000000e+08
1.071392730000000000e+08
1.493920920000000000e+08
1.449496670000000000e+08
1.445727290000000000e+08
1.499343050000000000e+08
1.028311310000000000e+08
1.415264390000000000e+08
1.308215370000000000e+08
1.307109690000000000e+08
1.354320460000000000e+08
1.493081750000000000e+08
1.406306350000000000e+08
1.338013020000000000e+08
1.493882650000000000e+08
1.418705890000000000e+08
1.495764130000000000e+08
1.308247860000000000e+08
1.421104930000000000e+08
1.462760080000000000e+08
1.412104480000000000e+08
1.405807170000000000e+08
1.416834000000000000e+08
1.349608890000000000e+08
1.414117130000000000e+08
1.406335680000000000e+08
1.035752250000000000e+08
1.417658360000000000e+08
1.494731710000000000e+08
1.039416780000000000e+08
1.417577320000000000e+08
1.516309540000000000e+08
1.416854650000000000e+08
1.450167520000000000e+08
1.243395460000000000e+08
1.450669510000000000e+08
1.199251160000000000e+08
1.419765980000000000e+08
1.421460510000000000e+08
1.517638250000000000e+08
1.524863800000000000e+08
1.522796880000000000e+08
1.468465690000000000e+08
1.411553520000000000e+08
1.353113630000000000e+08
1.467581270000000000e+08
1.063690120000000000e+08
1.496290770000000000e+08
1.526011590000000000e+08
1.450165610000000000e+08
1.039568590000000000e+08
1.444541920000000000e+08
1.405999720000000000e+08
1.442920270000000000e+08
1.017748670000000000e+08
1.246047240000000000e+08
1.035795990000000000e+08
1.525100910000000000e+08
1.448232590000000000e+08
1.495390580000000000e+08
1.444480170000000000e+08
1.447865290000000000e+08
1.396053310000000000e+08
1.347536650000000000e+08
1.421149520000000000e+08
1.423785590000000000e+08
1.418238820000000000e+08
1.414727770000000000e+08
1.494238510000000000e+08
1.416218030000000000e+08
1.307307060000000000e+08
1.471954800000000000e+07
1.500303230000000000e+08
1.307884950000000000e+08
1.356039200000000000e+08
1.069026830000000000e+08
1.405796740000000000e+08
1.502709790000000000e+08
1.423776840000000000e+08
1.524845110000000000e+08
1.383906120000000000e+08
1.448450170000000000e+08
1.016904430000000000e+08
1.423921590000000000e+08
1.418241220000000000e+08
1.393139480000000000e+08
1.517387760000000000e+08
1.520269070000000000e+08
1.519618380000000000e+08
1.351621880000000000e+08
1.038614200000000000e+08
1.447719890000000000e+08
1.441138850000000000e+08
1.492173420000000000e+08
1.406089050000000000e+08
1.499770150000000000e+08
1.035545250000000000e+08
1.501873820000000000e+08
1.349755000000000000e+08
1.035747430000000000e+08
1.495381230000000000e+08
1.338057130000000000e+08
1.035546320000000000e+08
1.418264950000000000e+08
1.246589240000000000e+08
1.017333880000000000e+08
1.518255270000000000e+08
1.413355530000000000e+08
1.183161470000000000e+08
1.504401760000000000e+08
1.420617960000000000e+08
1.327367690000000000e+08
1.016483780000000000e+08
1.468424970000000000e+08
1.408030800000000000e+08
1.503616160000000000e+08
1.414137060000000000e+08
1.422778600000000000e+08
1.500317660000000000e+08
1.491027230000000000e+08
1.415442810000000000e+08
1.503231380000000000e+08
1.039198940000000000e+08
1.420191710000000000e+08
1.353149210000000000e+08
1.442208180000000000e+08
1.501866030000000000e+08
1.038615030000000000e+08
1.070179890000000000e+08
1.037494820000000000e+08
1.408301010000000000e+08
1.521448210000000000e+08
1.501879080000000000e+08
1.464315830000000000e+08
1.016315200000000000e+08
1.502469250000000000e+08
1.504421520000000000e+08
1.494443410000000000e+08
1.519392290000000000e+08
1.349613040000000000e+08
1.316252300000000000e+08
1.414290300000000000e+08
1.493467520000000000e+08
1.409978600000000000e+08
1.066121990000000000e+08
1.495730100000000000e+08
1.416075530000000000e+08
1.463735200000000000e+08
1.518270460000000000e+08
1.352256670000000000e+08
1.492507530000000000e+08
1.421757620000000000e+08
1.501036500000000000e+08
1.023097580000000000e+08
1.353127050000000000e+08
1.416255590000000000e+08
1.521516230000000000e+08
1.310810980000000000e+08
1.313092180000000000e+08
1.492534090000000000e+08
1.444310500000000000e+08
1.504426580000000000e+08
1.353155410000000000e+08
1.501676430000000000e+08
1.023102370000000000e+08
1.310422930000000000e+08
1.417133800000000000e+08
1.313086650000000000e+08
1.241458970000000000e+08
1.503216630000000000e+08
1.071173790000000000e+08
1.405991250000000000e+08
1.198642580000000000e+08
1.413342930000000000e+08
1.501918810000000000e+08
1.406579310000000000e+08
1.502720640000000000e+08
1.408998250000000000e+08
1.450922120000000000e+08
1.501855860000000000e+08
1.491254180000000000e+08
1.504316590000000000e+08
1.410923690000000000e+08
1.441129170000000000e+08
1.499350430000000000e+08
1.500304110000000000e+08
1.406088540000000000e+08
1.039179860000000000e+08
1.525972960000000000e+08
1.071437490000000000e+08
1.386921280000000000e+08
1.496008460000000000e+08
1.418708310000000000e+08
1.499761870000000000e+08
1.368335890000000000e+08
1.475692660000000000e+08
1.411212360000000000e+08
1.423283580000000000e+08
1.408943540000000000e+08
1.491213850000000000e+08
1.407601640000000000e+08
1.408598220000000000e+08
1.416220650000000000e+08
1.499026580000000000e+08
1.411272530000000000e+08
1.405961730000000000e+08
1.503226520000000000e+08
1.504304040000000000e+08
1.353535870000000000e+08
1.245706040000000000e+08
1.414223390000000000e+08
1.443911790000000000e+08
1.036981150000000000e+08
1.410936930000000000e+08
1.502454300000000000e+08
1.021767090000000000e+08
1.421065810000000000e+08
1.499722070000000000e+08
1.329663190000000000e+08
1.502509590000000000e+08
1.241772070000000000e+08
1.420855690000000000e+08
1.502709770000000000e+08
1.493025520000000000e+08
1.516314820000000000e+08
1.421112410000000000e+08
1.492744220000000000e+08
1.317255400000000000e+08
1.420963660000000000e+08
1.245687110000000000e+08
1.499023660000000000e+08
1.405798470000000000e+08
1.523157030000000000e+08
1.418658750000000000e+08
1.416267830000000000e+08
1.184075000000000000e+08
1.521144310000000000e+08
1.421156660000000000e+08
1.405766500000000000e+08
1.406334730000000000e+08
1.245300800000000000e+08
1.499032500000000000e+08
1.069904200000000000e+08
1.405771340000000000e+08
1.525660890000000000e+08
1.419102300000000000e+08
1.021924710000000000e+08
1.322981390000000000e+08
1.409462370000000000e+08
1.408016830000000000e+08
1.422617020000000000e+08
1.071400750000000000e+08
1.504419050000000000e+08
1.441128480000000000e+08
1.411875700000000000e+08
1.421717510000000000e+08
1.421377480000000000e+08
1.414253490000000000e+08
1.501855810000000000e+08
1.243064980000000000e+08
1.414139320000000000e+08
1.523104400000000000e+08
1.244030800000000000e+08
1.420067170000000000e+08
1.349575040000000000e+08
1.246012760000000000e+08
1.307105230000000000e+08
1.448232820000000000e+08
1.451585200000000000e+08
1.417562130000000000e+08
1.523925750000000000e+08
1.244222100000000000e+08
1.504277900000000000e+08
1.419744950000000000e+08
1.520259710000000000e+08
1.421613120000000000e+08
1.501065530000000000e+08
1.416249790000000000e+08
1.419354560000000000e+08
1.516825360000000000e+08
1.362102620000000000e+08
1.420836290000000000e+08
1.110125810000000000e+08
1.224974370000000000e+08
1.421492420000000000e+08
1.420135830000000000e+08
1.421752670000000000e+08
1.027644460000000000e+08
1.502463940000000000e+08
1.499711130000000000e+08
1.348687650000000000e+08
1.246055730000000000e+08
1.495991890000000000e+08
1.389980400000000000e+08
1.067572380000000000e+08
1.310023540000000000e+08
1.474164610000000000e+08
1.020772630000000000e+08
1.347660570000000000e+08
1.023052970000000000e+08
1.387001260000000000e+08
1.307222010000000000e+08
1.523127900000000000e+08
1.247683720000000000e+08
1.444912710000000000e+08
1.313108200000000000e+08
1.516417330000000000e+08
1.525151970000000000e+08
1.308643400000000000e+08
1.528542080000000000e+08
1.016496140000000000e+08
1.496306770000000000e+08
1.501445700000000000e+08
1.446792490000000000e+08
1.038647580000000000e+08
1.348133870000000000e+08
1.499903670000000000e+08
1.423251860000000000e+08
1.503223220000000000e+08
1.416851800000000000e+08
1.473459470000000000e+08
1.501434240000000000e+08
1.496292350000000000e+08
1.244268710000000000e+08
1.416122210000000000e+08
1.494205960000000000e+08
1.241511150000000000e+08
1.503011090000000000e+08
1.443935720000000000e+08
1.446031650000000000e+08
1.500349480000000000e+08
1.401762160000000000e+08
1.410269030000000000e+08
1.350503950000000000e+08
1.521133020000000000e+08
1.332403000000000000e+08
1.445089220000000000e+08
1.503569060000000000e+08
1.021725980000000000e+08
1.308241740000000000e+08
1.415444940000000000e+08
1.241763780000000000e+08
1.421359180000000000e+08
1.349776740000000000e+08
1.350973990000000000e+08
1.494506120000000000e+08
1.240952300000000000e+08
1.496307540000000000e+08
1.496011560000000000e+08
1.464333180000000000e+08
1.420403210000000000e+08
1.039168280000000000e+08
1.504378990000000000e+08
1.421078210000000000e+08
1.525110230000000000e+08
1.493475340000000000e+08
1.466065000000000000e+07
1.415275790000000000e+08
1.503902600000000000e+08
1.494976620000000000e+08
1.495732640000000000e+08
1.504304310000000000e+08
1.332345580000000000e+08
1.417693560000000000e+08
1.245687510000000000e+08
1.441551990000000000e+08
1.445683250000000000e+08
1.307330420000000000e+08
1.448420830000000000e+08
1.355102740000000000e+08
1.021764590000000000e+08
1.413351000000000000e+08
1.494738390000000000e+08
1.518248800000000000e+08
1.419139940000000000e+08
1.501436650000000000e+08
1.204385590000000000e+08
1.244490130000000000e+08
1.407589530000000000e+08
1.492197290000000000e+08
1.409389750000000000e+08
1.307325690000000000e+08
1.242038200000000000e+08
1.503211830000000000e+08
1.503950090000000000e+08
1.242880580000000000e+08
1.503207120000000000e+08
1.335051380000000000e+08
1.410946720000000000e+08
1.418238810000000000e+08
1.421053080000000000e+08
1.493479480000000000e+08
1.501391820000000000e+08
1.415456160000000000e+08
1.414809530000000000e+08
1.412168200000000000e+08
1.070178980000000000e+08
1.217985460000000000e+08
1.499897810000000000e+08
1.349739880000000000e+08
1.493020860000000000e+08
1.308266530000000000e+08
1.350973900000000000e+08
1.423140560000000000e+08
1.350481340000000000e+08
1.418092200000000000e+08
1.495031440000000000e+08
1.499936660000000000e+08
1.493477720000000000e+08
1.028333220000000000e+08
1.504435130000000000e+08
1.241474860000000000e+08
1.496255800000000000e+08
1.441185270000000000e+08
1.491759650000000000e+08
1.419696670000000000e+08
1.419762470000000000e+08
1.242365670000000000e+08
1.517379540000000000e+08
1.405294190000000000e+08
1.500627720000000000e+08
1.516831370000000000e+08
1.521106030000000000e+08
1.351588670000000000e+08
1.491242180000000000e+08
1.499345540000000000e+08
1.350826470000000000e+08
1.500314430000000000e+08
1.387003670000000000e+08
1.039182940000000000e+08
1.333309180000000000e+08
1.471571800000000000e+07
1.491073890000000000e+08
1.491786750000000000e+08
1.068169200000000000e+08
1.021930940000000000e+08
1.420022530000000000e+08
1.494504280000000000e+08
1.242016940000000000e+08
1.348133580000000000e+08
1.034159030000000000e+08
1.020462900000000000e+08
1.319715250000000000e+08
1.441121380000000000e+08
1.021188810000000000e+08
1.449494460000000000e+08
1.329651360000000000e+08
1.503906190000000000e+08
1.353097210000000000e+08
1.401766130000000000e+08
1.467159280000000000e+08
1.310848800000000000e+08
1.242065340000000000e+08
1.408900280000000000e+08
1.519417500000000000e+08
1.450614190000000000e+08
1.310437440000000000e+08
1.309848060000000000e+08
1.517893180000000000e+08
1.348379060000000000e+08
1.242825750000000000e+08
1.350493040000000000e+08
1.416856430000000000e+08
1.495418410000000000e+08
1.071434730000000000e+08
1.421581330000000000e+08
1.245140680000000000e+08
1.447712040000000000e+08
1.311183510000000000e+08
1.536723100000000000e+07
1.241483660000000000e+08
1.503206200000000000e+08
1.414142170000000000e+08
1.069020240000000000e+08
1.407619480000000000e+08
1.246148430000000000e+08
1.319645770000000000e+08
1.492184970000000000e+08
1.495988620000000000e+08
1.445739680000000000e+08
1.490376410000000000e+08
1.421072190000000000e+08
1.517361440000000000e+08
1.450128640000000000e+08
1.470034820000000000e+08
1.421398440000000000e+08
1.245130640000000000e+08
1.019510680000000000e+08
1.499706130000000000e+08
1.307061610000000000e+08
1.441566620000000000e+08
1.466484800000000000e+07
1.492526700000000000e+08
1.035634170000000000e+08
1.422129610000000000e+08
1.412163980000000000e+08
1.016465310000000000e+08
1.393712650000000000e+08
1.444926450000000000e+08
1.354548700000000000e+08
1.244024730000000000e+08
1.417554140000000000e+08
1.308665840000000000e+08
1.494231740000000000e+08
1.474620600000000000e+08
1.038611460000000000e+08
1.503943610000000000e+08
1.244235100000000000e+08
1.491551980000000000e+08
1.493484880000000000e+08
1.517899920000000000e+08
1.499759220000000000e+08
1.419454700000000000e+08
1.490597730000000000e+08
1.502716800000000000e+08
1.420825480000000000e+08
1.504315180000000000e+08
1.500642380000000000e+08
1.308667660000000000e+08
1.420178260000000000e+08
1.423136650000000000e+08
1.420847620000000000e+08
1.352287120000000000e+08
1.523971240000000000e+08
1.406320800000000000e+08
1.472814910000000000e+08
1.494793520000000000e+08
1.499880590000000000e+08
1.349594980000000000e+08
1.416825890000000000e+08
1.503903270000000000e+08
1.418699670000000000e+08
1.504428410000000000e+08
1.353245490000000000e+08
1.411552640000000000e+08
1.418230200000000000e+08
1.420513490000000000e+08
1.018031790000000000e+08
1.405805950000000000e+08
1.406599800000000000e+08
1.501072210000000000e+08
1.068139100000000000e+08
1.348673380000000000e+08
1.307233210000000000e+08
1.496301170000000000e+08
1.414727170000000000e+08
1.491758590000000000e+08
1.416254860000000000e+08
1.523160670000000000e+08
1.318571630000000000e+08
1.422609720000000000e+08
1.499021760000000000e+08
1.491744940000000000e+08
1.494445450000000000e+08
1.036988060000000000e+08
1.220336130000000000e+08
1.495417800000000000e+08
1.524669430000000000e+08
1.321580010000000000e+08
1.419112010000000000e+08
1.071475180000000000e+08
1.494495300000000000e+08
1.421098740000000000e+08
1.312389690000000000e+08
1.416221190000000000e+08
1.310601070000000000e+08
1.450163820000000000e+08
1.406301240000000000e+08
1.491766840000000000e+08
1.309283420000000000e+08
1.348102290000000000e+08
1.499020520000000000e+08
1.523663320000000000e+08
1.516850120000000000e+08
1.420396780000000000e+08
1.354328320000000000e+08
1.023067890000000000e+08
1.416123140000000000e+08
1.420873400000000000e+08
1.444930770000000000e+08
1.419779350000000000e+08
1.465350080000000000e+08
1.039575010000000000e+08
1.492188900000000000e+08
1.348333150000000000e+08
1.519600680000000000e+08
1.524678090000000000e+08
1.070183780000000000e+08
1.523138200000000000e+08
1.503891420000000000e+08
1.519590650000000000e+08
1.408565060000000000e+08
1.494976740000000000e+08
1.503914360000000000e+08
1.421054660000000000e+08
1.411263970000000000e+08
1.016901500000000000e+08
1.499713310000000000e+08
1.501626970000000000e+08
1.038297910000000000e+08
1.468427070000000000e+08
1.523162820000000000e+08
1.459171860000000000e+08
1.525978440000000000e+08
1.413336770000000000e+08
1.016493910000000000e+08
1.419779320000000000e+08
1.523944590000000000e+08
1.036300610000000000e+08
1.421052990000000000e+08
1.406878260000000000e+08
1.520611980000000000e+08
1.180791870000000000e+08
1.038331070000000000e+08
1.496011400000000000e+08
1.408615480000000000e+08
1.352529660000000000e+08
1.039180150000000000e+08
1.243100020000000000e+08
1.038305570000000000e+08
1.410966350000000000e+08
1.504308290000000000e+08
1.416081980000000000e+08
1.503581470000000000e+08
1.464342210000000000e+08
1.420379220000000000e+08
1.501855740000000000e+08
1.036810360000000000e+08
1.493926710000000000e+08
1.504302750000000000e+08
1.356102850000000000e+08
1.490606530000000000e+08
1.504424970000000000e+08
1.491607780000000000e+08
1.205125190000000000e+08
1.416059820000000000e+08
1.069912440000000000e+08
1.240921970000000000e+08
1.347639250000000000e+08
1.307863200000000000e+08
1.423877620000000000e+08
1.207798900000000000e+08
1.312347990000000000e+08
1.416069860000000000e+08
1.310034140000000000e+08
1.494979240000000000e+08
1.499722110000000000e+08
1.443950710000000000e+08
1.516319680000000000e+08
1.070162870000000000e+08
1.503213300000000000e+08
1.491007640000000000e+08
1.523117540000000000e+08
1.416806810000000000e+08
1.354490410000000000e+08
1.069868310000000000e+08
1.349046240000000000e+08
1.307227600000000000e+08
1.416100120000000000e+08
1.444531660000000000e+08
1.492160240000000000e+08
1.416104730000000000e+08
1.447275470000000000e+08
1.525994960000000000e+08
1.017334300000000000e+08
1.387001020000000000e+08
1.416272680000000000e+08
1.499898640000000000e+08
1.416114610000000000e+08
1.502742580000000000e+08
1.443707010000000000e+08
1.441831100000000000e+08
1.517359210000000000e+08
1.496305950000000000e+08
1.354280060000000000e+08
1.419429110000000000e+08
1.416060600000000000e+08
1.471694200000000000e+07
1.420827960000000000e+08
1.503617510000000000e+08
1.492531540000000000e+08
1.070171530000000000e+08
1.416217330000000000e+08
1.493015750000000000e+08
1.016467940000000000e+08
1.354541000000000000e+08
1.312385830000000000e+08
1.411226770000000000e+08
1.501072140000000000e+08
1.416816450000000000e+08
1.420526080000000000e+08
1.517896610000000000e+08
1.347182410000000000e+08
1.519166540000000000e+08
1.308418660000000000e+08
1.419444880000000000e+08
1.466455900000000000e+07
1.493461630000000000e+08
1.220930260000000000e+08
1.405275540000000000e+08
1.311193030000000000e+08
1.448360000000000000e+08
1.523649040000000000e+08
1.423775260000000000e+08
1.311348270000000000e+08
1.348720880000000000e+08
1.411561050000000000e+08
1.348673710000000000e+08
1.307881650000000000e+08
1.308691590000000000e+08
1.503611040000000000e+08
1.184139490000000000e+08
1.068162750000000000e+08
1.405994710000000000e+08
1.037808760000000000e+08
1.421600480000000000e+08
1.018000250000000000e+08
1.419094810000000000e+08
1.499895350000000000e+08
1.417110080000000000e+08
1.414828020000000000e+08
1.494236940000000000e+08
1.351475210000000000e+08
1.470267020000000000e+08
1.242384870000000000e+08
1.346313700000000000e+08
1.419140820000000000e+08
1.519562350000000000e+08
1.415307000000000000e+08
1.347204020000000000e+08
1.501001060000000000e+08
1.311937690000000000e+08
1.493471030000000000e+08
1.501034720000000000e+08
1.471769100000000000e+07
1.307192020000000000e+08
1.421066240000000000e+08
1.419802950000000000e+08
1.405773630000000000e+08
1.503221960000000000e+08
1.493077800000000000e+08
1.494979800000000000e+08
1.423235790000000000e+08
1.332384430000000000e+08
1.016320450000000000e+08
1.536696900000000000e+07
1.242347850000000000e+08
1.207809530000000000e+08
1.418253690000000000e+08
1.414729110000000000e+08
1.503564060000000000e+08
1.242829490000000000e+08
1.470251130000000000e+08
1.441128500000000000e+08
1.039580840000000000e+08
1.419381370000000000e+08
1.031031270000000000e+08
1.039544530000000000e+08
1.494208960000000000e+08
1.197207950000000000e+08
1.423922240000000000e+08
1.310041530000000000e+08
1.467941100000000000e+07
1.036830840000000000e+08
1.246598780000000000e+08
1.070131600000000000e+08
1.415484740000000000e+08
1.415448610000000000e+08
1.417560710000000000e+08
1.490393720000000000e+08
1.421401370000000000e+08
1.349753950000000000e+08
1.423891480000000000e+08
1.417083350000000000e+08
1.525975830000000000e+08
1.409433230000000000e+08
1.466265900000000000e+07
1.494497950000000000e+08
1.423780960000000000e+08
1.492519110000000000e+08
1.499301500000000000e+08
1.016477590000000000e+08
1.517632220000000000e+08
1.040191810000000000e+08
1.030677120000000000e+08
1.501071760000000000e+08
1.499346670000000000e+08
1.021747320000000000e+08
1.348126860000000000e+08
1.417551630000000000e+08
1.406584840000000000e+08
1.243068580000000000e+08
1.417680700000000000e+08
1.503011890000000000e+08
1.183131020000000000e+08
1.441816370000000000e+08
1.420652550000000000e+08
1.023145630000000000e+08
1.071142080000000000e+08
1.504322110000000000e+08
1.348348260000000000e+08
1.495726460000000000e+08
1.421352310000000000e+08
1.416278460000000000e+08
1.443700790000000000e+08
1.502753600000000000e+08
1.412820970000000000e+08
1.528681100000000000e+08
1.493036480000000000e+08
1.446073900000000000e+08
1.311171010000000000e+08
1.420146180000000000e+08
1.502711690000000000e+08
1.310602810000000000e+08
1.393694330000000000e+08
1.522815760000000000e+08
1.467147320000000000e+08
1.036276680000000000e+08
1.024698530000000000e+08
1.312166210000000000e+08
1.442197660000000000e+08
1.016470540000000000e+08
1.420410090000000000e+08
1.308678230000000000e+08
1.405975180000000000e+08
1.503572900000000000e+08
1.242059420000000000e+08
1.441555820000000000e+08
1.407575710000000000e+08
1.308234320000000000e+08
1.418051800000000000e+08
1.421427180000000000e+08
1.414357050000000000e+08
1.500294740000000000e+08
1.415428260000000000e+08
1.422617950000000000e+08
1.419722000000000000e+08
1.499712770000000000e+08
1.491213690000000000e+08
1.244251030000000000e+08
1.504392890000000000e+08
1.502743860000000000e+08
1.502507880000000000e+08
1.037489890000000000e+08
1.442220670000000000e+08
1.504317910000000000e+08
1.418114450000000000e+08
1.523931750000000000e+08
1.039444660000000000e+08
1.521134000000000000e+08
1.071394230000000000e+08
1.419750440000000000e+08
1.411210440000000000e+08
1.421425860000000000e+08
1.245284400000000000e+08
1.067557510000000000e+08
1.308676470000000000e+08
1.416800550000000000e+08
1.407616410000000000e+08
1.244220810000000000e+08
1.354281750000000000e+08
1.350330920000000000e+08
1.503891270000000000e+08
1.415282800000000000e+08
1.199200630000000000e+08
1.419690340000000000e+08
1.037441500000000000e+08
1.414238120000000000e+08
1.492743120000000000e+08
1.493915350000000000e+08
1.411538360000000000e+08
1.023073320000000000e+08
1.504318590000000000e+08
1.038641790000000000e+08
1.069892100000000000e+08
1.039165760000000000e+08
1.521765590000000000e+08
1.024657740000000000e+08
1.241760670000000000e+08
1.318642620000000000e+08
1.523973000000000000e+08
1.417135930000000000e+08
1.409682600000000000e+08
1.504308370000000000e+08
1.500645250000000000e+08
1.461742880000000000e+08
1.468395900000000000e+07
1.501857220000000000e+08
1.500302050000000000e+08
1.036971790000000000e+08
1.423905850000000000e+08
1.503931980000000000e+08
1.423229400000000000e+08
1.475663520000000000e+08
1.240787210000000000e+08
1.068147380000000000e+08
1.408287510000000000e+08
1.504427480000000000e+08
1.354540730000000000e+08
1.423273340000000000e+08
1.499339860000000000e+08
1.499143290000000000e+08
1.310833350000000000e+08
1.502493670000000000e+08
1.067565280000000000e+08
1.500670870000000000e+08
1.525140780000000000e+08
1.422109520000000000e+08
1.494795100000000000e+08
1.344197050000000000e+08
1.495719300000000000e+08
1.353109530000000000e+08
1.353717840000000000e+08
1.502746150000000000e+08
1.442231560000000000e+08
1.420816020000000000e+08
1.325454090000000000e+08
1.503904900000000000e+08
1.405968020000000000e+08
1.504305660000000000e+08
1.023121940000000000e+08
1.499022030000000000e+08
1.241758420000000000e+08
1.502496220000000000e+08
1.500651510000000000e+08
1.423770480000000000e+08
1.393069380000000000e+08
1.070123640000000000e+08
1.072214560000000000e+08
1.023040130000000000e+08
1.408576610000000000e+08
1.500992180000000000e+08
1.316237240000000000e+08
1.038309400000000000e+08
1.417131890000000000e+08
1.407600060000000000e+08
1.405809850000000000e+08
1.448230140000000000e+08
1.423268810000000000e+08
1.039139250000000000e+08
1.411274350000000000e+08
1.495734370000000000e+08
1.422617310000000000e+08
1.406918430000000000e+08
1.071431820000000000e+08
1.020796910000000000e+08
1.065283390000000000e+08
1.422618850000000000e+08
1.491759110000000000e+08
1.494737820000000000e+08
1.039585470000000000e+08
1.467205550000000000e+08
1.492732990000000000e+08
1.525951960000000000e+08
1.523700470000000000e+08
1.493937810000000000e+08
1.491567480000000000e+08
1.499353600000000000e+08
1.242057530000000000e+08
1.476600160000000000e+08
1.517679370000000000e+08
1.490391160000000000e+08
1.524624430000000000e+08
1.496003760000000000e+08
1.309814450000000000e+08
1.420870470000000000e+08
1.415450370000000000e+08
1.503911180000000000e+08
1.492743670000000000e+08
1.417661910000000000e+08
1.445103490000000000e+08
1.408959830000000000e+08
1.423125020000000000e+08
1.021872530000000000e+08
1.406589820000000000e+08
1.421719230000000000e+08
1.414713570000000000e+08
1.490599500000000000e+08
1.447267440000000000e+08
1.419379880000000000e+08
1.503237500000000000e+08
1.471598000000000000e+07
1.068177070000000000e+08
1.017742370000000000e+08
1.491547170000000000e+08
1.309842430000000000e+08
1.501006270000000000e+08
1.109964180000000000e+08
1.365044360000000000e+08
1.353469540000000000e+08
1.494231110000000000e+08
1.023027090000000000e+08
1.320772840000000000e+08
1.019503740000000000e+08
1.072216100000000000e+08
1.495425380000000000e+08
1.353123880000000000e+08
1.491027620000000000e+08
1.409388880000000000e+08
1.417701980000000000e+08
1.522778570000000000e+08
1.351768050000000000e+08
1.313099210000000000e+08
1.421046860000000000e+08
1.492526150000000000e+08
1.243072410000000000e+08
1.503930640000000000e+08
1.406096480000000000e+08
1.416271260000000000e+08
1.070189330000000000e+08
1.040245560000000000e+08
1.244056830000000000e+08
1.421468350000000000e+08
1.406325710000000000e+08
1.491745760000000000e+08
1.502454030000000000e+08
1.446581640000000000e+08
1.354244590000000000e+08
1.419107900000000000e+08
1.016319130000000000e+08
1.503607660000000000e+08
1.491766420000000000e+08
1.241775420000000000e+08
1.523175270000000000e+08
1.245146890000000000e+08
1.017730080000000000e+08
1.503931910000000000e+08
1.501636950000000000e+08
1.016907120000000000e+08
1.421091850000000000e+08
1.496252540000000000e+08
1.244272450000000000e+08
1.036829200000000000e+08
1.410297120000000000e+08
1.524629120000000000e+08
1.408941850000000000e+08
1.494729070000000000e+08
1.307110400000000000e+08
1.414235360000000000e+08
1.468379400000000000e+08
1.475656660000000000e+08
1.516837230000000000e+08
1.241720660000000000e+08
1.494236520000000000e+08
1.309241990000000000e+08
1.017721770000000000e+08
1.036824430000000000e+08
1.461521400000000000e+07
1.440751530000000000e+08
1.407606140000000000e+08
1.069899820000000000e+08
1.037770400000000000e+08
1.353655770000000000e+08
1.441107730000000000e+08
1.406342570000000000e+08
1.243370790000000000e+08
1.493886410000000000e+08
1.492691780000000000e+08
1.419416840000000000e+08
1.524663900000000000e+08
1.348373710000000000e+08
1.499938610000000000e+08
1.365047130000000000e+08
1.310818520000000000e+08
1.499024110000000000e+08
1.501687390000000000e+08
1.349739640000000000e+08
1.202983970000000000e+08
1.418099620000000000e+08
1.420828320000000000e+08
1.444287760000000000e+08
1.017288550000000000e+08
1.492516110000000000e+08
1.469994460000000000e+08
1.501090080000000000e+08
1.240926150000000000e+08
1.504315990000000000e+08
1.417579310000000000e+08
1.414131200000000000e+08
1.409698690000000000e+08
1.405810310000000000e+08
1.441539030000000000e+08
1.068855980000000000e+08
1.492203780000000000e+08
1.421057280000000000e+08
1.518663300000000000e+08
1.521473670000000000e+08
1.501004210000000000e+08
1.493942570000000000e+08
1.446617090000000000e+08
1.407588310000000000e+08
1.354322370000000000e+08
1.307322880000000000e+08
1.070184860000000000e+08
1.071467600000000000e+08
1.521475490000000000e+08
1.420158520000000000e+08
1.491207260000000000e+08
1.472140320000000000e+08
1.354488570000000000e+08
1.039389840000000000e+08
1.421418700000000000e+08
1.448315220000000000e+08
1.524833910000000000e+08
1.310614090000000000e+08
1.069006790000000000e+08
1.503592600000000000e+08
1.244520830000000000e+08
1.420858420000000000e+08
1.500294480000000000e+08
1.219484960000000000e+08
1.499344310000000000e+08
1.351589020000000000e+08
1.070121100000000000e+08
1.491206020000000000e+08
1.308665020000000000e+08
1.039587410000000000e+08
1.036941730000000000e+08
1.109759180000000000e+08
1.405965130000000000e+08
1.405973530000000000e+08
1.243060830000000000e+08
1.501103910000000000e+08
1.503933900000000000e+08
1.524793070000000000e+08
1.503592120000000000e+08
1.524645390000000000e+08
1.408984360000000000e+08
1.412809390000000000e+08
1.246931260000000000e+08
1.443906120000000000e+08
1.026281870000000000e+08
1.501444150000000000e+08
1.414230330000000000e+08
1.495421190000000000e+08
1.491051070000000000e+08
1.420522770000000000e+08
1.463129140000000000e+08
1.307865220000000000e+08
1.504311200000000000e+08
1.494771000000000000e+08
1.502457540000000000e+08
1.444307490000000000e+08
1.205963260000000000e+08
1.491772710000000000e+08
1.202296210000000000e+08
1.245707530000000000e+08
1.407552160000000000e+08
1.494977000000000000e+08
1.408993830000000000e+08
1.039397740000000000e+08
1.518628000000000000e+08
1.406884520000000000e+08
1.036781480000000000e+08
1.348110230000000000e+08
1.024182340000000000e+08
1.420193430000000000e+08
1.503574040000000000e+08
1.016496840000000000e+08
1.419449110000000000e+08
1.347186930000000000e+08
1.414697400000000000e+08
1.500297560000000000e+08
1.070184220000000000e+08
1.017725180000000000e+08
1.308456780000000000e+08
1.499135930000000000e+08
1.421096650000000000e+08
1.417527870000000000e+08
1.448439380000000000e+08
1.423877350000000000e+08
1.502721480000000000e+08
1.407547970000000000e+08
1.022178670000000000e+08
1.503009350000000000e+08
1.243370770000000000e+08
1.493474800000000000e+08
1.445694720000000000e+08
1.418109340000000000e+08
1.069003980000000000e+08
1.525639990000000000e+08
1.023056610000000000e+08
1.492699650000000000e+08
1.502454380000000000e+08
1.466659910000000000e+08
1.423241780000000000e+08
1.442926390000000000e+08
1.500627970000000000e+08
1.447261870000000000e+08
1.069897600000000000e+08
1.347186940000000000e+08
1.503015290000000000e+08
1.070133950000000000e+08
1.490371120000000000e+08
1.412684670000000000e+08
1.037773250000000000e+08
1.017702310000000000e+08
1.517362760000000000e+08
1.036933420000000000e+08
1.353091560000000000e+08
1.519163740000000000e+08
1.069895530000000000e+08
1.493915000000000000e+08
1.309997890000000000e+08
1.495999710000000000e+08
1.347152800000000000e+08
1.022179430000000000e+08
1.312188480000000000e+08
1.039138410000000000e+08
1.474668170000000000e+08
1.502493840000000000e+08
1.464925370000000000e+08
1.023128400000000000e+08
1.349727450000000000e+08
1.491749920000000000e+08
1.180806010000000000e+08
1.247695080000000000e+08
1.242873960000000000e+08
1.522280820000000000e+08
1.308245940000000000e+08
1.068115000000000000e+08
1.319672040000000000e+08
1.070120500000000000e+08
1.444469390000000000e+08
1.409706130000000000e+08
1.448327440000000000e+08
1.406892040000000000e+08
1.416069580000000000e+08
1.421091020000000000e+08
1.240917630000000000e+08
1.502991670000000000e+08
1.035631610000000000e+08
1.405780240000000000e+08
1.518610990000000000e+08
1.525154280000000000e+08
1.421056130000000000e+08
1.499309940000000000e+08
1.409981160000000000e+08
1.520229800000000000e+08
1.491253770000000000e+08
1.490393080000000000e+08
1.494796240000000000e+08
1.415425850000000000e+08
1.017750960000000000e+08
1.350971570000000000e+08
1.444883260000000000e+08
1.199180240000000000e+08
1.064976310000000000e+08
1.417700470000000000e+08
1.409397040000000000e+08
1.414109610000000000e+08
1.067591910000000000e+08
1.310050630000000000e+08
1.419722890000000000e+08
1.245141040000000000e+08
1.393707010000000000e+08
1.354540810000000000e+08
1.415265470000000000e+08
1.491590390000000000e+08
1.347677640000000000e+08
1.351747150000000000e+08
1.499730440000000000e+08
1.519127940000000000e+08
1.311341630000000000e+08
1.492522250000000000e+08
1.475401750000000000e+08
1.494975220000000000e+08
1.499023030000000000e+08
1.423281750000000000e+08
1.491075850000000000e+08
1.500651090000000000e+08
1.441123550000000000e+08
1.421424500000000000e+08
1.414122900000000000e+08
1.308666760000000000e+08
1.308251310000000000e+08
1.535961900000000000e+07
1.442210090000000000e+08
1.038634140000000000e+08
1.467600970000000000e+08
1.518608320000000000e+08
1.500624470000000000e+08
1.493476080000000000e+08
1.240981050000000000e+08
1.499300090000000000e+08
1.517656270000000000e+08
1.492725060000000000e+08
1.243053170000000000e+08
1.068152370000000000e+08
1.071408030000000000e+08
1.440788090000000000e+08
1.069891580000000000e+08
1.311162020000000000e+08
1.184147700000000000e+08
1.349031800000000000e+08
1.410902700000000000e+08
1.243362910000000000e+08
1.504432960000000000e+08
1.528517490000000000e+08
1.502496060000000000e+08
1.351476390000000000e+08
1.446084670000000000e+08
1.466034200000000000e+07
1.181707790000000000e+08
1.410289620000000000e+08
1.017753880000000000e+08
1.412682800000000000e+08
1.421569590000000000e+08
1.490378410000000000e+08
1.495392920000000000e+08
1.180745710000000000e+08
1.502732550000000000e+08
1.201478560000000000e+08
1.069886320000000000e+08
1.017753590000000000e+08
1.422606230000000000e+08
1.039407660000000000e+08
1.421739580000000000e+08
1.321579540000000000e+08
1.494977630000000000e+08
1.039442190000000000e+08
1.445131130000000000e+08
1.407548470000000000e+08
1.423910290000000000e+08
1.420603800000000000e+08
1.016908850000000000e+08
1.446761560000000000e+08
1.308467090000000000e+08
1.468070300000000000e+07
1.448257800000000000e+08
1.309267820000000000e+08
1.244010190000000000e+08
1.244490950000000000e+08
1.350929190000000000e+08
1.420633600000000000e+08
1.205141830000000000e+08
1.499353380000000000e+08
1.311373130000000000e+08
1.519587490000000000e+08
1.065301640000000000e+08
1.327401790000000000e+08
1.417094220000000000e+08
1.423105050000000000e+08
1.499146970000000000e+08
1.351500790000000000e+08
1.347585360000000000e+08
1.519597270000000000e+08
1.476602010000000000e+08
1.499892420000000000e+08
1.501908840000000000e+08
1.468123940000000000e+08
1.071479880000000000e+08
1.241776710000000000e+08
1.495439000000000000e+08
1.245300900000000000e+08
1.493050700000000000e+08
1.504332700000000000e+08
1.026819400000000000e+08
1.415303150000000000e+08
1.021713740000000000e+08
1.503619110000000000e+08
1.441172500000000000e+08
1.036817080000000000e+08
1.310829870000000000e+08
1.418054930000000000e+08
1.417142690000000000e+08
1.312165940000000000e+08
1.417722590000000000e+08
1.405804820000000000e+08
1.420578670000000000e+08
1.503595000000000000e+08
1.414718700000000000e+08
1.406093840000000000e+08
1.350928970000000000e+08
1.496003840000000000e+08
1.491561390000000000e+08
1.038336450000000000e+08
1.500309500000000000e+08
1.450112330000000000e+08
1.241724160000000000e+08
1.537174000000000000e+07
1.494232220000000000e+08
1.329674160000000000e+08
1.501062000000000000e+08
1.494734670000000000e+08
1.329173220000000000e+08
1.420950810000000000e+08
1.502502360000000000e+08
1.417579200000000000e+08
1.406352850000000000e+08
1.417121670000000000e+08
1.447841380000000000e+08
1.244542120000000000e+08
1.418676070000000000e+08
1.037809540000000000e+08
1.421424880000000000e+08
1.502991150000000000e+08
1.523984760000000000e+08
1.242325760000000000e+08
1.071415320000000000e+08
1.468938540000000000e+08
1.465853150000000000e+08
1.502456140000000000e+08
1.492529610000000000e+08
1.503955290000000000e+08
1.411541150000000000e+08
1.067331810000000000e+08
1.524659740000000000e+08
1.405270220000000000e+08
1.418263650000000000e+08
1.499937200000000000e+08
1.491741060000000000e+08
1.411870100000000000e+08
1.517638920000000000e+08
1.018024540000000000e+08
1.449533870000000000e+08
1.499028470000000000e+08
1.420621730000000000e+08
1.417716910000000000e+08
1.023103310000000000e+08
1.407585950000000000e+08
1.442267990000000000e+08
1.494455800000000000e+08
1.016316670000000000e+08
1.414286200000000000e+08
1.503941260000000000e+08
1.070180690000000000e+08
1.536390000000000000e+07
1.494985480000000000e+08
1.039559870000000000e+08
1.421103830000000000e+08
1.504400790000000000e+08
1.417081470000000000e+08
1.016887350000000000e+08
1.468861150000000000e+08
1.313113260000000000e+08
1.039162630000000000e+08
1.337917120000000000e+08
1.040182680000000000e+08
1.502990780000000000e+08
1.067569930000000000e+08
1.406613680000000000e+08
1.493027440000000000e+08
1.040211720000000000e+08
1.037496300000000000e+08
1.241738920000000000e+08
1.417099970000000000e+08
1.444900400000000000e+08
1.501454560000000000e+08
1.525638460000000000e+08
1.441868470000000000e+08
1.038593620000000000e+08
1.421092830000000000e+08
1.241470540000000000e+08
1.419795790000000000e+08
1.244224840000000000e+08
1.449124980000000000e+08
1.412686050000000000e+08
1.351470500000000000e+08
1.495732080000000000e+08
1.476226760000000000e+08
1.466095800000000000e+08
1.416082890000000000e+08
1.017329960000000000e+08
1.070167200000000000e+08
1.503923770000000000e+08
1.311149620000000000e+08
1.495730960000000000e+08
1.017315780000000000e+08
1.414362150000000000e+08
1.307224380000000000e+08
1.503231130000000000e+08
1.471529500000000000e+07
1.519403570000000000e+08
1.502477210000000000e+08
1.068087860000000000e+08
1.496017680000000000e+08
1.408018310000000000e+08
1.503202350000000000e+08
1.495727230000000000e+08
1.520621020000000000e+08
1.468252600000000000e+07
1.354552310000000000e+08
1.223307430000000000e+08
1.502717060000000000e+08
1.423902900000000000e+08
1.421166090000000000e+08
1.445068520000000000e+08
1.419070900000000000e+08
1.405122000000000000e+08
1.416059290000000000e+08
1.309833010000000000e+08
1.419398850000000000e+08
1.416215340000000000e+08
1.417702990000000000e+08
1.016875570000000000e+08
1.347597220000000000e+08
1.471361720000000000e+08
1.318097110000000000e+08
1.311180910000000000e+08
1.308428110000000000e+08
1.380563530000000000e+08
1.405990560000000000e+08
1.517924130000000000e+08
1.465325490000000000e+08
1.520610650000000000e+08
1.450074530000000000e+08
1.499143380000000000e+08
1.500296510000000000e+08
1.347546010000000000e+08
1.467239750000000000e+08
1.414717550000000000e+08
1.017987580000000000e+08
1.244528170000000000e+08
1.493911420000000000e+08
1.502995480000000000e+08
1.449188370000000000e+08
1.447881630000000000e+08
1.503576130000000000e+08
1.502754590000000000e+08
1.518303140000000000e+08
1.417092370000000000e+08
1.411218900000000000e+08
1.415307480000000000e+08
1.420149320000000000e+08
1.067558220000000000e+08
1.311918670000000000e+08
1.069913680000000000e+08
1.464890870000000000e+08
1.495757260000000000e+08
1.496654620000000000e+08
1.423901580000000000e+08
1.469395610000000000e+08
1.415420230000000000e+08
1.416107590000000000e+08
1.414795470000000000e+08
1.503223400000000000e+08
1.499139130000000000e+08
1.448458260000000000e+08
1.466288100000000000e+07
1.414728060000000000e+08
1.441819660000000000e+08
1.466088600000000000e+08
1.419770760000000000e+08
1.321524160000000000e+08
1.321632140000000000e+08
1.308683940000000000e+08
1.495391140000000000e+08
1.408286630000000000e+08
1.352479560000000000e+08
1.393696340000000000e+08
1.355065670000000000e+08
1.419106060000000000e+08
1.491594110000000000e+08
1.311392330000000000e+08
1.493044950000000000e+08
1.519137650000000000e+08
1.446572460000000000e+08
1.407568240000000000e+08
1.355046820000000000e+08
1.184171210000000000e+08
1.443944950000000000e+08
1.444487750000000000e+08
1.312166690000000000e+08
1.023132870000000000e+08
1.414724080000000000e+08
1.468136550000000000e+08
1.246061900000000000e+08
1.504430460000000000e+08
1.309434790000000000e+08
1.499934450000000000e+08
1.065282790000000000e+08
1.241776360000000000e+08
1.310606050000000000e+08
1.492752350000000000e+08
1.523972980000000000e+08
1.387003770000000000e+08
1.224902700000000000e+08
1.065280360000000000e+08
1.495764070000000000e+08
