1.468701220000000000e+08
1.411568160000000000e+08
1.322282590000000000e+08
1.249504130000000000e+08
1.482297100000000000e+08
1.512672280000000000e+08
1.501434240000000000e+08
1.339185710000000000e+08
1.416851800000000000e+08
1.230290300000000000e+08
1.002008010000000000e+08
1.494742600000000000e+08
1.503223220000000000e+08
1.478001690000000000e+08
1.490269800000000000e+07
1.499903670000000000e+08
1.415444940000000000e+08
1.228706620000000000e+08
1.416283390000000000e+08
1.410269030000000000e+08
1.512686630000000000e+08
1.327762100000000000e+08
1.415988910000000000e+08
1.503569060000000000e+08
1.464041620000000000e+08
1.500349480000000000e+08
1.532712610000000000e+08
1.303390270000000000e+08
1.418114310000000000e+08
1.416122210000000000e+08
1.348567180000000000e+08
1.460415420000000000e+08
1.478993790000000000e+08
1.479582960000000000e+08
1.107986610000000000e+08
1.439723170000000000e+08
1.410960710000000000e+08
1.212059450000000000e+08
1.496307540000000000e+08
1.324531930000000000e+08
1.496011560000000000e+08
1.121158370000000000e+08
1.251780220000000000e+08
1.420172650000000000e+08
1.122330500000000000e+08
1.193257530000000000e+08
1.471797680000000000e+08
1.494506120000000000e+08
1.306467230000000000e+08
1.107036500000000000e+07
1.237024390000000000e+08
1.495732640000000000e+08
1.481011720000000000e+08
1.178815430000000000e+08
1.504304310000000000e+08
1.292602060000000000e+08
1.494976620000000000e+08
1.503902600000000000e+08
1.415275790000000000e+08
1.421078210000000000e+08
1.531071690000000000e+08
1.304717210000000000e+08
1.504214340000000000e+08
1.230316280000000000e+08
1.479489280000000000e+08
1.493475340000000000e+08
1.501887580000000000e+08
1.424064270000000000e+08
1.504378990000000000e+08
1.177396300000000000e+08
1.424060460000000000e+08
1.344757440000000000e+08
1.254993140000000000e+08
1.476998090000000000e+08
1.425340820000000000e+08
1.420836290000000000e+08
1.297982030000000000e+08
1.540042870000000000e+08
1.454617780000000000e+08
1.416249790000000000e+08
1.419744950000000000e+08
1.504277900000000000e+08
1.416124740000000000e+08
1.303703780000000000e+08
1.452836730000000000e+08
1.254961710000000000e+08
1.501065530000000000e+08
1.194457810000000000e+08
1.264461530000000000e+08
1.341712260000000000e+08
1.417562130000000000e+08
1.434753810000000000e+08
1.345374780000000000e+08
1.064046960000000000e+08
1.421492420000000000e+08
1.091235920000000000e+08
1.525004400000000000e+08
1.334914510000000000e+08
1.031238800000000000e+07
1.478051460000000000e+08
1.479722170000000000e+08
1.255841360000000000e+08
1.303368190000000000e+08
1.227230110000000000e+08
1.495991890000000000e+08
1.536600450000000000e+08
1.177689570000000000e+08
1.484918340000000000e+08
1.255665260000000000e+08
1.499711130000000000e+08
1.135632570000000000e+08
1.116412220000000000e+08
1.501445700000000000e+08
1.496306770000000000e+08
1.530426430000000000e+08
1.437434450000000000e+08
1.230831430000000000e+08
1.439717910000000000e+08
1.538407690000000000e+08
1.485918960000000000e+08
1.096915080000000000e+08
1.503240860000000000e+08
1.101982590000000000e+08
1.405981790000000000e+08
1.321750450000000000e+08
1.491759650000000000e+08
1.480964560000000000e+08
1.397805960000000000e+08
1.460379620000000000e+08
1.017663600000000000e+07
1.504435130000000000e+08
1.478571000000000000e+08
1.496255800000000000e+08
1.251681180000000000e+08
1.493477720000000000e+08
1.308755190000000000e+08
1.343163650000000000e+08
1.455772320000000000e+08
1.489188450000000000e+08
1.124819560000000000e+08
1.495031440000000000e+08
1.418092200000000000e+08
1.213151960000000000e+08
1.415178180000000000e+08
1.342873140000000000e+08
1.499345540000000000e+08
1.491242180000000000e+08
1.496727020000000000e+08
1.484651720000000000e+08
1.500627720000000000e+08
1.284591420000000000e+08
1.212886270000000000e+08
1.076210890000000000e+08
1.249875250000000000e+08
1.419762470000000000e+08
1.504382370000000000e+08
1.428426630000000000e+08
1.107973070000000000e+08
1.453978620000000000e+08
1.491073890000000000e+08
1.501019580000000000e+08
1.482309000000000000e+08
1.500314430000000000e+08
1.236996700000000000e+08
1.427704310000000000e+08
1.501014720000000000e+08
1.276484620000000000e+08
1.484765980000000000e+08
1.192470550000000000e+08
1.343162900000000000e+08
1.503004860000000000e+08
1.530392790000000000e+08
1.194941750000000000e+08
1.408581400000000000e+08
1.278029420000000000e+08
1.234790910000000000e+08
1.177366680000000000e+08
1.138401660000000000e+08
1.127291090000000000e+08
1.489737620000000000e+08
1.479577260000000000e+08
1.451653300000000000e+08
1.417693560000000000e+08
1.415145040000000000e+08
1.409389750000000000e+08
1.492197290000000000e+08
1.002108640000000000e+08
1.481733830000000000e+08
1.299234020000000000e+08
1.410953590000000000e+08
1.494738390000000000e+08
1.419139940000000000e+08
1.346049100000000000e+08
1.413351000000000000e+08
1.516280560000000000e+08
1.066189100000000000e+08
1.177683020000000000e+08
1.484509700000000000e+08
1.302588720000000000e+08
1.481013330000000000e+08
1.344979060000000000e+08
1.233265690000000000e+08
1.503207120000000000e+08
1.503950090000000000e+08
1.502491550000000000e+08
1.415420330000000000e+08
1.531934740000000000e+08
1.494498050000000000e+08
1.133846380000000000e+08
1.524014850000000000e+08
1.429637080000000000e+08
1.493020860000000000e+08
1.246512210000000000e+08
1.499897810000000000e+08
1.480021420000000000e+08
1.065994170000000000e+08
1.493479480000000000e+08
1.515151010000000000e+08
1.421053080000000000e+08
1.412168200000000000e+08
1.414809530000000000e+08
1.415456160000000000e+08
1.011972050000000000e+08
1.418238810000000000e+08
1.410946720000000000e+08
1.107176400000000000e+07
1.502880180000000000e+08
1.488649300000000000e+08
1.303382740000000000e+08
1.344683980000000000e+08
1.193639790000000000e+08
1.279792830000000000e+08
1.091761200000000000e+07
1.405406020000000000e+08
1.230273580000000000e+08
1.283894740000000000e+08
1.091996530000000000e+08
1.255827900000000000e+08
1.502717800000000000e+08
1.420191710000000000e+08
1.341135660000000000e+08
1.132858800000000000e+08
1.212352950000000000e+08
1.345485740000000000e+08
1.249886870000000000e+08
1.502102530000000000e+08
1.415442810000000000e+08
1.479756410000000000e+08
1.502827250000000000e+08
1.491027230000000000e+08
1.237009770000000000e+08
1.500317660000000000e+08
1.414137060000000000e+08
1.427222190000000000e+08
1.011425020000000000e+08
1.493467520000000000e+08
1.106868000000000000e+07
1.213190360000000000e+08
1.491281260000000000e+08
1.506104140000000000e+08
1.414290300000000000e+08
1.315718050000000000e+08
1.439877200000000000e+08
1.494443410000000000e+08
1.504421520000000000e+08
1.459665370000000000e+08
1.339747370000000000e+08
1.063397450000000000e+08
1.177684410000000000e+08
1.501879080000000000e+08
1.266933820000000000e+08
1.501036500000000000e+08
1.252459210000000000e+08
1.417300810000000000e+08
1.287366900000000000e+08
1.013196590000000000e+08
1.437395610000000000e+08
1.492507530000000000e+08
1.501015640000000000e+08
1.212029750000000000e+08
1.341954200000000000e+08
1.519283080000000000e+08
1.407599740000000000e+08
1.107096580000000000e+08
1.409978600000000000e+08
1.012083160000000000e+08
1.099766900000000000e+07
1.416075530000000000e+08
1.192897520000000000e+08
1.119626670000000000e+08
1.440587550000000000e+08
1.492534090000000000e+08
1.482417230000000000e+08
1.128433890000000000e+08
1.304195210000000000e+08
1.504426580000000000e+08
1.093097500000000000e+08
1.119543790000000000e+08
1.416255590000000000e+08
1.242496870000000000e+08
1.479994470000000000e+08
1.491600580000000000e+08
1.452768640000000000e+08
1.418241220000000000e+08
1.264419700000000000e+08
1.471236190000000000e+08
1.342911600000000000e+08
1.017696600000000000e+07
1.098304240000000000e+08
1.330391350000000000e+08
1.427201560000000000e+08
1.247004370000000000e+08
1.502709790000000000e+08
1.405796740000000000e+08
1.107074540000000000e+08
1.452801730000000000e+08
1.286598770000000000e+08
1.433172140000000000e+08
1.447486300000000000e+08
1.439118370000000000e+08
1.492173420000000000e+08
1.501664650000000000e+08
1.123190340000000000e+08
1.247779540000000000e+08
1.495381230000000000e+08
1.065968010000000000e+08
1.410159300000000000e+08
1.437838770000000000e+08
1.483573440000000000e+08
1.423995280000000000e+08
1.491800760000000000e+08
1.501418980000000000e+08
1.230813140000000000e+08
1.480967080000000000e+08
1.493112700000000000e+08
1.416119850000000000e+08
1.309605600000000000e+08
1.011966950000000000e+08
1.406089050000000000e+08
1.302954910000000000e+08
1.503616160000000000e+08
1.413355530000000000e+08
1.482295630000000000e+08
1.418062920000000000e+08
1.504401760000000000e+08
1.136587430000000000e+08
1.526983040000000000e+08
1.193616710000000000e+08
1.343587750000000000e+08
1.279833360000000000e+08
1.214177830000000000e+08
1.439870800000000000e+08
1.481320650000000000e+08
1.418264950000000000e+08
1.124766990000000000e+08
1.096944310000000000e+08
1.464149540000000000e+08
1.258983770000000000e+08
1.509622830000000000e+08
1.404625190000000000e+08
1.507513760000000000e+08
1.406361620000000000e+08
1.492590630000000000e+08
1.130837000000000000e+07
1.246900960000000000e+08
1.493025520000000000e+08
1.076257530000000000e+08
1.496734910000000000e+08
1.115400720000000000e+08
1.502709770000000000e+08
1.084635650000000000e+08
1.089466380000000000e+08
1.499032500000000000e+08
1.471023690000000000e+08
1.274037690000000000e+08
1.406334730000000000e+08
1.429124730000000000e+08
1.405766500000000000e+08
1.482275840000000000e+08
1.416267830000000000e+08
1.450264440000000000e+08
1.499023660000000000e+08
1.250585730000000000e+08
1.068939990000000000e+08
1.418658750000000000e+08
1.469833580000000000e+08
1.418241500000000000e+08
1.411875700000000000e+08
1.504419050000000000e+08
1.237449950000000000e+08
1.408016830000000000e+08
1.438426510000000000e+08
1.409462370000000000e+08
1.089512450000000000e+08
1.405771340000000000e+08
1.176707660000000000e+08
1.194927020000000000e+08
1.195229090000000000e+08
1.456205270000000000e+08
1.480304800000000000e+07
1.345385920000000000e+08
1.229021480000000000e+08
1.418237750000000000e+08
1.317454310000000000e+08
1.299299160000000000e+08
1.132953370000000000e+08
1.088401240000000000e+08
1.529445820000000000e+08
1.410962700000000000e+08
1.429189270000000000e+08
1.397845460000000000e+08
1.194410290000000000e+08
1.342839980000000000e+08
1.414139320000000000e+08
1.501855810000000000e+08
1.316475390000000000e+08
1.479490430000000000e+08
1.414253490000000000e+08
1.213345210000000000e+08
1.501918810000000000e+08
1.413342930000000000e+08
1.401003200000000000e+08
1.531917070000000000e+08
1.109038660000000000e+08
1.097285920000000000e+08
1.405991250000000000e+08
1.406619160000000000e+08
1.213155660000000000e+08
1.408264380000000000e+08
1.258975080000000000e+08
1.483210010000000000e+08
1.192866520000000000e+08
1.526817990000000000e+08
1.302971530000000000e+08
1.342912020000000000e+08
1.240067610000000000e+08
1.306465250000000000e+08
1.232111750000000000e+08
1.252638470000000000e+08
1.499350430000000000e+08
1.238257940000000000e+08
1.500304110000000000e+08
1.318406510000000000e+08
1.504316590000000000e+08
1.231083260000000000e+08
1.504698520000000000e+08
1.408998250000000000e+08
1.485819460000000000e+08
1.144782000000000000e+08
1.450213930000000000e+08
1.124821480000000000e+08
1.501855860000000000e+08
1.499026580000000000e+08
1.416220650000000000e+08
1.212847240000000000e+08
1.504270050000000000e+08
1.408943540000000000e+08
1.408598220000000000e+08
1.194080610000000000e+08
1.407601640000000000e+08
1.470336080000000000e+08
1.323718670000000000e+08
1.193644630000000000e+08
1.477999100000000000e+08
1.483350500000000000e+08
1.411212360000000000e+08
1.418708310000000000e+08
1.496008460000000000e+08
1.488055420000000000e+08
1.499761870000000000e+08
1.212839120000000000e+08
1.499722070000000000e+08
1.510067280000000000e+08
1.420855690000000000e+08
1.192888570000000000e+08
1.502509590000000000e+08
1.421065810000000000e+08
1.502844250000000000e+08
1.305814980000000000e+08
1.509590340000000000e+08
1.493167370000000000e+08
1.502454300000000000e+08
1.411272530000000000e+08
1.410936930000000000e+08
1.073371280000000000e+08
1.414223390000000000e+08
1.233836430000000000e+08
1.515737240000000000e+08
1.504304040000000000e+08
1.503226520000000000e+08
1.302919590000000000e+08
1.416816450000000000e+08
1.501072140000000000e+08
1.414502110000000000e+08
1.122323710000000000e+08
1.420526080000000000e+08
1.483376300000000000e+08
1.345003180000000000e+08
1.475796010000000000e+08
1.344679690000000000e+08
1.480022030000000000e+08
1.213383790000000000e+08
1.392439480000000000e+08
1.493015750000000000e+08
1.444219130000000000e+08
1.245443850000000000e+08
1.411226770000000000e+08
1.246990620000000000e+08
1.213164620000000000e+08
1.406307920000000000e+08
1.482412790000000000e+08
1.213195100000000000e+08
1.501673190000000000e+08
1.344276700000000000e+08
1.433329750000000000e+08
1.252581330000000000e+08
1.230367230000000000e+08
1.405275540000000000e+08
1.135577490000000000e+08
1.212052190000000000e+08
1.493461630000000000e+08
1.342911040000000000e+08
1.419444880000000000e+08
1.479412960000000000e+08
1.444741920000000000e+08
1.414537190000000000e+08
1.434288690000000000e+08
1.503611040000000000e+08
1.460366950000000000e+08
1.395731340000000000e+08
1.100902700000000000e+07
1.482776920000000000e+08
1.213166800000000000e+08
1.411561050000000000e+08
1.433835500000000000e+08
1.485920970000000000e+08
1.404711990000000000e+08
1.419140820000000000e+08
1.458674110000000000e+08
1.276529700000000000e+08
1.494236940000000000e+08
1.414828020000000000e+08
1.479661720000000000e+08
1.434329890000000000e+08
1.499895350000000000e+08
1.484665730000000000e+08
1.490186100000000000e+07
1.419094810000000000e+08
1.435960080000000000e+08
1.213188280000000000e+08
1.417110080000000000e+08
1.499647210000000000e+08
1.092044250000000000e+08
1.492614700000000000e+08
1.419782290000000000e+08
1.326247310000000000e+08
1.494979240000000000e+08
1.415917350000000000e+08
1.499722110000000000e+08
1.481823850000000000e+08
1.416069860000000000e+08
1.471825510000000000e+08
1.416104730000000000e+08
1.314251080000000000e+08
1.520763820000000000e+08
1.529455810000000000e+08
1.503592770000000000e+08
1.517180360000000000e+08
1.416100120000000000e+08
1.416806810000000000e+08
1.238292710000000000e+08
1.450228610000000000e+08
1.426716350000000000e+08
1.501880710000000000e+08
1.025468300000000000e+07
1.501667110000000000e+08
1.416114610000000000e+08
1.499898640000000000e+08
1.416272680000000000e+08
1.513703400000000000e+08
1.300972190000000000e+08
1.484770340000000000e+08
1.337003940000000000e+08
1.416101360000000000e+08
1.337620240000000000e+08
1.492531540000000000e+08
1.433672980000000000e+08
1.503617510000000000e+08
1.116380380000000000e+08
1.492604620000000000e+08
1.483429950000000000e+08
1.420827960000000000e+08
1.129199060000000000e+08
1.305140060000000000e+08
1.429725130000000000e+08
1.064123280000000000e+08
1.419429110000000000e+08
1.416060600000000000e+08
1.402677310000000000e+08
1.472894530000000000e+08
1.521608240000000000e+08
1.459775890000000000e+08
1.479777500000000000e+08
1.126678560000000000e+08
1.124777130000000000e+08
1.522410480000000000e+08
1.417551630000000000e+08
1.524055690000000000e+08
1.229099540000000000e+08
1.303374820000000000e+08
1.492489320000000000e+08
1.406356460000000000e+08
1.483372240000000000e+08
1.486385620000000000e+08
1.347502690000000000e+08
1.499346670000000000e+08
1.501071760000000000e+08
1.473137590000000000e+08
1.475810930000000000e+08
1.416278460000000000e+08
1.455791940000000000e+08
1.495726460000000000e+08
1.253538120000000000e+08
1.324456170000000000e+08
1.193626510000000000e+08
1.132905830000000000e+08
1.412127200000000000e+08
1.303691390000000000e+08
1.094013570000000000e+08
1.504322110000000000e+08
1.393694330000000000e+08
1.330369610000000000e+08
1.419407010000000000e+08
1.127186700000000000e+08
1.484912930000000000e+08
1.272603510000000000e+08
1.230878640000000000e+08
1.502711690000000000e+08
1.409987450000000000e+08
1.420146180000000000e+08
1.493036480000000000e+08
1.235879260000000000e+08
1.491245360000000000e+08
1.292723470000000000e+08
1.479091780000000000e+08
1.411275410000000000e+08
1.421058820000000000e+08
1.408708200000000000e+08
1.482740550000000000e+08
1.412820970000000000e+08
1.070876470000000000e+08
1.128356810000000000e+08
1.251751220000000000e+08
1.489922440000000000e+08
1.503572900000000000e+08
1.405975180000000000e+08
1.479577050000000000e+08
1.487320560000000000e+08
1.227944140000000000e+08
1.275746140000000000e+08
1.195226730000000000e+08
1.343574880000000000e+08
1.421310440000000000e+08
1.501431370000000000e+08
1.503221960000000000e+08
1.405773630000000000e+08
1.235621480000000000e+08
1.302954560000000000e+08
1.494979800000000000e+08
1.493077800000000000e+08
1.501034720000000000e+08
1.108985200000000000e+08
1.301899480000000000e+08
1.267767870000000000e+08
1.493471030000000000e+08
1.419802950000000000e+08
1.421066240000000000e+08
1.195198670000000000e+08
1.483359780000000000e+08
1.415307000000000000e+08
1.501001060000000000e+08
1.302981660000000000e+08
1.306128900000000000e+08
1.484009920000000000e+08
1.439928170000000000e+08
1.503564060000000000e+08
1.414729110000000000e+08
1.105751510000000000e+08
1.313430950000000000e+08
1.494493880000000000e+08
1.418253690000000000e+08
1.459727950000000000e+08
1.417699830000000000e+08
1.123146000000000000e+07
1.417083350000000000e+08
1.439004560000000000e+08
1.499650370000000000e+08
1.481662110000000000e+08
1.076199530000000000e+08
1.415448610000000000e+08
1.415484740000000000e+08
1.116381150000000000e+08
1.432025440000000000e+08
1.490393720000000000e+08
1.417560710000000000e+08
1.484730100000000000e+07
1.145500570000000000e+08
1.177706290000000000e+08
1.238366890000000000e+08
1.236320920000000000e+08
1.212029640000000000e+08
1.415435400000000000e+08
1.310320810000000000e+08
1.087520500000000000e+08
1.480929190000000000e+08
1.213874120000000000e+08
1.483527670000000000e+08
1.471837790000000000e+08
1.492519110000000000e+08
1.099313590000000000e+08
1.412720040000000000e+08
1.501426530000000000e+08
1.250157800000000000e+08
1.342915170000000000e+08
1.105983390000000000e+08
1.499301500000000000e+08
1.494497950000000000e+08
1.011961890000000000e+08
1.252941140000000000e+08
1.412163980000000000e+08
1.522422040000000000e+08
1.344750800000000000e+08
1.492526700000000000e+08
1.113169380000000000e+08
1.236420340000000000e+08
1.510119230000000000e+08
1.402687270000000000e+08
1.104693850000000000e+08
1.345503340000000000e+08
1.471252930000000000e+08
1.106072560000000000e+08
1.499706130000000000e+08
1.177423380000000000e+08
1.212392070000000000e+08
1.491234860000000000e+08
1.482253090000000000e+08
1.494231740000000000e+08
1.249882130000000000e+08
1.273311260000000000e+08
1.417554140000000000e+08
1.130262010000000000e+08
1.298835160000000000e+08
1.501886630000000000e+08
1.402701430000000000e+08
1.343164790000000000e+08
1.501414180000000000e+08
1.064939210000000000e+08
1.481040610000000000e+08
1.478510860000000000e+08
1.393712650000000000e+08
1.319478420000000000e+08
1.420178260000000000e+08
1.194443960000000000e+08
1.449875700000000000e+07
1.453264510000000000e+08
1.420847620000000000e+08
1.178175840000000000e+08
1.497444860000000000e+08
1.420825480000000000e+08
1.500642380000000000e+08
1.502716800000000000e+08
1.490597730000000000e+08
1.419454700000000000e+08
1.499759220000000000e+08
1.124790130000000000e+08
1.230328470000000000e+08
1.177712130000000000e+08
1.503943610000000000e+08
1.493484880000000000e+08
1.336675060000000000e+08
1.491551980000000000e+08
1.118795200000000000e+08
1.434362210000000000e+08
1.496061420000000000e+08
1.302943070000000000e+08
1.504428410000000000e+08
1.418699670000000000e+08
1.411552640000000000e+08
1.342005200000000000e+08
1.501422070000000000e+08
1.002050880000000000e+08
1.416825890000000000e+08
1.503903270000000000e+08
1.095590370000000000e+08
1.499880590000000000e+08
1.429109860000000000e+08
1.494793520000000000e+08
1.411742230000000000e+08
1.252448330000000000e+08
1.424167950000000000e+08
1.103493500000000000e+08
1.406320800000000000e+08
1.312525930000000000e+08
1.408900280000000000e+08
1.488748150000000000e+08
1.273318160000000000e+08
1.246499790000000000e+08
1.194952660000000000e+08
1.100616900000000000e+07
1.503906190000000000e+08
1.001128150000000000e+08
1.092464200000000000e+07
1.415983200000000000e+08
1.420873980000000000e+08
1.495418410000000000e+08
1.416856430000000000e+08
1.344740950000000000e+08
1.341728280000000000e+08
1.484792780000000000e+08
1.416112080000000000e+08
1.536607500000000000e+08
1.341716890000000000e+08
1.407619480000000000e+08
1.178172580000000000e+08
1.438423420000000000e+08
1.419797390000000000e+08
1.244985420000000000e+08
1.482922180000000000e+08
1.503206200000000000e+08
1.424158170000000000e+08
1.342217820000000000e+08
1.414142170000000000e+08
1.255543760000000000e+08
1.212004230000000000e+08
1.343548820000000000e+08
1.478350920000000000e+08
1.117470640000000000e+08
1.489790000000000000e+08
1.414257020000000000e+08
1.320870410000000000e+08
1.212872010000000000e+08
1.129238250000000000e+08
1.421072190000000000e+08
1.490376410000000000e+08
1.477073350000000000e+08
1.479065060000000000e+08
1.492184970000000000e+08
1.495988620000000000e+08
1.433659840000000000e+08
1.490855300000000000e+08
1.236999040000000000e+08
1.478033730000000000e+08
1.066205170000000000e+08
1.234803940000000000e+08
1.308817360000000000e+08
1.233823370000000000e+08
1.194028530000000000e+08
1.501626970000000000e+08
1.499713310000000000e+08
1.535928190000000000e+08
1.345429550000000000e+08
1.317923040000000000e+08
1.409004580000000000e+08
1.304222540000000000e+08
1.503914360000000000e+08
1.242409800000000000e+08
1.494976740000000000e+08
1.122552900000000000e+07
1.496011400000000000e+08
1.213381780000000000e+08
1.482920250000000000e+08
1.408615480000000000e+08
1.129205300000000000e+08
1.194044440000000000e+08
1.425330490000000000e+08
1.301046630000000000e+08
1.212040760000000000e+08
1.299174620000000000e+08
1.509630570000000000e+08
1.419779320000000000e+08
1.326322330000000000e+08
1.413336770000000000e+08
1.317883110000000000e+08
1.532712770000000000e+08
1.343161490000000000e+08
1.493926710000000000e+08
1.481287810000000000e+08
1.483989630000000000e+08
1.503581470000000000e+08
1.519265330000000000e+08
1.501855740000000000e+08
1.212845340000000000e+08
1.482328640000000000e+08
1.064934020000000000e+08
1.411519530000000000e+08
1.485910450000000000e+08
1.416081980000000000e+08
1.410966350000000000e+08
1.081229470000000000e+08
1.321756080000000000e+08
1.498227050000000000e+08
1.337006490000000000e+08
1.252964070000000000e+08
1.346470720000000000e+08
1.343210890000000000e+08
1.481805100000000000e+08
1.426043530000000000e+08
1.342830260000000000e+08
1.471274460000000000e+08
1.496718490000000000e+08
1.416059820000000000e+08
1.482741360000000000e+08
1.495201920000000000e+08
1.515847980000000000e+08
1.504424970000000000e+08
1.122364730000000000e+08
1.490606530000000000e+08
1.504302750000000000e+08
1.134544520000000000e+08
1.318417430000000000e+08
1.101116660000000000e+08
1.491758590000000000e+08
1.420513980000000000e+08
1.145475490000000000e+08
1.314736930000000000e+08
1.130897300000000000e+07
1.496301170000000000e+08
1.414727170000000000e+08
1.432018640000000000e+08
1.424711460000000000e+08
1.501072210000000000e+08
1.406599800000000000e+08
1.405805950000000000e+08
1.482280190000000000e+08
1.415176900000000000e+08
1.333397720000000000e+08
1.420513490000000000e+08
1.418230200000000000e+08
1.292668520000000000e+08
1.025909600000000000e+07
1.476765600000000000e+07
1.482442640000000000e+08
1.522469480000000000e+08
1.455894050000000000e+08
1.495417800000000000e+08
1.126033010000000000e+08
1.499021760000000000e+08
1.494445450000000000e+08
1.491744940000000000e+08
1.504161290000000000e+08
1.501650180000000000e+08
1.416254860000000000e+08
1.003854930000000000e+08
1.491766840000000000e+08
1.406301240000000000e+08
1.144025120000000000e+08
1.287368870000000000e+08
1.247128200000000000e+08
1.091211170000000000e+08
1.229802240000000000e+08
1.494495300000000000e+08
1.234828650000000000e+08
1.419112010000000000e+08
1.474821180000000000e+08
1.011456480000000000e+08
1.416221190000000000e+08
1.421098740000000000e+08
1.542364950000000000e+08
1.419101780000000000e+08
1.408565060000000000e+08
1.289093490000000000e+08
1.475872540000000000e+08
1.501016880000000000e+08
1.503891420000000000e+08
1.194068120000000000e+08
1.068303540000000000e+08
1.492188900000000000e+08
1.484073530000000000e+08
1.420873400000000000e+08
1.284653300000000000e+08
1.480335100000000000e+08
1.416123140000000000e+08
1.419779350000000000e+08
1.144105030000000000e+08
1.344296240000000000e+08
1.131085930000000000e+08
1.493942570000000000e+08
1.314661520000000000e+08
1.136685460000000000e+08
1.500683810000000000e+08
1.099253160000000000e+08
1.464092990000000000e+08
1.501004210000000000e+08
1.212329440000000000e+08
1.397821440000000000e+08
1.488013860000000000e+08
1.501665490000000000e+08
1.212828880000000000e+08
1.231380720000000000e+08
1.345385940000000000e+08
1.192927260000000000e+08
1.116349030000000000e+08
1.318417660000000000e+08
1.302981780000000000e+08
1.472516480000000000e+08
1.301030180000000000e+08
1.471333200000000000e+07
1.471846480000000000e+08
1.487427070000000000e+08
1.491207260000000000e+08
1.420158520000000000e+08
1.141168560000000000e+08
1.484663400000000000e+07
1.301977950000000000e+08
1.252518270000000000e+08
1.412119980000000000e+08
1.249226090000000000e+08
1.277405290000000000e+08
1.491206020000000000e+08
1.248543180000000000e+08
1.499344310000000000e+08
1.345454560000000000e+08
1.483381000000000000e+08
1.500294480000000000e+08
1.093961370000000000e+08
1.449569010000000000e+08
1.250203950000000000e+08
1.250564690000000000e+08
1.142040980000000000e+08
1.433182360000000000e+08
1.420858420000000000e+08
1.069966700000000000e+08
1.503592600000000000e+08
1.431987430000000000e+08
1.275793410000000000e+08
1.212019370000000000e+08
1.535250660000000000e+08
1.501103910000000000e+08
1.192867770000000000e+08
1.238813310000000000e+08
1.177680530000000000e+08
1.303717950000000000e+08
1.506103110000000000e+08
1.405973530000000000e+08
1.408038360000000000e+08
1.405965130000000000e+08
1.258899280000000000e+08
1.488933640000000000e+08
1.303733060000000000e+08
1.479411400000000000e+08
1.319561200000000000e+08
1.474831850000000000e+08
1.479093550000000000e+08
1.303750730000000000e+08
1.343130600000000000e+08
1.301944650000000000e+08
1.327020680000000000e+08
1.229074240000000000e+08
1.434746330000000000e+08
1.535118760000000000e+08
1.338581500000000000e+08
1.433867200000000000e+08
1.107986520000000000e+08
1.107946350000000000e+08
1.407606140000000000e+08
1.234778560000000000e+08
1.496729050000000000e+08
1.494236520000000000e+08
1.315753330000000000e+08
1.278119250000000000e+08
1.260327580000000000e+08
1.499024110000000000e+08
1.501687390000000000e+08
1.499938610000000000e+08
1.345225570000000000e+08
1.102502730000000000e+08
1.305131390000000000e+08
1.275729760000000000e+08
1.400202580000000000e+08
1.485081670000000000e+08
1.419416840000000000e+08
1.534332820000000000e+08
1.492691780000000000e+08
1.343167420000000000e+08
1.406332200000000000e+08
1.130314630000000000e+08
1.409691220000000000e+08
1.317447490000000000e+08
1.241044200000000000e+08
1.492516110000000000e+08
1.343164550000000000e+08
1.086458350000000000e+08
1.001140340000000000e+08
1.420828320000000000e+08
1.456245800000000000e+07
1.418099620000000000e+08
1.501458000000000000e+08
1.480281280000000000e+08
1.421057280000000000e+08
1.473723610000000000e+08
1.492203780000000000e+08
1.405810310000000000e+08
1.409698690000000000e+08
1.417579310000000000e+08
1.434488860000000000e+08
1.415955500000000000e+08
1.177679490000000000e+08
1.482323450000000000e+08
1.501899950000000000e+08
1.479466970000000000e+08
1.515606520000000000e+08
1.493474800000000000e+08
1.342915000000000000e+08
1.407547970000000000e+08
1.478560020000000000e+08
1.417527870000000000e+08
1.342002740000000000e+08
1.421096650000000000e+08
1.484635420000000000e+08
1.500297560000000000e+08
1.194092990000000000e+08
1.414697400000000000e+08
1.499135930000000000e+08
1.499912100000000000e+08
1.511643440000000000e+08
1.459113870000000000e+08
1.116389110000000000e+08
1.346312310000000000e+08
1.500627970000000000e+08
1.314198780000000000e+08
1.520859650000000000e+08
1.502478690000000000e+08
1.231442110000000000e+08
1.490747710000000000e+08
1.254972320000000000e+08
1.099729230000000000e+08
1.434906290000000000e+08
1.502454380000000000e+08
1.418109340000000000e+08
1.489907320000000000e+08
1.271413420000000000e+08
1.495999710000000000e+08
1.415978860000000000e+08
1.303356530000000000e+08
1.480967090000000000e+08
1.493915000000000000e+08
1.479740070000000000e+08
1.095608770000000000e+08
1.069957100000000000e+08
1.131134140000000000e+08
1.477999640000000000e+08
1.412684670000000000e+08
1.490371120000000000e+08
1.481052620000000000e+08
1.001166370000000000e+08
1.414265250000000000e+08
1.212053890000000000e+08
1.475885580000000000e+08
1.486402670000000000e+08
1.459160360000000000e+08
1.491749920000000000e+08
1.507894930000000000e+08
1.502493840000000000e+08
1.476299520000000000e+08
1.232660100000000000e+08
1.414555560000000000e+08
1.277502900000000000e+08
1.302969260000000000e+08
1.497544650000000000e+08
1.342212480000000000e+08
1.256467450000000000e+08
1.495421190000000000e+08
1.414230330000000000e+08
1.407617570000000000e+08
1.501444150000000000e+08
1.408984360000000000e+08
1.434367900000000000e+08
1.501472760000000000e+08
1.417256400000000000e+08
1.412809390000000000e+08
1.084628840000000000e+08
1.503592120000000000e+08
1.419299310000000000e+08
1.481246920000000000e+08
1.303337690000000000e+08
1.502457540000000000e+08
1.476854000000000000e+07
1.239357830000000000e+08
1.234788090000000000e+08
1.214181810000000000e+08
1.449268500000000000e+07
1.501903350000000000e+08
1.146480490000000000e+08
1.420522770000000000e+08
1.425410040000000000e+08
1.531867680000000000e+08
1.346386640000000000e+08
1.440534530000000000e+08
1.444141740000000000e+08
1.107930650000000000e+08
1.345520250000000000e+08
1.494977000000000000e+08
1.467184100000000000e+07
1.476604100000000000e+07
1.141120710000000000e+08
1.439950630000000000e+08
1.302972370000000000e+08
1.412712160000000000e+08
1.515797290000000000e+08
1.468729850000000000e+08
1.433692680000000000e+08
1.491772710000000000e+08
1.344319790000000000e+08
1.417719080000000000e+08
1.144859960000000000e+08
1.234780660000000000e+08
1.419449110000000000e+08
1.485133260000000000e+08
1.503574040000000000e+08
1.420193430000000000e+08
1.471020760000000000e+08
1.496822310000000000e+08
1.394331250000000000e+08
1.194472770000000000e+08
1.408993830000000000e+08
1.479477050000000000e+08
1.082393400000000000e+07
1.504427480000000000e+08
1.408287510000000000e+08
1.479042440000000000e+08
1.317492940000000000e+08
1.305726340000000000e+08
1.212863200000000000e+08
1.483199130000000000e+08
1.251744570000000000e+08
1.501897450000000000e+08
1.421482890000000000e+08
1.501857220000000000e+08
1.531918890000000000e+08
1.500302050000000000e+08
1.194432780000000000e+08
1.495719300000000000e+08
1.483232860000000000e+08
1.295131400000000000e+08
1.413162720000000000e+08
1.256207400000000000e+08
1.343166260000000000e+08
1.063444800000000000e+08
1.470814100000000000e+07
1.494795100000000000e+08
1.495215550000000000e+08
1.498941120000000000e+08
1.459795930000000000e+08
1.499143290000000000e+08
1.305318380000000000e+08
1.502493670000000000e+08
1.447911560000000000e+08
1.251177890000000000e+08
1.416460300000000000e+08
1.122495000000000000e+07
1.289025690000000000e+08
1.118632820000000000e+08
1.499332530000000000e+08
1.499339860000000000e+08
1.522426750000000000e+08
1.423994920000000000e+08
1.488127860000000000e+08
1.500651510000000000e+08
1.396524590000000000e+08
1.262121280000000000e+08
1.520036810000000000e+08
1.303728860000000000e+08
1.502496220000000000e+08
1.491264130000000000e+08
1.411235880000000000e+08
1.499022030000000000e+08
1.424669570000000000e+08
1.405968020000000000e+08
1.503904900000000000e+08
1.411667420000000000e+08
1.420816020000000000e+08
1.480430090000000000e+08
1.048414600000000000e+07
1.241010290000000000e+08
1.405809850000000000e+08
1.344711230000000000e+08
1.407600060000000000e+08
1.417131890000000000e+08
1.500992180000000000e+08
1.212369940000000000e+08
1.294366380000000000e+08
1.436741200000000000e+07
1.518519620000000000e+08
1.345487730000000000e+08
1.097210730000000000e+08
1.294418300000000000e+08
1.408576610000000000e+08
1.446350690000000000e+08
1.492477070000000000e+08
1.129310150000000000e+08
1.401687730000000000e+08
1.415179970000000000e+08
1.504299300000000000e+08
1.304180930000000000e+08
1.101138000000000000e+07
1.143083710000000000e+08
1.026458600000000000e+07
1.502507880000000000e+08
1.502743860000000000e+08
1.504317910000000000e+08
1.072548350000000000e+08
1.499712770000000000e+08
1.500659450000000000e+08
1.504392890000000000e+08
1.406361890000000000e+08
1.252886050000000000e+08
1.109732450000000000e+08
1.414357050000000000e+08
1.248551050000000000e+08
1.433659390000000000e+08
1.421427180000000000e+08
1.477114210000000000e+08
1.418051800000000000e+08
1.411224680000000000e+08
1.480398210000000000e+08
1.229101460000000000e+08
1.393399860000000000e+08
1.415428260000000000e+08
1.251697590000000000e+08
1.238718300000000000e+08
1.086552450000000000e+08
1.101121380000000000e+08
1.407575710000000000e+08
1.407616410000000000e+08
1.416800550000000000e+08
1.468847070000000000e+08
1.255013250000000000e+08
1.245455440000000000e+08
1.415275710000000000e+08
1.411210440000000000e+08
1.419750440000000000e+08
1.125959090000000000e+08
1.178199740000000000e+08
1.246519230000000000e+08
1.121126090000000000e+08
1.102242300000000000e+08
1.093163920000000000e+08
1.484556470000000000e+08
1.002990940000000000e+08
1.124182700000000000e+08
1.232601640000000000e+08
1.410281200000000000e+08
1.418114450000000000e+08
1.510069850000000000e+08
1.504318590000000000e+08
1.479086940000000000e+08
1.067547920000000000e+08
1.091147360000000000e+08
1.263660000000000000e+08
1.411538360000000000e+08
1.493915350000000000e+08
1.261058400000000000e+08
1.343163180000000000e+08
1.492743120000000000e+08
1.487409250000000000e+08
1.414238120000000000e+08
1.308772310000000000e+08
1.415282800000000000e+08
1.480952480000000000e+08
1.503891270000000000e+08
1.118669780000000000e+08
1.292621460000000000e+08
1.435261940000000000e+08
1.240716310000000000e+08
1.492606060000000000e+08
1.213367700000000000e+08
1.500645250000000000e+08
1.194937560000000000e+08
1.343161860000000000e+08
1.284009740000000000e+08
1.299999690000000000e+08
1.334300030000000000e+08
1.417135930000000000e+08
1.111520150000000000e+08
1.063479310000000000e+08
1.484900460000000000e+08
1.252970160000000000e+08
1.474364470000000000e+08
1.141130510000000000e+08
1.515608260000000000e+08
1.254003440000000000e+08
1.483160070000000000e+08
1.417701980000000000e+08
1.421843690000000000e+08
1.212380920000000000e+08
1.446326450000000000e+08
1.481762870000000000e+08
1.409388880000000000e+08
1.491027620000000000e+08
1.304161570000000000e+08
1.515847250000000000e+08
1.509533120000000000e+08
1.406361560000000000e+08
1.263614180000000000e+08
1.494231110000000000e+08
1.305729240000000000e+08
1.412699640000000000e+08
1.419107900000000000e+08
1.539248110000000000e+08
1.503607660000000000e+08
1.502454030000000000e+08
1.491745760000000000e+08
1.406325710000000000e+08
1.411287730000000000e+08
1.194468790000000000e+08
1.425327410000000000e+08
1.509646620000000000e+08
1.251337420000000000e+08
1.416271260000000000e+08
1.400188520000000000e+08
1.421468350000000000e+08
1.302974250000000000e+08
1.492526150000000000e+08
1.421046860000000000e+08
1.248479500000000000e+08
1.502481330000000000e+08
1.499908650000000000e+08
1.481309370000000000e+08
1.496252540000000000e+08
1.421091850000000000e+08
1.407449860000000000e+08
1.437794040000000000e+08
1.423553200000000000e+08
1.302653350000000000e+08
1.470377590000000000e+08
1.414235360000000000e+08
1.246422730000000000e+08
1.483174740000000000e+08
1.453987220000000000e+08
1.494729070000000000e+08
1.519261930000000000e+08
1.451679960000000000e+08
1.345248800000000000e+08
1.410297120000000000e+08
1.470418600000000000e+08
1.422904710000000000e+08
1.426079550000000000e+08
1.491759110000000000e+08
1.238812200000000000e+08
1.495734370000000000e+08
1.411274350000000000e+08
1.406918430000000000e+08
1.233253790000000000e+08
1.484877590000000000e+08
1.228614290000000000e+08
1.341793250000000000e+08
1.497463600000000000e+08
1.499353600000000000e+08
1.457550990000000000e+08
1.491567480000000000e+08
1.479048160000000000e+08
1.501648750000000000e+08
1.304678370000000000e+08
1.481271430000000000e+08
1.493937810000000000e+08
1.256249350000000000e+08
1.393405210000000000e+08
1.494737820000000000e+08
1.492732990000000000e+08
1.259036720000000000e+08
1.414713570000000000e+08
1.408971620000000000e+08
1.345376310000000000e+08
1.490599500000000000e+08
1.520179160000000000e+08
1.482313970000000000e+08
1.003916300000000000e+08
1.408959830000000000e+08
1.096894600000000000e+08
1.107075310000000000e+08
1.310284730000000000e+08
1.406589820000000000e+08
1.468799030000000000e+08
1.503911180000000000e+08
1.492743670000000000e+08
1.496003760000000000e+08
1.490391160000000000e+08
1.081224060000000000e+08
1.259419340000000000e+08
1.501645230000000000e+08
1.415450370000000000e+08
1.420870470000000000e+08
1.098284530000000000e+08
1.106060150000000000e+08
1.305770910000000000e+08
1.077774300000000000e+08
1.244084130000000000e+08
1.193642790000000000e+08
1.501006270000000000e+08
1.469156270000000000e+08
1.288117010000000000e+08
1.479052580000000000e+08
1.501887590000000000e+08
1.136651670000000000e+08
1.491547170000000000e+08
1.063492040000000000e+08
1.282256960000000000e+08
1.290199850000000000e+08
1.065860840000000000e+08
1.487924240000000000e+08
1.001224800000000000e+08
1.305739200000000000e+08
1.416082890000000000e+08
1.416109160000000000e+08
1.536591070000000000e+08
1.482303450000000000e+08
1.279750800000000000e+08
1.139353830000000000e+08
1.412686050000000000e+08
1.495732080000000000e+08
1.231953660000000000e+08
1.412705890000000000e+08
1.232629300000000000e+08
1.084251920000000000e+08
1.317934660000000000e+08
1.414362150000000000e+08
1.410213950000000000e+08
1.495730960000000000e+08
1.519226640000000000e+08
1.393400090000000000e+08
1.247126600000000000e+08
1.265865800000000000e+08
1.194927200000000000e+08
1.257954560000000000e+08
1.321754410000000000e+08
1.192455870000000000e+08
1.477081580000000000e+08
1.177381440000000000e+08
1.408018310000000000e+08
1.459069470000000000e+08
1.495727230000000000e+08
1.228003090000000000e+08
1.503202350000000000e+08
1.494756030000000000e+08
1.496017680000000000e+08
1.502477210000000000e+08
1.538419510000000000e+08
1.230271910000000000e+08
1.479411640000000000e+08
1.305720790000000000e+08
1.479728200000000000e+08
1.417702990000000000e+08
1.416215340000000000e+08
1.486648050000000000e+08
1.405122000000000000e+08
1.479452350000000000e+08
1.395611990000000000e+08
1.478021260000000000e+08
1.436532180000000000e+08
1.212848640000000000e+08
1.539203450000000000e+08
1.306455310000000000e+08
1.194023870000000000e+08
1.407585950000000000e+08
1.417716910000000000e+08
1.414286200000000000e+08
1.408704140000000000e+08
1.067418060000000000e+08
1.500979910000000000e+08
1.099841460000000000e+08
1.143029370000000000e+08
1.499028470000000000e+08
1.343543240000000000e+08
1.501667590000000000e+08
1.499937200000000000e+08
1.418263650000000000e+08
1.411870100000000000e+08
1.491741060000000000e+08
1.411541150000000000e+08
1.503955290000000000e+08
1.492529610000000000e+08
1.483403730000000000e+08
1.480019050000000000e+08
1.480028100000000000e+08
1.292686510000000000e+08
1.277377700000000000e+08
1.446833970000000000e+08
1.530364180000000000e+08
1.479074430000000000e+08
1.501674200000000000e+08
1.408276960000000000e+08
1.417081470000000000e+08
1.504400790000000000e+08
1.408763070000000000e+08
1.487284180000000000e+08
1.411838940000000000e+08
1.177650790000000000e+08
1.484054000000000000e+08
1.213151590000000000e+08
1.503941260000000000e+08
1.076249250000000000e+08
1.421103830000000000e+08
1.306455360000000000e+08
1.494985480000000000e+08
1.409517370000000000e+08
1.254975120000000000e+08
1.492563070000000000e+08
1.417099970000000000e+08
1.479761870000000000e+08
1.501454560000000000e+08
1.406613680000000000e+08
1.144798100000000000e+08
1.118292350000000000e+08
1.493027440000000000e+08
1.492614380000000000e+08
1.481287510000000000e+08
1.337714860000000000e+08
1.500324100000000000e+08
1.479442200000000000e+08
1.137379880000000000e+08
1.267692130000000000e+08
1.419795790000000000e+08
1.274175520000000000e+08
1.421092830000000000e+08
1.177394140000000000e+08
1.113156180000000000e+08
1.248477000000000000e+08
1.431581490000000000e+08
1.481708020000000000e+08
1.249536060000000000e+08
1.446330680000000000e+08
1.485074100000000000e+07
1.469185820000000000e+08
1.213346140000000000e+08
1.303325650000000000e+08
1.419770760000000000e+08
1.517762830000000000e+08
1.408286630000000000e+08
1.495391140000000000e+08
1.435935240000000000e+08
1.253440550000000000e+08
1.472542810000000000e+08
1.501647740000000000e+08
1.099841480000000000e+08
1.416118550000000000e+08
1.473145290000000000e+08
1.127265290000000000e+08
1.414728060000000000e+08
1.424665330000000000e+08
1.247036100000000000e+08
1.508873280000000000e+08
1.343291830000000000e+08
1.493044950000000000e+08
1.073409220000000000e+08
1.513717090000000000e+08
1.232097900000000000e+08
1.407568240000000000e+08
1.212851990000000000e+08
1.419106060000000000e+08
1.087515170000000000e+08
1.393696340000000000e+08
1.342911940000000000e+08
1.119541140000000000e+08
1.247519410000000000e+08
1.256461480000000000e+08
1.504430460000000000e+08
1.067536010000000000e+08
1.265441610000000000e+08
1.480297420000000000e+08
1.308703730000000000e+08
1.503319900000000000e+08
1.483212620000000000e+08
1.414724080000000000e+08
1.308711520000000000e+08
1.515803610000000000e+08
1.342811520000000000e+08
1.396548240000000000e+08
1.095647700000000000e+08
1.131138930000000000e+08
1.233750610000000000e+08
1.461243070000000000e+08
1.104732630000000000e+08
1.140210520000000000e+08
1.256861330000000000e+08
1.011973360000000000e+08
1.133770090000000000e+08
1.482753180000000000e+08
1.492752350000000000e+08
1.480078900000000000e+07
1.483997380000000000e+08
1.500296510000000000e+08
1.499143380000000000e+08
1.327704940000000000e+08
1.238326560000000000e+08
1.405990560000000000e+08
1.294370150000000000e+08
1.421862760000000000e+08
1.065932570000000000e+08
1.432023220000000000e+08
1.503576130000000000e+08
1.317999910000000000e+08
1.484917990000000000e+08
1.493911420000000000e+08
1.308756650000000000e+08
1.120619060000000000e+08
1.227244620000000000e+08
1.290876170000000000e+08
1.303368000000000000e+08
1.454667160000000000e+08
1.414717550000000000e+08
1.420149320000000000e+08
1.345000980000000000e+08
1.337702620000000000e+08
1.415307480000000000e+08
1.495757260000000000e+08
1.454693210000000000e+08
1.128369370000000000e+08
1.486304280000000000e+08
1.238282220000000000e+08
1.417092370000000000e+08
1.480038770000000000e+08
1.470980900000000000e+07
1.105970300000000000e+08
1.411218900000000000e+08
1.479563940000000000e+08
1.533451630000000000e+08
1.515611690000000000e+08
1.345009020000000000e+08
1.496689410000000000e+08
1.120718980000000000e+08
1.470430330000000000e+08
1.416107590000000000e+08
1.342208220000000000e+08
1.415420230000000000e+08
1.499139130000000000e+08
1.416445470000000000e+08
1.503223400000000000e+08
1.084188310000000000e+08
1.411571800000000000e+08
1.471253670000000000e+08
1.343581050000000000e+08
1.496654620000000000e+08
1.408275880000000000e+08
1.436002050000000000e+08
1.499542290000000000e+08
1.212000710000000000e+08
1.491075850000000000e+08
1.233824000000000000e+08
1.192884960000000000e+08
1.480474760000000000e+08
1.067429820000000000e+08
1.471744210000000000e+08
1.431928960000000000e+08
1.231502560000000000e+08
1.494975220000000000e+08
1.413994840000000000e+08
1.499730440000000000e+08
1.485796250000000000e+08
1.482740530000000000e+08
1.492522250000000000e+08
1.346459270000000000e+08
1.414122900000000000e+08
1.399310780000000000e+08
1.431995010000000000e+08
1.296776390000000000e+08
1.412509380000000000e+08
1.416802450000000000e+08
1.500651090000000000e+08
1.397769370000000000e+08
1.343577990000000000e+08
1.431967640000000000e+08
1.064843290000000000e+08
1.484074630000000000e+08
1.494506450000000000e+08
1.313402470000000000e+08
1.099812500000000000e+07
1.093192120000000000e+08
1.479048400000000000e+08
1.499300090000000000e+08
1.520867030000000000e+08
1.407971480000000000e+08
1.107991830000000000e+08
1.493476080000000000e+08
1.444406200000000000e+07
1.408265020000000000e+08
1.265232660000000000e+08
1.500624470000000000e+08
1.344970680000000000e+08
1.406872470000000000e+08
1.504432960000000000e+08
1.077772340000000000e+08
1.213870720000000000e+08
1.296661360000000000e+08
1.410902700000000000e+08
1.478559120000000000e+08
1.063372850000000000e+08
1.415116620000000000e+08
1.086493320000000000e+08
1.407970100000000000e+08
1.481663480000000000e+08
1.428347930000000000e+08
1.409706130000000000e+08
1.104729400000000000e+08
1.416069580000000000e+08
1.406892040000000000e+08
1.234433490000000000e+08
1.123178730000000000e+08
1.144055240000000000e+08
1.300913860000000000e+08
1.299971660000000000e+08
1.480002850000000000e+08
1.484075910000000000e+08
1.494797000000000000e+08
1.274951810000000000e+08
1.409981160000000000e+08
1.499309940000000000e+08
1.277410660000000000e+08
1.421056130000000000e+08
1.452849360000000000e+08
1.421091020000000000e+08
1.240252880000000000e+08
1.195193650000000000e+08
1.471238990000000000e+08
1.417700470000000000e+08
1.311866740000000000e+08
1.343149430000000000e+08
1.213367540000000000e+08
1.490124900000000000e+07
1.479006400000000000e+08
1.415425850000000000e+08
1.494796240000000000e+08
1.490393080000000000e+08
1.420876380000000000e+08
1.509566550000000000e+08
1.194441470000000000e+08
1.420768520000000000e+08
1.415265470000000000e+08
1.105645330000000000e+08
1.264360620000000000e+08
1.101070100000000000e+07
1.079410540000000000e+08
1.485919340000000000e+08
1.393707010000000000e+08
1.413933260000000000e+08
1.414109610000000000e+08
1.213170170000000000e+08
1.105625240000000000e+08
1.515611550000000000e+08
1.265454710000000000e+08
1.418054930000000000e+08
1.485049020000000000e+08
1.143022060000000000e+08
1.247128130000000000e+08
1.495439000000000000e+08
1.415303150000000000e+08
1.259504380000000000e+08
1.504332700000000000e+08
1.246987000000000000e+08
1.231529040000000000e+08
1.302587960000000000e+08
1.501062000000000000e+08
1.072530070000000000e+08
1.494232220000000000e+08
1.482900320000000000e+08
1.436694440000000000e+08
1.431594570000000000e+08
1.496003840000000000e+08
1.491561390000000000e+08
1.392398560000000000e+08
1.500309500000000000e+08
1.006869000000000000e+07
1.414718700000000000e+08
1.103404850000000000e+08
1.479023280000000000e+08
1.117426240000000000e+08
1.474820730000000000e+08
1.468271600000000000e+08
1.405804820000000000e+08
1.277992160000000000e+08
1.417722590000000000e+08
1.334897840000000000e+08
1.406352850000000000e+08
1.338481870000000000e+08
1.417579200000000000e+08
1.331465800000000000e+08
1.252932350000000000e+08
1.248738850000000000e+08
1.103421320000000000e+08
1.521620670000000000e+08
1.076171700000000000e+08
1.494734670000000000e+08
1.502456140000000000e+08
1.419339910000000000e+08
1.491248130000000000e+08
1.428399030000000000e+08
1.501016160000000000e+08
1.496176700000000000e+08
1.418676070000000000e+08
1.482750340000000000e+08
1.421424880000000000e+08
1.315711570000000000e+08
1.417121670000000000e+08
1.480980240000000000e+08
1.501015010000000000e+08
1.515609850000000000e+08
1.502732550000000000e+08
1.481697710000000000e+08
1.280509270000000000e+08
1.249547670000000000e+08
1.427104990000000000e+08
1.501879160000000000e+08
1.233244450000000000e+08
1.122323700000000000e+08
1.480399280000000000e+08
1.516156180000000000e+08
1.416503030000000000e+08
1.437824720000000000e+08
1.495392920000000000e+08
1.177424740000000000e+08
1.245098240000000000e+08
1.410289620000000000e+08
1.426661590000000000e+08
1.408222910000000000e+08
1.067473290000000000e+08
1.139351280000000000e+08
1.484901330000000000e+08
1.437278060000000000e+08
1.404617700000000000e+08
1.501886590000000000e+08
1.343967820000000000e+08
1.283230270000000000e+08
1.494977630000000000e+08
1.026012600000000000e+07
1.131032490000000000e+08
1.177390470000000000e+08
1.464134620000000000e+08
1.322339030000000000e+08
1.111511800000000000e+08
1.496107580000000000e+08
1.499353380000000000e+08
1.344278300000000000e+08
1.413162240000000000e+08
1.192864710000000000e+08
1.424659300000000000e+08
1.272528400000000000e+08
1.251419410000000000e+08
1.487469110000000000e+08
1.499892420000000000e+08
1.421942790000000000e+08
1.294337620000000000e+08
1.401693870000000000e+08
1.344331870000000000e+08
1.419992130000000000e+08
1.434884340000000000e+08
1.417866910000000000e+08
1.251361670000000000e+08
1.483361840000000000e+08
1.426119030000000000e+08
1.468854530000000000e+08
1.499146970000000000e+08
1.417094220000000000e+08
1.444753520000000000e+08
1.477660690000000000e+08
1.514232580000000000e+08
1.327013150000000000e+08
1.431501170000000000e+08
1.504300440000000000e+08
1.414084450000000000e+08
1.250562670000000000e+08
1.343165870000000000e+08
1.309554060000000000e+08
1.276546910000000000e+08
1.478550660000000000e+08
1.471267900000000000e+08
1.406232100000000000e+08
1.494231030000000000e+08
1.324515140000000000e+08
1.229097500000000000e+08
1.484841820000000000e+08
1.485911630000000000e+08
1.230290580000000000e+08
1.491020060000000000e+08
1.249417690000000000e+08
1.121056750000000000e+08
1.504318390000000000e+08
1.477086870000000000e+08
1.107079560000000000e+08
1.236389340000000000e+08
1.416829210000000000e+08
1.417234380000000000e+08
1.006619400000000000e+07
1.457626970000000000e+08
1.411877190000000000e+08
1.434771530000000000e+08
1.176670870000000000e+08
1.117399880000000000e+08
1.212039990000000000e+08
1.420186970000000000e+08
1.494452580000000000e+08
1.501880970000000000e+08
1.416074890000000000e+08
1.494729150000000000e+08
1.493910100000000000e+08
1.408018980000000000e+08
1.420860910000000000e+08
1.477993110000000000e+08
1.490373740000000000e+08
1.262056590000000000e+08
1.499763950000000000e+08
1.343171250000000000e+08
1.263633230000000000e+08
1.284738920000000000e+08
1.503618030000000000e+08
1.290228260000000000e+08
1.140188900000000000e+08
1.491268060000000000e+08
1.255565770000000000e+08
1.248170620000000000e+08
1.177662040000000000e+08
1.405795370000000000e+08
1.496642540000000000e+08
1.420824670000000000e+08
1.416079720000000000e+08
1.339159190000000000e+08
1.504287030000000000e+08
1.414236340000000000e+08
1.492165510000000000e+08
1.231375460000000000e+08
1.493028250000000000e+08
1.501667210000000000e+08
1.415446190000000000e+08
1.177657770000000000e+08
1.405284110000000000e+08
1.433883590000000000e+08
1.502698560000000000e+08
1.130318310000000000e+08
1.494242640000000000e+08
1.491800880000000000e+08
1.491378040000000000e+08
1.107124950000000000e+08
1.438976990000000000e+08
1.499337760000000000e+08
1.342210520000000000e+08
1.510692990000000000e+08
1.435848640000000000e+08
1.412839210000000000e+08
1.495727200000000000e+08
1.414246430000000000e+08
1.245414900000000000e+08
1.433832110000000000e+08
1.414794120000000000e+08
1.308810450000000000e+08
1.495761480000000000e+08
1.482451630000000000e+08
1.518455210000000000e+08
1.315776090000000000e+08
1.493918780000000000e+08
1.239455760000000000e+08
1.125991660000000000e+08
1.504418000000000000e+08
1.535162010000000000e+08
1.320845420000000000e+08
1.413354890000000000e+08
1.011462660000000000e+08
1.406642600000000000e+08
1.305214410000000000e+08
1.500625270000000000e+08
1.501686410000000000e+08
1.414233710000000000e+08
1.104739110000000000e+08
1.402685180000000000e+08
1.476729800000000000e+07
1.418100800000000000e+08
1.414132190000000000e+08
1.419439410000000000e+08
1.343162840000000000e+08
1.402741070000000000e+08
1.494788460000000000e+08
1.090607280000000000e+08
1.418697240000000000e+08
1.307921490000000000e+08
1.524989320000000000e+08
1.115390500000000000e+08
1.177372740000000000e+08
1.489954510000000000e+08
1.514239290000000000e+08
1.064869600000000000e+08
1.127254440000000000e+08
1.499316030000000000e+08
1.308746080000000000e+08
1.415437440000000000e+08
1.437291310000000000e+08
1.238208200000000000e+08
1.410281980000000000e+08
1.212349080000000000e+08
1.261011580000000000e+08
1.501645430000000000e+08
1.427164150000000000e+08
1.411716140000000000e+08
1.405291990000000000e+08
1.308763120000000000e+08
1.323130870000000000e+08
1.397158900000000000e+08
1.344272280000000000e+08
1.451690530000000000e+08
1.492183350000000000e+08
1.464648610000000000e+08
1.416100500000000000e+08
1.504670510000000000e+08
1.503897600000000000e+08
1.411210800000000000e+08
1.501056130000000000e+08
1.130509000000000000e+07
1.249227780000000000e+08
1.247068010000000000e+08
1.434788960000000000e+08
1.417680400000000000e+08
1.487231960000000000e+08
1.494234330000000000e+08
1.421077590000000000e+08
1.491260600000000000e+08
1.416211580000000000e+08
1.436527420000000000e+08
1.405113180000000000e+08
1.510143290000000000e+08
1.212009700000000000e+08
1.484491280000000000e+08
1.418274770000000000e+08
1.500298130000000000e+08
1.408159980000000000e+08
1.250189520000000000e+08
1.535244910000000000e+08
1.178834250000000000e+08
1.436569390000000000e+08
1.496689930000000000e+08
1.405980470000000000e+08
1.314670310000000000e+08
1.471262710000000000e+08
1.405295550000000000e+08
1.496301600000000000e+08
1.420843060000000000e+08
1.100947800000000000e+07
1.478539460000000000e+08
1.458622290000000000e+08
1.246437440000000000e+08
1.433940370000000000e+08
1.421089490000000000e+08
1.107964700000000000e+08
1.499881040000000000e+08
1.419124690000000000e+08
1.227223090000000000e+08
1.342771710000000000e+08
1.503574240000000000e+08
1.066002360000000000e+08
1.493464180000000000e+08
1.252458580000000000e+08
1.480993190000000000e+08
1.480400510000000000e+08
1.406896530000000000e+08
1.074669400000000000e+07
1.510770210000000000e+08
1.485067240000000000e+08
1.213858730000000000e+08
1.407977860000000000e+08
1.514792920000000000e+08
1.434915770000000000e+08
1.323221880000000000e+08
1.301930260000000000e+08
1.344275250000000000e+08
1.420541590000000000e+08
1.476802500000000000e+07
1.418652010000000000e+08
1.117443400000000000e+08
1.501418130000000000e+08
1.420706400000000000e+08
1.193305940000000000e+08
1.304716630000000000e+08
1.526781920000000000e+08
1.118302600000000000e+08
1.420175090000000000e+08
1.514148920000000000e+08
1.500288060000000000e+08
1.416114890000000000e+08
1.504422640000000000e+08
1.116381590000000000e+08
1.101946420000000000e+08
1.087498080000000000e+08
1.239350040000000000e+08
1.304740190000000000e+08
1.502482950000000000e+08
1.109011210000000000e+08
1.456552200000000000e+07
1.255540630000000000e+08
1.493484200000000000e+08
1.212831520000000000e+08
1.473104480000000000e+08
1.409964210000000000e+08
1.137413530000000000e+08
1.412788880000000000e+08
1.494220960000000000e+08
1.458645970000000000e+08
1.542310880000000000e+08
1.032183300000000000e+07
1.481064260000000000e+08
1.256143300000000000e+08
1.299281920000000000e+08
1.419882840000000000e+08
1.327673570000000000e+08
1.408264170000000000e+08
1.416112760000000000e+08
1.503617680000000000e+08
1.479434080000000000e+08
1.503945360000000000e+08
1.417694340000000000e+08
1.229796440000000000e+08
1.240744950000000000e+08
1.433184030000000000e+08
1.300011770000000000e+08
1.499705990000000000e+08
1.303353040000000000e+08
1.505602540000000000e+08
1.491014110000000000e+08
1.461254550000000000e+08
1.503199030000000000e+08
1.460550600000000000e+07
1.242516080000000000e+08
1.315693230000000000e+08
1.482319340000000000e+08
1.412788100000000000e+08
1.538445340000000000e+08
1.492523050000000000e+08
1.416868040000000000e+08
1.274960970000000000e+08
1.478449130000000000e+08
1.063497130000000000e+08
1.502816890000000000e+08
1.499309460000000000e+08
1.535999140000000000e+08
1.532653960000000000e+08
1.435152060000000000e+08
1.482461120000000000e+08
1.269281210000000000e+08
1.192897970000000000e+08
1.459758530000000000e+08
1.134560550000000000e+08
1.177661850000000000e+08
1.454629200000000000e+08
1.480019100000000000e+07
1.406310500000000000e+08
1.127250170000000000e+08
1.231419820000000000e+08
1.342914360000000000e+08
1.277510720000000000e+08
1.439959900000000000e+08
1.500288330000000000e+08
1.099295440000000000e+08
1.418086750000000000e+08
1.421070610000000000e+08
1.478378950000000000e+08
1.503937960000000000e+08
1.411529270000000000e+08
1.344959780000000000e+08
1.481863620000000000e+08
1.410964920000000000e+08
1.258899480000000000e+08
1.193628150000000000e+08
1.141137070000000000e+08
1.406915910000000000e+08
1.251753680000000000e+08
1.246475030000000000e+08
1.515733240000000000e+08
1.393694360000000000e+08
1.414107890000000000e+08
1.496290830000000000e+08
1.493516790000000000e+08
1.312434540000000000e+08
1.414072010000000000e+08
1.122283140000000000e+08
1.405993770000000000e+08
1.235675030000000000e+08
1.419419860000000000e+08
1.411870820000000000e+08
1.489372470000000000e+08
1.394339890000000000e+08
1.331050820000000000e+08
1.002077470000000000e+08
1.510057040000000000e+08
1.503246560000000000e+08
1.437435320000000000e+08
1.303363320000000000e+08
1.450896690000000000e+08
1.256464910000000000e+08
1.249870900000000000e+08
1.397091330000000000e+08
1.484906480000000000e+08
1.038958900000000000e+07
1.470985400000000000e+08
1.344711040000000000e+08
1.417083370000000000e+08
1.291625920000000000e+08
1.303327690000000000e+08
1.418226250000000000e+08
1.419245240000000000e+08
1.133783790000000000e+08
1.418093590000000000e+08
1.478524300000000000e+08
1.195215500000000000e+08
1.481854220000000000e+08
1.419457500000000000e+08
1.237437140000000000e+08
1.492652130000000000e+08
1.487239610000000000e+08
1.420868130000000000e+08
1.412686900000000000e+08
1.476349590000000000e+08
1.469083550000000000e+08
1.503912260000000000e+08
1.193318330000000000e+08
1.507887830000000000e+08
1.421087460000000000e+08
1.413345550000000000e+08
1.500794920000000000e+08
1.118322710000000000e+08
1.490129200000000000e+07
1.500081890000000000e+08
1.414112010000000000e+08
1.539320810000000000e+08
1.412109490000000000e+08
1.414715220000000000e+08
1.495396210000000000e+08
1.416251590000000000e+08
1.303341500000000000e+08
1.089462310000000000e+08
1.515862630000000000e+08
1.505131940000000000e+08
1.254061400000000000e+08
1.493913350000000000e+08
1.253600790000000000e+08
1.416218850000000000e+08
1.101994380000000000e+08
1.519215080000000000e+08
1.477655530000000000e+08
1.496287950000000000e+08
1.419129030000000000e+08
1.499306560000000000e+08
1.491759360000000000e+08
1.444172320000000000e+08
1.420516960000000000e+08
1.468304410000000000e+08
1.400189870000000000e+08
1.484049090000000000e+08
1.395130470000000000e+08
1.303714410000000000e+08
1.500295020000000000e+08
1.477010050000000000e+08
1.498139580000000000e+08
1.344340060000000000e+08
1.489915080000000000e+08
1.194023670000000000e+08
1.302587920000000000e+08
1.411230490000000000e+08
1.344277560000000000e+08
1.125979040000000000e+08
1.128444380000000000e+08
1.017559200000000000e+07
1.461284500000000000e+07
1.503896030000000000e+08
1.479980550000000000e+08
1.342282670000000000e+08
1.431484870000000000e+08
1.002963560000000000e+08
1.541707450000000000e+08
1.176712880000000000e+08
1.070015940000000000e+08
1.445317990000000000e+08
1.231451730000000000e+08
1.026488500000000000e+07
1.274839960000000000e+08
1.001133410000000000e+08
1.500302500000000000e+08
1.526788330000000000e+08
1.324482730000000000e+08
1.341988410000000000e+08
1.470302300000000000e+08
1.409685430000000000e+08
1.177660020000000000e+08
1.276447460000000000e+08
1.446296650000000000e+08
1.408915970000000000e+08
1.006133400000000000e+07
1.255076500000000000e+08
1.505722120000000000e+08
1.503579350000000000e+08
1.500990790000000000e+08
1.491210860000000000e+08
1.283259710000000000e+08
1.405121260000000000e+08
1.425493550000000000e+08
1.491202760000000000e+08
1.419759260000000000e+08
1.093162320000000000e+08
1.502714200000000000e+08
1.424799380000000000e+08
1.249345050000000000e+08
1.421449690000000000e+08
1.487320260000000000e+08
1.011461920000000000e+08
1.006643500000000000e+07
1.254987410000000000e+08
1.494755590000000000e+08
1.260358580000000000e+08
1.419777950000000000e+08
1.410289660000000000e+08
1.420145030000000000e+08
1.406591720000000000e+08
1.107947030000000000e+08
1.408985750000000000e+08
1.503581700000000000e+08
1.500316240000000000e+08
1.421105360000000000e+08
1.499709480000000000e+08
1.520725450000000000e+08
1.112325680000000000e+08
1.475801040000000000e+08
1.501507340000000000e+08
1.302972810000000000e+08
1.511506190000000000e+08
1.262077170000000000e+08
1.330998310000000000e+08
1.409388020000000000e+08
1.239521390000000000e+08
1.447504540000000000e+08
1.450281870000000000e+08
1.408280090000000000e+08
1.503204560000000000e+08
1.421449150000000000e+08
1.415436200000000000e+08
1.406151690000000000e+08
1.406593500000000000e+08
1.504380410000000000e+08
1.501890700000000000e+08
1.499923080000000000e+08
1.256179770000000000e+08
1.493033100000000000e+08
1.417706090000000000e+08
1.496035240000000000e+08
1.120646190000000000e+08
1.419094440000000000e+08
1.492191450000000000e+08
1.244169270000000000e+08
1.289060550000000000e+08
1.344359350000000000e+08
1.193635350000000000e+08
1.406001470000000000e+08
1.479470790000000000e+08
1.514892500000000000e+08
1.343544750000000000e+08
1.229072090000000000e+08
1.272519910000000000e+08
1.467201500000000000e+07
1.194933730000000000e+08
1.482345710000000000e+08
1.476611300000000000e+07
1.333341080000000000e+08
1.435887450000000000e+08
1.405982250000000000e+08
1.480278300000000000e+07
1.420808120000000000e+08
1.502983260000000000e+08
1.414791740000000000e+08
1.478555070000000000e+08
1.491267960000000000e+08
1.194927000000000000e+08
1.437727980000000000e+08
1.435264440000000000e+08
1.471274600000000000e+08
1.250579840000000000e+08
1.273267960000000000e+08
1.480414080000000000e+08
1.491027280000000000e+08
1.411546380000000000e+08
1.516284090000000000e+08
1.421438860000000000e+08
1.212046020000000000e+08
1.410281640000000000e+08
1.119517470000000000e+08
1.006846000000000000e+07
1.439910820000000000e+08
1.230291580000000000e+08
1.500628830000000000e+08
1.480106900000000000e+07
1.483367120000000000e+08
1.341905270000000000e+08
1.484555140000000000e+08
1.492193760000000000e+08
1.136667490000000000e+08
1.472898400000000000e+08
1.459719290000000000e+08
1.414849810000000000e+08
1.435437290000000000e+08
1.482356730000000000e+08
1.405959530000000000e+08
1.490367580000000000e+08
1.420528260000000000e+08
1.479101970000000000e+08
1.494445630000000000e+08
1.419134870000000000e+08
1.495417770000000000e+08
1.479589080000000000e+08
1.492531400000000000e+08
1.345440260000000000e+08
1.501891530000000000e+08
1.416280190000000000e+08
1.343161680000000000e+08
1.439164390000000000e+08
1.501899400000000000e+08
1.482733820000000000e+08
1.416238660000000000e+08
1.243333810000000000e+08
1.477675610000000000e+08
1.541701060000000000e+08
1.503898530000000000e+08
1.492481960000000000e+08
1.484698300000000000e+07
1.246523710000000000e+08
1.499765350000000000e+08
1.241034820000000000e+08
1.489414510000000000e+08
1.251247130000000000e+08
1.405804970000000000e+08
1.499899540000000000e+08
1.408280630000000000e+08
1.311826550000000000e+08
1.194075700000000000e+08
1.419102980000000000e+08
1.512719690000000000e+08
1.323164490000000000e+08
1.484849100000000000e+07
1.515149940000000000e+08
1.427226080000000000e+08
1.466271060000000000e+08
1.256464230000000000e+08
1.344760990000000000e+08
1.258932970000000000e+08
1.495400130000000000e+08
1.500987770000000000e+08
1.326983660000000000e+08
1.256208610000000000e+08
1.048290800000000000e+07
1.270026330000000000e+08
1.248073410000000000e+08
1.502985730000000000e+08
1.315730450000000000e+08
1.326394810000000000e+08
1.282206590000000000e+08
1.480462870000000000e+08
1.065838350000000000e+08
1.450275770000000000e+08
1.086557430000000000e+08
1.405794300000000000e+08
1.472515200000000000e+08
1.535875800000000000e+08
1.072569710000000000e+08
1.481713340000000000e+08
1.421971310000000000e+08
1.499900980000000000e+08
1.421431150000000000e+08
1.332573590000000000e+08
1.434786220000000000e+08
1.480456080000000000e+08
1.392345120000000000e+08
1.420175870000000000e+08
1.494231520000000000e+08
1.504294810000000000e+08
1.487397580000000000e+08
1.420148310000000000e+08
1.480918630000000000e+08
1.193270920000000000e+08
1.434822780000000000e+08
1.501053720000000000e+08
1.411529310000000000e+08
1.249825900000000000e+08
1.421894550000000000e+08
1.394346270000000000e+08
1.344989670000000000e+08
1.405774060000000000e+08
1.490402340000000000e+08
1.412815260000000000e+08
1.500988600000000000e+08
1.494979930000000000e+08
1.456190180000000000e+08
1.409972420000000000e+08
1.523285700000000000e+08
1.421441620000000000e+08
1.500982910000000000e+08
1.250592600000000000e+08
1.251685490000000000e+08
1.420519900000000000e+08
1.485887440000000000e+08
1.176672480000000000e+08
1.540820450000000000e+08
1.253584180000000000e+08
1.503208910000000000e+08
1.262642830000000000e+08
1.476379050000000000e+08
1.503617370000000000e+08
1.502740710000000000e+08
1.344314500000000000e+08
1.533542870000000000e+08
1.471803460000000000e+08
1.177716850000000000e+08
1.099311050000000000e+08
1.343135820000000000e+08
1.133791980000000000e+08
1.485815440000000000e+08
1.418097290000000000e+08
1.342873240000000000e+08
1.438486240000000000e+08
1.249543660000000000e+08
1.461282640000000000e+08
1.480001870000000000e+08
1.437410940000000000e+08
1.346373080000000000e+08
1.227230850000000000e+08
1.409986720000000000e+08
1.250228690000000000e+08
1.318493810000000000e+08
1.431549680000000000e+08
1.516281930000000000e+08
1.458620420000000000e+08
1.253610730000000000e+08
1.433227450000000000e+08
1.496657550000000000e+08
1.458624230000000000e+08
1.419437230000000000e+08
1.407974640000000000e+08
1.419102910000000000e+08
1.424082730000000000e+08
1.462645360000000000e+08
1.464637810000000000e+08
1.469198420000000000e+08
1.212029700000000000e+08
1.468713410000000000e+08
1.411851420000000000e+08
1.120644890000000000e+08
1.499881200000000000e+08
1.306145660000000000e+08
1.467035720000000000e+08
1.399291030000000000e+08
1.495395520000000000e+08
1.505135910000000000e+08
1.242421980000000000e+08
1.135640870000000000e+08
1.410297870000000000e+08
1.230308940000000000e+08
1.499134190000000000e+08
1.478031660000000000e+08
1.292688940000000000e+08
1.496014510000000000e+08
1.344270380000000000e+08
1.131107310000000000e+08
1.504370650000000000e+08
1.479027290000000000e+08
1.411534720000000000e+08
1.419796960000000000e+08
1.416246590000000000e+08
1.433742720000000000e+08
1.479768340000000000e+08
1.122301070000000000e+08
1.501066010000000000e+08
1.419756200000000000e+08
1.477999670000000000e+08
1.344639350000000000e+08
1.292716200000000000e+08
1.500296710000000000e+08
1.194409000000000000e+08
1.501428060000000000e+08
1.438993180000000000e+08
1.117428790000000000e+08
1.250222490000000000e+08
1.178201200000000000e+08
1.240998980000000000e+08
1.132833350000000000e+08
1.327644480000000000e+08
1.494783610000000000e+08
1.090570340000000000e+08
1.409983370000000000e+08
1.468777390000000000e+08
1.068892840000000000e+08
1.249218460000000000e+08
1.491057640000000000e+08
1.392434310000000000e+08
1.318470360000000000e+08
1.432693720000000000e+08
1.250107890000000000e+08
1.479019100000000000e+08
1.421485870000000000e+08
1.177398060000000000e+08
1.342837310000000000e+08
1.099794530000000000e+08
1.456229330000000000e+08
1.418375520000000000e+08
1.236401270000000000e+08
1.306516100000000000e+08
1.470417730000000000e+08
1.343163670000000000e+08
1.456939180000000000e+08
1.492194960000000000e+08
1.411839010000000000e+08
1.449305900000000000e+07
1.252412820000000000e+08
1.479992800000000000e+07
1.416078980000000000e+08
1.405120850000000000e+08
1.414071490000000000e+08
1.086536930000000000e+08
1.499718280000000000e+08
1.495384800000000000e+08
1.500635800000000000e+08
1.407406050000000000e+08
1.479063960000000000e+08
1.233278850000000000e+08
1.417085460000000000e+08
1.500633030000000000e+08
1.238222980000000000e+08
1.305730700000000000e+08
1.240062660000000000e+08
1.427222290000000000e+08
1.483463760000000000e+08
1.417542910000000000e+08
1.494981980000000000e+08
1.494220870000000000e+08
1.471856190000000000e+08
1.252925040000000000e+08
1.107099710000000000e+08
1.510685340000000000e+08
1.212348460000000000e+08
1.504281350000000000e+08
1.484964410000000000e+08
1.102245390000000000e+08
1.494744940000000000e+08
1.480441220000000000e+08
1.496006390000000000e+08
1.239369130000000000e+08
1.077769020000000000e+08
1.503917400000000000e+08
1.491753960000000000e+08
1.499300840000000000e+08
1.428441090000000000e+08
1.336960070000000000e+08
1.419438080000000000e+08
1.535155590000000000e+08
1.408283330000000000e+08
1.039250700000000000e+07
1.492168640000000000e+08
1.414358180000000000e+08
1.252024370000000000e+08
1.493907100000000000e+08
1.523209160000000000e+08
1.437376790000000000e+08
1.397802990000000000e+08
1.310369070000000000e+08
1.505138240000000000e+08
1.493906480000000000e+08
1.312414530000000000e+08
1.070912090000000000e+08
1.531136420000000000e+08
1.309524690000000000e+08
1.503196390000000000e+08
1.413347930000000000e+08
1.420521870000000000e+08
1.093151390000000000e+08
1.500995110000000000e+08
1.406638850000000000e+08
1.416256050000000000e+08
1.472616320000000000e+08
1.447911550000000000e+08
1.491794510000000000e+08
1.213177330000000000e+08
1.473644260000000000e+08
1.479886500000000000e+07
1.284704640000000000e+08
1.252476810000000000e+08
1.499732810000000000e+08
1.411876250000000000e+08
1.410308250000000000e+08
1.416864550000000000e+08
1.177686450000000000e+08
1.423636990000000000e+08
1.416266340000000000e+08
1.481250490000000000e+08
1.483234060000000000e+08
1.485084300000000000e+07
1.419237950000000000e+08
1.283327010000000000e+08
1.491549270000000000e+08
1.177440250000000000e+08
1.504399890000000000e+08
1.411024450000000000e+08
1.418117560000000000e+08
1.418230410000000000e+08
1.481121580000000000e+08
1.501656570000000000e+08
1.503247870000000000e+08
1.494975790000000000e+08
1.419207090000000000e+08
1.406356670000000000e+08
1.492165320000000000e+08
1.495391010000000000e+08
1.480374610000000000e+08
1.493481010000000000e+08
1.484787980000000000e+08
1.406922800000000000e+08
1.121158980000000000e+08
1.086450170000000000e+08
1.414358160000000000e+08
1.305718980000000000e+08
1.503605510000000000e+08
1.418676270000000000e+08
1.325352680000000000e+08
1.344357460000000000e+08
1.434965180000000000e+08
1.496143240000000000e+08
1.493490370000000000e+08
1.491268100000000000e+08
1.394494640000000000e+08
1.075421570000000000e+08
1.503248410000000000e+08
1.416106610000000000e+08
1.420851920000000000e+08
1.274884880000000000e+08
1.274936110000000000e+08
1.526823530000000000e+08
1.272662430000000000e+08
1.424711840000000000e+08
1.479757200000000000e+08
1.342799930000000000e+08
1.505132760000000000e+08
1.482385890000000000e+08
1.178140910000000000e+08
1.437335260000000000e+08
1.414813110000000000e+08
1.412844110000000000e+08
1.091140360000000000e+08
1.454596460000000000e+08
1.499762760000000000e+08
1.249398050000000000e+08
1.470180850000000000e+08
1.139285700000000000e+08
1.503919080000000000e+08
1.237018040000000000e+08
1.414234160000000000e+08
1.310295460000000000e+08
1.418112610000000000e+08
1.136624870000000000e+08
1.498246810000000000e+08
1.337597210000000000e+08
1.500646950000000000e+08
1.107291800000000000e+07
1.416448710000000000e+08
1.315725270000000000e+08
1.420826420000000000e+08
1.288175280000000000e+08
1.086557760000000000e+08
1.482744670000000000e+08
1.344745670000000000e+08
1.411842070000000000e+08
1.107119000000000000e+07
1.231532490000000000e+08
1.506042840000000000e+08
1.417661440000000000e+08
1.141153520000000000e+08
1.420184640000000000e+08
1.490599540000000000e+08
1.497572450000000000e+08
1.064131820000000000e+08
1.251780270000000000e+08
1.444781200000000000e+07
1.413335730000000000e+08
1.344673680000000000e+08
1.493479920000000000e+08
1.177680620000000000e+08
1.249235410000000000e+08
1.240932810000000000e+08
1.346292920000000000e+08
1.420161190000000000e+08
1.489449610000000000e+08
1.414840550000000000e+08
1.460275770000000000e+08
1.501454380000000000e+08
1.489190340000000000e+08
1.118653180000000000e+08
1.412804500000000000e+08
1.213376370000000000e+08
1.213177460000000000e+08
1.229115440000000000e+08
1.493472960000000000e+08
1.335662400000000000e+08
1.478997610000000000e+08
1.304735340000000000e+08
1.490605860000000000e+08
1.397868780000000000e+08
1.409985220000000000e+08
1.479094690000000000e+08
1.212037640000000000e+08
1.095702780000000000e+08
1.408308740000000000e+08
1.436003730000000000e+08
1.420816740000000000e+08
1.086457660000000000e+08
1.412821360000000000e+08
1.123226710000000000e+08
1.260392960000000000e+08
1.406320370000000000e+08
1.446848270000000000e+08
1.411871260000000000e+08
1.502487620000000000e+08
1.491553600000000000e+08
1.478535860000000000e+08
1.420486910000000000e+08
1.443613920000000000e+08
1.503569030000000000e+08
1.496310350000000000e+08
1.482763980000000000e+08
1.480214900000000000e+07
1.291684990000000000e+08
1.253463010000000000e+08
1.499738790000000000e+08
1.263546930000000000e+08
1.077810750000000000e+08
1.461193500000000000e+08
1.248085520000000000e+08
1.418678950000000000e+08
1.289029990000000000e+08
1.503008700000000000e+08
1.086557540000000000e+08
1.258009740000000000e+08
1.502490230000000000e+08
1.421093900000000000e+08
1.509581170000000000e+08
1.496703690000000000e+08
1.091965090000000000e+08
1.501887780000000000e+08
1.495703800000000000e+08
1.332552470000000000e+08
1.437443630000000000e+08
1.500292720000000000e+08
1.343548170000000000e+08
1.212349980000000000e+08
1.481820400000000000e+08
1.097231270000000000e+08
1.470888800000000000e+07
1.291737010000000000e+08
1.485834260000000000e+08
1.438421980000000000e+08
1.240057450000000000e+08
1.117463590000000000e+08
1.229783550000000000e+08
1.439132850000000000e+08
1.492000290000000000e+08
1.410948610000000000e+08
1.333369850000000000e+08
1.415433180000000000e+08
1.278921130000000000e+08
1.478532040000000000e+08
1.114911490000000000e+08
1.337600040000000000e+08
1.414220960000000000e+08
1.458683350000000000e+08
1.420198210000000000e+08
1.495736590000000000e+08
1.516113620000000000e+08
1.270088670000000000e+08
1.117431930000000000e+08
1.303730790000000000e+08
1.276471890000000000e+08
1.420490250000000000e+08
1.499885230000000000e+08
1.421447290000000000e+08
1.212885650000000000e+08
1.496030710000000000e+08
1.336587620000000000e+08
1.496023080000000000e+08
1.496280340000000000e+08
1.496184170000000000e+08
1.115423280000000000e+08
1.504177890000000000e+08
1.414820690000000000e+08
1.393691070000000000e+08
1.502447200000000000e+08
1.501512620000000000e+08
1.417528830000000000e+08
1.419090980000000000e+08
1.480245500000000000e+07
1.144105170000000000e+08
1.343602340000000000e+08
1.144855540000000000e+08
1.520154450000000000e+08
1.414736170000000000e+08
1.291688180000000000e+08
1.542341140000000000e+08
1.469106840000000000e+08
1.444655580000000000e+08
1.497585470000000000e+08
1.195182890000000000e+08
1.244112430000000000e+08
1.520157520000000000e+08
1.416004600000000000e+08
1.485839770000000000e+08
1.412677910000000000e+08
1.495745420000000000e+08
1.493083170000000000e+08
1.421079220000000000e+08
1.488723370000000000e+08
1.420816870000000000e+08
1.417718310000000000e+08
1.494663860000000000e+08
1.409388040000000000e+08
1.411863250000000000e+08
1.496312890000000000e+08
1.425339330000000000e+08
1.324551000000000000e+08
1.469188350000000000e+08
1.248472750000000000e+08
1.038796100000000000e+07
1.398568360000000000e+08
1.499721020000000000e+08
1.405998000000000000e+08
1.252676830000000000e+08
1.393693330000000000e+08
1.320818740000000000e+08
1.192923280000000000e+08
1.130893900000000000e+07
1.491781800000000000e+08
1.500292750000000000e+08
1.501665260000000000e+08
1.515818980000000000e+08
1.420487460000000000e+08
1.416112370000000000e+08
1.502737120000000000e+08
1.284674820000000000e+08
1.435217330000000000e+08
1.281399300000000000e+08
1.251756220000000000e+08
1.300081930000000000e+08
1.303718400000000000e+08
1.433839820000000000e+08
1.493126490000000000e+08
1.495391580000000000e+08
1.491587240000000000e+08
1.521554440000000000e+08
1.477038460000000000e+08
1.503905430000000000e+08
1.213372060000000000e+08
1.431521750000000000e+08
1.012674710000000000e+08
1.501048080000000000e+08
1.504319200000000000e+08
1.414579130000000000e+08
1.252457720000000000e+08
1.007005200000000000e+07
1.489234940000000000e+08
1.531955120000000000e+08
1.427070450000000000e+08
1.418115400000000000e+08
1.500633210000000000e+08
1.420167670000000000e+08
1.414357580000000000e+08
1.477190500000000000e+07
1.502733010000000000e+08
1.238353530000000000e+08
1.434415280000000000e+08
1.508925090000000000e+08
1.487329650000000000e+08
1.425468730000000000e+08
1.501647950000000000e+08
1.011448230000000000e+08
1.012122350000000000e+08
1.536592550000000000e+08
1.491587890000000000e+08
1.251165230000000000e+08
1.248565080000000000e+08
1.427193010000000000e+08
1.397842570000000000e+08
1.503593250000000000e+08
1.501469730000000000e+08
1.393705370000000000e+08
1.411209400000000000e+08
1.420868120000000000e+08
1.195214090000000000e+08
1.413345850000000000e+08
1.248770760000000000e+08
1.344276010000000000e+08
1.230895720000000000e+08
1.132898890000000000e+08
1.472518140000000000e+08
1.344275160000000000e+08
1.194915670000000000e+08
1.303715160000000000e+08
1.420520860000000000e+08
1.177398240000000000e+08
1.068987020000000000e+08
1.509647150000000000e+08
1.501072620000000000e+08
1.494980990000000000e+08
1.194085430000000000e+08
1.318421630000000000e+08
1.484591700000000000e+08
1.193256250000000000e+08
1.418304240000000000e+08
1.499756760000000000e+08
1.252626730000000000e+08
1.476814900000000000e+07
1.126658760000000000e+08
1.515813440000000000e+08
1.499880680000000000e+08
1.250197320000000000e+08
1.212021730000000000e+08
1.423693510000000000e+08
1.493194110000000000e+08
1.482250530000000000e+08
1.256126240000000000e+08
1.249222720000000000e+08
1.412802550000000000e+08
1.414861050000000000e+08
1.491545770000000000e+08
1.405992840000000000e+08
1.418105290000000000e+08
1.411665810000000000e+08
1.491548210000000000e+08
1.472532100000000000e+08
1.101161240000000000e+08
1.503615130000000000e+08
1.212836100000000000e+08
1.492514430000000000e+08
1.448589810000000000e+08
1.065928550000000000e+08
1.345007730000000000e+08
1.471332800000000000e+07
1.105605770000000000e+08
1.289033080000000000e+08
1.314765930000000000e+08
1.311021900000000000e+08
1.494498880000000000e+08
1.414125320000000000e+08
1.076289070000000000e+08
1.318412450000000000e+08
1.103416050000000000e+08
1.443620320000000000e+08
1.494223640000000000e+08
1.504185330000000000e+08
1.444152190000000000e+08
1.237039660000000000e+08
1.431958000000000000e+08
1.484051350000000000e+08
1.481873440000000000e+08
1.299984420000000000e+08
1.259418760000000000e+08
1.412710780000000000e+08
1.492181000000000000e+08
1.239378490000000000e+08
1.414071590000000000e+08
1.436497430000000000e+08
1.444107900000000000e+08
1.257961840000000000e+08
1.272637370000000000e+08
1.330383330000000000e+08
1.411852700000000000e+08
1.409683570000000000e+08
1.230321080000000000e+08
1.516242170000000000e+08
1.420500460000000000e+08
1.469091960000000000e+08
1.026097700000000000e+07
1.504403620000000000e+08
1.401612110000000000e+08
1.502827790000000000e+08
1.304220160000000000e+08
1.417126540000000000e+08
1.489349900000000000e+08
1.420819730000000000e+08
1.420528760000000000e+08
1.252581700000000000e+08
1.412119660000000000e+08
1.482282200000000000e+08
1.493478050000000000e+08
1.249221500000000000e+08
1.493057920000000000e+08
1.213185900000000000e+08
1.420829420000000000e+08
1.331465680000000000e+08
1.194909350000000000e+08
1.252556730000000000e+08
1.414793100000000000e+08
1.432588360000000000e+08
1.406868390000000000e+08
1.213379300000000000e+08
1.496014080000000000e+08
1.525783490000000000e+08
1.292707330000000000e+08
1.097168410000000000e+08
1.256834200000000000e+08
1.017098900000000000e+07
1.492152620000000000e+08
1.256233780000000000e+08
1.195175380000000000e+08
1.421423160000000000e+08
1.406873820000000000e+08
1.479992350000000000e+08
1.195226940000000000e+08
1.103450890000000000e+08
1.499879400000000000e+08
1.501053500000000000e+08
1.393716000000000000e+08
1.493025070000000000e+08
1.255849390000000000e+08
1.509553110000000000e+08
1.416252740000000000e+08
1.495029500000000000e+08
1.426776130000000000e+08
1.418346630000000000e+08
1.118303420000000000e+08
1.280518280000000000e+08
1.421455340000000000e+08
1.393850560000000000e+08
1.405761740000000000e+08
1.304706770000000000e+08
1.496258120000000000e+08
1.450225080000000000e+08
1.483555690000000000e+08
1.502965600000000000e+08
1.259530870000000000e+08
1.262627860000000000e+08
1.496307340000000000e+08
1.486360520000000000e+08
1.344710140000000000e+08
1.419947660000000000e+08
1.501479850000000000e+08
1.282302040000000000e+08
1.504298070000000000e+08
1.251959520000000000e+08
1.414845090000000000e+08
1.499345900000000000e+08
1.501895650000000000e+08
1.229876920000000000e+08
1.410262670000000000e+08
1.273306900000000000e+08
1.435439920000000000e+08
1.403881860000000000e+08
1.414711050000000000e+08
1.417141910000000000e+08
1.327679710000000000e+08
1.500295380000000000e+08
1.415427860000000000e+08
1.263525550000000000e+08
1.506624830000000000e+08
1.296752300000000000e+08
1.482741910000000000e+08
1.303728440000000000e+08
1.287382430000000000e+08
1.262041350000000000e+08
1.065808820000000000e+08
1.066264520000000000e+08
1.293579240000000000e+08
1.411860750000000000e+08
1.431511710000000000e+08
1.082627700000000000e+07
1.491294890000000000e+08
1.503557640000000000e+08
1.500639970000000000e+08
1.323638740000000000e+08
1.501887360000000000e+08
1.482320730000000000e+08
1.280529330000000000e+08
1.072553390000000000e+08
1.516214640000000000e+08
1.483200480000000000e+08
1.178192160000000000e+08
1.139234280000000000e+08
1.231052810000000000e+08
1.415279650000000000e+08
1.177708500000000000e+08
1.418117340000000000e+08
1.484766940000000000e+08
1.492190920000000000e+08
1.479989870000000000e+08
1.417092960000000000e+08
1.294435890000000000e+08
1.499317540000000000e+08
1.273284360000000000e+08
1.415119930000000000e+08
1.413358860000000000e+08
1.418052200000000000e+08
1.479023640000000000e+08
1.177646910000000000e+08
1.417701210000000000e+08
1.501069480000000000e+08
1.479421570000000000e+08
1.410303920000000000e+08
1.452771130000000000e+08
1.249405320000000000e+08
1.433745280000000000e+08
1.245489590000000000e+08
1.412817420000000000e+08
1.240096480000000000e+08
1.273220290000000000e+08
1.480458620000000000e+08
1.433693180000000000e+08
1.248073640000000000e+08
1.519294390000000000e+08
1.405966220000000000e+08
1.420517860000000000e+08
1.405809490000000000e+08
1.249872990000000000e+08
1.421078330000000000e+08
1.407968540000000000e+08
1.499717540000000000e+08
1.130273300000000000e+07
1.494743870000000000e+08
1.482767430000000000e+08
1.323145170000000000e+08
1.303734870000000000e+08
1.305198800000000000e+08
1.307955810000000000e+08
1.145503780000000000e+08
1.495146980000000000e+08
1.304713830000000000e+08
1.421077560000000000e+08
1.515721430000000000e+08
1.483373920000000000e+08
1.482711660000000000e+08
1.482739870000000000e+08
1.270172340000000000e+08
1.300932120000000000e+08
1.416231740000000000e+08
1.106035170000000000e+08
1.419136470000000000e+08
1.145452640000000000e+08
1.124166990000000000e+08
1.447927820000000000e+08
1.213372970000000000e+08
1.212861090000000000e+08
1.094015900000000000e+08
1.502486560000000000e+08
1.229868190000000000e+08
1.431971660000000000e+08
1.414713920000000000e+08
1.177398180000000000e+08
1.417574410000000000e+08
1.483557820000000000e+08
1.342860710000000000e+08
1.492179370000000000e+08
1.429061910000000000e+08
1.118329990000000000e+08
1.489238770000000000e+08
1.451748560000000000e+08
1.193278000000000000e+08
1.229094970000000000e+08
1.192865190000000000e+08
1.342911980000000000e+08
1.433638190000000000e+08
1.229012980000000000e+08
1.496308240000000000e+08
1.106039620000000000e+08
1.487918620000000000e+08
1.462599890000000000e+08
1.488090400000000000e+08
1.344273780000000000e+08
1.412151410000000000e+08
1.411133820000000000e+08
1.417568210000000000e+08
1.139295750000000000e+08
1.213368080000000000e+08
1.146519090000000000e+08
1.501663970000000000e+08
1.242394750000000000e+08
1.419153670000000000e+08
1.475898340000000000e+08
1.418308110000000000e+08
1.490772800000000000e+08
1.343301060000000000e+08
1.420146200000000000e+08
1.233802330000000000e+08
1.344315890000000000e+08
1.144117030000000000e+08
1.122644300000000000e+07
1.406615950000000000e+08
1.320827120000000000e+08
1.491796070000000000e+08
1.534322670000000000e+08
1.344760160000000000e+08
1.466658900000000000e+07
1.237450460000000000e+08
1.495398420000000000e+08
1.427175460000000000e+08
1.416829310000000000e+08
1.492183500000000000e+08
1.417573260000000000e+08
1.099329660000000000e+08
1.524890190000000000e+08
1.249557850000000000e+08
1.406874460000000000e+08
1.391706970000000000e+08
1.512672500000000000e+08
1.268702580000000000e+08
1.500989790000000000e+08
1.419759030000000000e+08
1.421076180000000000e+08
1.212864210000000000e+08
1.403978940000000000e+08
1.461908610000000000e+08
1.437767470000000000e+08
1.087517450000000000e+08
1.483428470000000000e+08
1.480978470000000000e+08
1.492204450000000000e+08
1.094546780000000000e+08
1.280571620000000000e+08
1.494992920000000000e+08
1.437823590000000000e+08
1.444100280000000000e+08
1.346456110000000000e+08
1.249235400000000000e+08
1.479178490000000000e+08
1.435879660000000000e+08
1.413165730000000000e+08
1.468762280000000000e+08
1.319810850000000000e+08
1.490850690000000000e+08
1.348276140000000000e+08
1.542311630000000000e+08
1.502489220000000000e+08
1.177687150000000000e+08
1.343545650000000000e+08
1.492531730000000000e+08
1.264423250000000000e+08
1.418688360000000000e+08
1.344709290000000000e+08
1.303731050000000000e+08
1.411241440000000000e+08
1.331503860000000000e+08
1.478572660000000000e+08
1.252650000000000000e+08
1.006776900000000000e+07
1.491763050000000000e+08
1.422977680000000000e+08
1.481006120000000000e+08
1.342200570000000000e+08
1.339189070000000000e+08
1.212850710000000000e+08
1.289037920000000000e+08
1.411217930000000000e+08
1.420860810000000000e+08
1.395162020000000000e+08
1.249880960000000000e+08
1.493925740000000000e+08
1.501660910000000000e+08
1.509553090000000000e+08
1.496026150000000000e+08
1.212039890000000000e+08
1.122536900000000000e+07
1.002966310000000000e+08
1.229867110000000000e+08
1.412814950000000000e+08
1.303449580000000000e+08
1.192878370000000000e+08
1.192862050000000000e+08
1.421445940000000000e+08
1.231531240000000000e+08
1.402710690000000000e+08
1.502744870000000000e+08
1.426084860000000000e+08
1.176667590000000000e+08
1.099274740000000000e+08
1.311048930000000000e+08
1.476309990000000000e+08
1.345498080000000000e+08
1.327068710000000000e+08
1.213200030000000000e+08
1.408977320000000000e+08
1.464669040000000000e+08
1.103515540000000000e+08
1.480435400000000000e+08
1.507421830000000000e+08
1.490373630000000000e+08
1.517790510000000000e+08
1.418114320000000000e+08
1.501432090000000000e+08
1.453349820000000000e+08
1.194898800000000000e+08
1.419115190000000000e+08
1.528721860000000000e+08
1.487477180000000000e+08
1.344318640000000000e+08
1.406612890000000000e+08
1.332496090000000000e+08
1.440598660000000000e+08
1.256143840000000000e+08
1.099329610000000000e+08
1.493517760000000000e+08
1.421482280000000000e+08
1.463254320000000000e+08
1.523218820000000000e+08
1.408947030000000000e+08
1.312482410000000000e+08
1.481258550000000000e+08
1.032371000000000000e+07
1.418262290000000000e+08
1.495398940000000000e+08
1.446350650000000000e+08
1.126032370000000000e+08
1.257976840000000000e+08
1.444145500000000000e+08
1.012694630000000000e+08
1.504418100000000000e+08
1.496688040000000000e+08
1.538530900000000000e+08
1.144773380000000000e+08
1.140242530000000000e+08
1.540063290000000000e+08
1.494979040000000000e+08
1.501075390000000000e+08
1.470317450000000000e+08
1.344985530000000000e+08
1.537353660000000000e+08
1.229830340000000000e+08
1.472616410000000000e+08
1.093146200000000000e+08
1.343168190000000000e+08
1.494731710000000000e+08
1.417577320000000000e+08
1.304166870000000000e+08
1.433668840000000000e+08
1.303757470000000000e+08
1.412692170000000000e+08
1.406335680000000000e+08
1.417658360000000000e+08
1.405807170000000000e+08
1.412104480000000000e+08
1.406082300000000000e+08
1.414117130000000000e+08
1.416834000000000000e+08
1.501422690000000000e+08
1.341720830000000000e+08
1.415266710000000000e+08
1.450203140000000000e+08
1.241999800000000000e+08
1.343551630000000000e+08
1.496290770000000000e+08
1.302599470000000000e+08
1.411553520000000000e+08
1.419765980000000000e+08
1.343544340000000000e+08
1.262741660000000000e+08
1.531088790000000000e+08
1.421460510000000000e+08
1.416854650000000000e+08
1.192874370000000000e+08
1.483354090000000000e+08
1.073422110000000000e+08
1.424094000000000000e+08
1.495390580000000000e+08
1.532713480000000000e+08
1.293651960000000000e+08
1.124819520000000000e+08
1.405999720000000000e+08
1.473787400000000000e+08
1.318458000000000000e+08
1.500652440000000000e+08
1.399223130000000000e+08
1.432681840000000000e+08
1.256405240000000000e+08
1.322362070000000000e+08
1.500303230000000000e+08
1.140231900000000000e+08
1.503003880000000000e+08
1.494238510000000000e+08
1.470994820000000000e+08
1.251931490000000000e+08
1.346311160000000000e+08
1.433179210000000000e+08
1.507963390000000000e+08
1.416218030000000000e+08
1.254094040000000000e+08
1.484056840000000000e+08
1.414727770000000000e+08
1.418238820000000000e+08
1.501056030000000000e+08
1.394355110000000000e+08
1.341173920000000000e+08
1.503591980000000000e+08
1.248742860000000000e+08
1.342001850000000000e+08
1.048463500000000000e+07
1.259002290000000000e+08
1.341075060000000000e+08
1.517106100000000000e+08
1.492706130000000000e+08
1.341848660000000000e+08
1.081278860000000000e+08
1.316442970000000000e+08
1.011432860000000000e+08
1.405806340000000000e+08
1.493476290000000000e+08
1.419454650000000000e+08
1.404689800000000000e+08
1.415280600000000000e+08
1.406904280000000000e+08
1.424613050000000000e+08
1.478039900000000000e+08
1.193295710000000000e+08
1.419092810000000000e+08
1.434386110000000000e+08
1.271389580000000000e+08
1.419896360000000000e+08
1.240092310000000000e+08
1.494733940000000000e+08
1.305723740000000000e+08
1.410301680000000000e+08
1.249879540000000000e+08
1.504320790000000000e+08
1.134600570000000000e+08
1.236366770000000000e+08
1.491039410000000000e+08
1.409477890000000000e+08
1.252511830000000000e+08
1.483443850000000000e+08
1.335752690000000000e+08
1.493920920000000000e+08
1.501077030000000000e+08
1.490595840000000000e+08
1.144756860000000000e+08
1.426038910000000000e+08
1.503583140000000000e+08
1.099843680000000000e+08
1.420845440000000000e+08
1.120725970000000000e+08
1.420874510000000000e+08
1.395222080000000000e+08
1.418705890000000000e+08
1.493081750000000000e+08
1.341995830000000000e+08
1.485008480000000000e+08
1.406306350000000000e+08
1.492489690000000000e+08
1.251765290000000000e+08
1.487344750000000000e+08
1.415264390000000000e+08
1.068990940000000000e+08
1.094562480000000000e+08
1.488026540000000000e+08
1.484615630000000000e+08
1.500643910000000000e+08
1.407981760000000000e+08
1.491057810000000000e+08
1.493482570000000000e+08
1.420183280000000000e+08
1.512708570000000000e+08
1.316450520000000000e+08
1.002050790000000000e+08
1.106097770000000000e+08
1.482288890000000000e+08
1.324509230000000000e+08
1.477663840000000000e+08
1.105749450000000000e+08
1.406108680000000000e+08
1.340465830000000000e+08
1.434964010000000000e+08
1.499140720000000000e+08
1.499705890000000000e+08
1.417091010000000000e+08
1.317900190000000000e+08
1.479769110000000000e+08
1.417572940000000000e+08
1.270785100000000000e+08
1.425460760000000000e+08
1.406083260000000000e+08
1.452760080000000000e+08
1.283964310000000000e+08
1.416840580000000000e+08
1.474312550000000000e+08
1.501657400000000000e+08
1.085754310000000000e+08
1.414804340000000000e+08
1.409978180000000000e+08
1.495390160000000000e+08
1.512712190000000000e+08
1.493107240000000000e+08
1.484073010000000000e+08
1.477230200000000000e+07
1.499025390000000000e+08
1.344318580000000000e+08
1.143010650000000000e+08
1.178202360000000000e+08
1.017965600000000000e+07
1.244072550000000000e+08
1.213376710000000000e+08
1.230291570000000000e+08
1.192469460000000000e+08
1.480970130000000000e+08
1.117474220000000000e+08
1.478385540000000000e+08
1.346382000000000000e+08
1.249404960000000000e+08
1.064951770000000000e+08
1.502482610000000000e+08
1.065903630000000000e+08
1.412624670000000000e+08
1.242490070000000000e+08
1.342911180000000000e+08
1.420854910000000000e+08
1.475797940000000000e+08
1.244126700000000000e+08
1.177689680000000000e+08
1.095702450000000000e+08
1.419740660000000000e+08
1.414803940000000000e+08
1.122310370000000000e+08
1.482321010000000000e+08
1.212043330000000000e+08
1.241997880000000000e+08
1.289067860000000000e+08
1.132924910000000000e+08
1.131758530000000000e+08
1.503199680000000000e+08
1.406599780000000000e+08
1.404628940000000000e+08
1.409382470000000000e+08
1.436518330000000000e+08
1.480911290000000000e+08
1.480062100000000000e+07
1.287364710000000000e+08
1.339066710000000000e+08
1.416094300000000000e+08
1.420817110000000000e+08
1.011435130000000000e+08
1.426072140000000000e+08
1.412128810000000000e+08
1.145547750000000000e+08
1.294465260000000000e+08
1.494667840000000000e+08
1.493190660000000000e+08
1.330352410000000000e+08
1.493043130000000000e+08
1.495405250000000000e+08
1.237473230000000000e+08
1.493466750000000000e+08
1.499708750000000000e+08
1.396546440000000000e+08
1.130869200000000000e+07
1.504662550000000000e+08
1.472516380000000000e+08
1.424038940000000000e+08
1.283236680000000000e+08
1.414801760000000000e+08
1.331462900000000000e+08
1.490374520000000000e+08
1.399225080000000000e+08
1.501449410000000000e+08
1.417556000000000000e+08
1.073400990000000000e+08
1.410970270000000000e+08
1.418429050000000000e+08
1.419770860000000000e+08
1.479591060000000000e+08
1.417714830000000000e+08
1.343164810000000000e+08
1.339293450000000000e+08
1.504250880000000000e+08
1.063379310000000000e+08
1.529536200000000000e+08
1.491561800000000000e+08
1.517763880000000000e+08
1.487275370000000000e+08
1.450879870000000000e+08
1.393348950000000000e+08
1.426208180000000000e+08
1.213870130000000000e+08
1.129232570000000000e+08
1.240257060000000000e+08
1.192908620000000000e+08
1.294382580000000000e+08
1.417572300000000000e+08
1.493905650000000000e+08
1.415464810000000000e+08
1.539279990000000000e+08
1.503201780000000000e+08
1.083285000000000000e+07
1.421426020000000000e+08
1.119526850000000000e+08
1.501449330000000000e+08
1.493894190000000000e+08
1.193267540000000000e+08
1.212048450000000000e+08
1.272568150000000000e+08
1.501657350000000000e+08
1.306183270000000000e+08
1.113156450000000000e+08
1.391685290000000000e+08
1.482262980000000000e+08
1.489202450000000000e+08
1.499135980000000000e+08
1.491012260000000000e+08
1.449464100000000000e+07
1.413335910000000000e+08
1.419417080000000000e+08
1.500625020000000000e+08
1.313382390000000000e+08
1.013196850000000000e+08
1.415478300000000000e+08
1.230859780000000000e+08
1.068375870000000000e+08
1.412635240000000000e+08
1.427215820000000000e+08
1.502505280000000000e+08
1.494975430000000000e+08
1.113139940000000000e+08
1.345422710000000000e+08
1.421933390000000000e+08
1.481316700000000000e+08
1.192458260000000000e+08
1.108052530000000000e+08
1.076247390000000000e+08
1.534300540000000000e+08
1.501518850000000000e+08
1.501627390000000000e+08
1.466734000000000000e+07
1.417094360000000000e+08
1.246900440000000000e+08
1.405803360000000000e+08
1.334227780000000000e+08
1.499715380000000000e+08
1.482305360000000000e+08
1.420484470000000000e+08
1.492180720000000000e+08
1.117139800000000000e+07
1.124849970000000000e+08
1.484957000000000000e+07
1.478538350000000000e+08
1.330344080000000000e+08
1.262631460000000000e+08
1.124094620000000000e+08
1.132865910000000000e+08
1.295917080000000000e+08
1.231403030000000000e+08
1.421267320000000000e+08
1.468931700000000000e+08
1.421097310000000000e+08
1.517198880000000000e+08
1.193272780000000000e+08
1.405334480000000000e+08
1.496644230000000000e+08
1.496282160000000000e+08
1.411233490000000000e+08
1.212331400000000000e+08
1.255580820000000000e+08
1.408719760000000000e+08
1.411744230000000000e+08
1.535144520000000000e+08
1.424694150000000000e+08
1.246482970000000000e+08
1.500985420000000000e+08
1.402694700000000000e+08
1.541785400000000000e+08
1.491073600000000000e+08
1.437867370000000000e+08
1.504407550000000000e+08
1.265438090000000000e+08
1.307966840000000000e+08
1.415318100000000000e+08
1.492713030000000000e+08
1.231437530000000000e+08
1.491231400000000000e+08
1.469824920000000000e+08
1.482702910000000000e+08
1.342845330000000000e+08
1.003930710000000000e+08
1.495986760000000000e+08
1.252001100000000000e+08
1.453267140000000000e+08
1.491770490000000000e+08
1.468872360000000000e+08
1.495758100000000000e+08
1.346413270000000000e+08
1.481094270000000000e+08
1.482740980000000000e+08
