1.492168640000000000e+08
1.414358180000000000e+08
1.408283330000000000e+08
1.237936200000000000e+07
1.112236570000000000e+08
1.237852200000000000e+07
1.505138240000000000e+08
1.409404930000000000e+08
1.493907100000000000e+08
1.393006960000000000e+08
1.205234770000000000e+08
1.413347930000000000e+08
1.239375300000000000e+07
1.377962180000000000e+08
1.493906480000000000e+08
1.498277370000000000e+08
1.491794510000000000e+08
1.416256050000000000e+08
1.164164410000000000e+08
1.406638850000000000e+08
1.500995110000000000e+08
1.416864550000000000e+08
1.416266340000000000e+08
1.387074630000000000e+08
1.410308250000000000e+08
1.205661660000000000e+08
1.504399890000000000e+08
1.491549270000000000e+08
1.393008060000000000e+08
1.501656570000000000e+08
1.406351110000000000e+08
1.503247870000000000e+08
1.528205710000000000e+08
1.418117560000000000e+08
1.418230410000000000e+08
1.492165320000000000e+08
1.148046450000000000e+08
1.406356670000000000e+08
1.494975790000000000e+08
1.297084800000000000e+07
1.421485870000000000e+08
1.491057640000000000e+08
1.468008200000000000e+08
1.495429470000000000e+08
1.020697050000000000e+08
1.414071490000000000e+08
1.405120850000000000e+08
1.168802250000000000e+08
1.499718280000000000e+08
1.492194960000000000e+08
1.411839010000000000e+08
1.502724470000000000e+08
1.416078980000000000e+08
1.309980200000000000e+07
1.463641110000000000e+08
1.495384800000000000e+08
1.019319620000000000e+08
1.161565780000000000e+08
1.417085460000000000e+08
1.242205800000000000e+07
1.241819100000000000e+07
1.500629310000000000e+08
1.168803010000000000e+08
1.494981980000000000e+08
1.417542910000000000e+08
1.494220870000000000e+08
1.242012300000000000e+07
1.000316810000000000e+08
1.490110300000000000e+08
1.019450510000000000e+08
1.148607750000000000e+08
1.503933020000000000e+08
1.393496730000000000e+08
1.239383100000000000e+07
1.020314890000000000e+08
1.491753960000000000e+08
1.206100260000000000e+08
1.499300840000000000e+08
1.408923730000000000e+08
1.490599540000000000e+08
1.420184640000000000e+08
1.417661440000000000e+08
1.149129850000000000e+08
1.148197760000000000e+08
1.420161190000000000e+08
1.443317490000000000e+08
1.443851640000000000e+08
1.493479920000000000e+08
1.237871800000000000e+07
1.278421600000000000e+07
1.493472960000000000e+08
1.299637500000000000e+07
1.501454380000000000e+08
1.490605860000000000e+08
1.242243700000000000e+07
1.156933680000000000e+08
1.409985220000000000e+08
1.178749590000000000e+08
1.247351600000000000e+07
1.313997500000000000e+07
1.502487620000000000e+08
1.491553600000000000e+08
1.411871260000000000e+08
1.020300880000000000e+08
1.444350850000000000e+08
1.518924080000000000e+08
1.408308740000000000e+08
1.412821360000000000e+08
1.239600400000000000e+07
1.496310350000000000e+08
1.503569030000000000e+08
1.237716000000000000e+07
1.499738790000000000e+08
1.241912000000000000e+07
1.148173280000000000e+08
1.503605510000000000e+08
1.204286290000000000e+08
1.392508100000000000e+08
1.406922800000000000e+08
1.152421370000000000e+08
1.302349300000000000e+07
1.305930800000000000e+07
1.491268100000000000e+08
1.493490370000000000e+08
1.237774900000000000e+07
1.418676270000000000e+08
1.459639850000000000e+08
1.205231400000000000e+08
1.520687910000000000e+08
1.503589910000000000e+08
1.309702000000000000e+07
1.420851920000000000e+08
1.503248410000000000e+08
1.505132760000000000e+08
1.020906220000000000e+08
1.412844110000000000e+08
1.499762760000000000e+08
1.418112610000000000e+08
1.520874530000000000e+08
1.503919080000000000e+08
1.164182880000000000e+08
1.443667830000000000e+08
1.443786250000000000e+08
1.420826420000000000e+08
1.411842070000000000e+08
1.392856690000000000e+08
1.247052000000000000e+07
1.296895300000000000e+07
1.111833920000000000e+08
1.285858800000000000e+07
1.405959530000000000e+08
1.414849810000000000e+08
1.443354870000000000e+08
1.406357780000000000e+08
1.492531400000000000e+08
1.528663010000000000e+08
1.490367580000000000e+08
1.420528260000000000e+08
1.181141240000000000e+08
1.493504470000000000e+08
1.501891530000000000e+08
1.503598920000000000e+08
1.416280190000000000e+08
1.492481960000000000e+08
1.498363680000000000e+08
1.408280630000000000e+08
1.309804300000000000e+07
1.442762970000000000e+08
1.499924790000000000e+08
1.499765350000000000e+08
1.247422500000000000e+07
1.490186110000000000e+08
1.405804970000000000e+08
1.148177000000000000e+08
1.148194530000000000e+08
1.457506040000000000e+08
1.409716660000000000e+08
1.020858690000000000e+08
1.468007790000000000e+08
1.502985730000000000e+08
1.204283590000000000e+08
1.148199790000000000e+08
1.498368100000000000e+08
1.495400130000000000e+08
1.500987770000000000e+08
1.020696610000000000e+08
1.443017390000000000e+08
1.405794300000000000e+08
1.148595700000000000e+08
1.235914400000000000e+07
1.406593500000000000e+08
1.204446550000000000e+08
1.492191450000000000e+08
1.237856200000000000e+07
1.493033100000000000e+08
1.156925610000000000e+08
1.501890700000000000e+08
1.417706090000000000e+08
1.496035240000000000e+08
1.309737900000000000e+07
1.406001470000000000e+08
1.490117010000000000e+08
1.156924390000000000e+08
1.443978830000000000e+08
1.405982250000000000e+08
1.302358500000000000e+07
1.205632190000000000e+08
1.020878310000000000e+08
1.387073550000000000e+08
1.528668020000000000e+08
1.001036790000000000e+08
1.491267960000000000e+08
1.414791740000000000e+08
1.491027280000000000e+08
1.302380200000000000e+07
1.410281640000000000e+08
1.001063680000000000e+08
1.411546380000000000e+08
1.148585620000000000e+08
1.293153700000000000e+07
1.159438490000000000e+08
1.237911100000000000e+07
1.492193760000000000e+08
1.205847790000000000e+08
1.239603100000000000e+07
1.500628830000000000e+08
1.235906000000000000e+07
1.377735280000000000e+08
1.496657550000000000e+08
1.419102910000000000e+08
1.407974640000000000e+08
1.020480010000000000e+08
1.499715370000000000e+08
1.112261960000000000e+08
1.393489310000000000e+08
1.411851420000000000e+08
1.528663740000000000e+08
1.405787910000000000e+08
1.387078230000000000e+08
1.206067170000000000e+08
1.000665120000000000e+08
1.112234870000000000e+08
1.504370650000000000e+08
1.496014510000000000e+08
1.410297870000000000e+08
1.416246590000000000e+08
1.148599700000000000e+08
1.148198850000000000e+08
1.411534720000000000e+08
1.243487000000000000e+07
1.392657230000000000e+08
1.498003460000000000e+08
1.419756200000000000e+08
1.502497370000000000e+08
1.501428060000000000e+08
1.020498000000000000e+08
1.500296710000000000e+08
1.498375210000000000e+08
1.503229910000000000e+08
1.020474360000000000e+08
1.442755080000000000e+08
1.020630380000000000e+08
1.503600850000000000e+08
1.490121100000000000e+08
1.171575510000000000e+08
1.504294810000000000e+08
1.499900980000000000e+08
1.421431150000000000e+08
1.410247240000000000e+08
1.242506100000000000e+07
1.444328700000000000e+08
1.502726460000000000e+08
1.411529310000000000e+08
1.501053720000000000e+08
1.205800400000000000e+08
1.443007250000000000e+08
1.020286010000000000e+08
1.409972420000000000e+08
1.147949050000000000e+08
1.148187890000000000e+08
1.500988600000000000e+08
1.412815260000000000e+08
1.498280220000000000e+08
1.498378700000000000e+08
1.500982910000000000e+08
1.421441620000000000e+08
1.242110300000000000e+07
1.502740710000000000e+08
1.503617370000000000e+08
1.393683920000000000e+08
1.159439640000000000e+08
1.503208910000000000e+08
1.148183450000000000e+08
1.205486990000000000e+08
1.020704040000000000e+08
1.178759770000000000e+08
1.418097290000000000e+08
1.235901500000000000e+07
1.414107890000000000e+08
1.393694360000000000e+08
1.500666310000000000e+08
1.444606680000000000e+08
1.112256160000000000e+08
1.502746320000000000e+08
1.411870820000000000e+08
1.405993770000000000e+08
1.414072010000000000e+08
1.502496790000000000e+08
1.206081170000000000e+08
1.503246560000000000e+08
1.378018070000000000e+08
1.235880500000000000e+07
1.019160280000000000e+08
1.204895540000000000e+08
1.498283890000000000e+08
1.154439930000000000e+08
1.001032000000000000e+08
1.418226250000000000e+08
1.418093590000000000e+08
1.148755260000000000e+08
1.314028000000000000e+07
1.420868130000000000e+08
1.491217280000000000e+08
1.503912260000000000e+08
1.239393600000000000e+07
1.021648390000000000e+08
1.413345550000000000e+08
1.313955600000000000e+07
1.421087460000000000e+08
1.242096800000000000e+07
1.491014110000000000e+08
1.499705990000000000e+08
1.502746490000000000e+08
1.412788100000000000e+08
1.444605040000000000e+08
1.503199030000000000e+08
1.305875600000000000e+07
1.001037930000000000e+08
1.455408010000000000e+08
1.503215120000000000e+08
1.492523050000000000e+08
1.416868040000000000e+08
1.247247600000000000e+07
1.499309460000000000e+08
1.420856180000000000e+08
1.175460120000000000e+08
1.406310500000000000e+08
1.020298950000000000e+08
1.418086750000000000e+08
1.020473510000000000e+08
1.411529270000000000e+08
1.272396100000000000e+07
1.171576500000000000e+08
1.111848850000000000e+08
1.503919880000000000e+08
1.493498090000000000e+08
1.112231020000000000e+08
1.443863930000000000e+08
1.021661580000000000e+08
1.377742380000000000e+08
1.408915970000000000e+08
1.299518200000000000e+07
1.313778500000000000e+07
1.237787300000000000e+07
1.171576220000000000e+08
1.117528710000000000e+08
1.443988690000000000e+08
1.503579350000000000e+08
1.377984230000000000e+08
1.502714200000000000e+08
1.491202760000000000e+08
1.178758370000000000e+08
1.020311370000000000e+08
1.419759260000000000e+08
1.494755590000000000e+08
1.148755530000000000e+08
1.405986290000000000e+08
1.500316240000000000e+08
1.502497280000000000e+08
1.503581700000000000e+08
1.408985750000000000e+08
1.406591720000000000e+08
1.410289660000000000e+08
1.419777950000000000e+08
1.501507340000000000e+08
1.393489520000000000e+08
1.148194390000000000e+08
1.176436220000000000e+08
1.148588880000000000e+08
1.415436200000000000e+08
1.503204560000000000e+08
1.020504490000000000e+08
1.409388020000000000e+08
1.490183450000000000e+08
1.393275580000000000e+08
1.393209210000000000e+08
1.416251590000000000e+08
1.414715220000000000e+08
1.020321010000000000e+08
1.414112010000000000e+08
1.237848100000000000e+07
1.416218850000000000e+08
1.493913350000000000e+08
1.001013750000000000e+08
1.444326830000000000e+08
1.247237500000000000e+07
1.242089400000000000e+07
1.499306560000000000e+08
1.491759360000000000e+08
1.205053670000000000e+08
1.204429430000000000e+08
1.293081900000000000e+07
1.309119400000000000e+07
1.175476270000000000e+08
1.500295020000000000e+08
1.282279600000000000e+07
1.205656770000000000e+08
1.411230490000000000e+08
1.489945200000000000e+08
1.185856850000000000e+08
1.204145430000000000e+08
1.414236340000000000e+08
1.442768930000000000e+08
1.493028250000000000e+08
1.498018010000000000e+08
1.235909200000000000e+07
1.148752170000000000e+08
1.501667210000000000e+08
1.520880750000000000e+08
1.000299670000000000e+08
1.300072000000000000e+07
1.405284110000000000e+08
1.241783900000000000e+07
1.499337760000000000e+08
1.019448340000000000e+08
1.494242640000000000e+08
1.491800880000000000e+08
1.019626390000000000e+08
1.242186200000000000e+07
1.377985980000000000e+08
1.467991500000000000e+08
1.414246430000000000e+08
1.297446400000000000e+07
1.286056200000000000e+07
1.443314480000000000e+08
1.412839210000000000e+08
1.493918780000000000e+08
1.205814190000000000e+08
1.504418000000000000e+08
1.392818030000000000e+08
1.494201490000000000e+08
1.495761480000000000e+08
1.148193010000000000e+08
1.392858450000000000e+08
1.000981230000000000e+08
1.309766300000000000e+07
1.418100800000000000e+08
1.156933020000000000e+08
1.500625270000000000e+08
1.443359230000000000e+08
1.001009090000000000e+08
1.420822350000000000e+08
1.443872410000000000e+08
1.019494340000000000e+08
1.239388300000000000e+07
1.504300440000000000e+08
1.175495460000000000e+08
1.414084450000000000e+08
1.302435500000000000e+07
1.491020060000000000e+08
1.020717500000000000e+08
1.444324820000000000e+08
1.498004660000000000e+08
1.494231030000000000e+08
1.416829210000000000e+08
1.111851360000000000e+08
1.504318390000000000e+08
1.152410990000000000e+08
1.305871100000000000e+07
1.117501810000000000e+08
1.420186970000000000e+08
1.272091700000000000e+07
1.420860910000000000e+08
1.493910100000000000e+08
1.408018980000000000e+08
1.494729150000000000e+08
1.112231390000000000e+08
1.405795370000000000e+08
1.406922470000000000e+08
1.503618030000000000e+08
1.416079720000000000e+08
1.504306160000000000e+08
1.272352800000000000e+07
1.204622200000000000e+08
1.420824670000000000e+08
1.148046530000000000e+08
1.503574240000000000e+08
1.499881040000000000e+08
1.419124690000000000e+08
1.421089490000000000e+08
1.019912250000000000e+08
1.496301600000000000e+08
1.406629080000000000e+08
1.443261180000000000e+08
1.406896530000000000e+08
1.206091370000000000e+08
1.205633170000000000e+08
1.493464180000000000e+08
1.204301710000000000e+08
1.407977860000000000e+08
1.183275500000000000e+08
1.307339600000000000e+07
1.019342230000000000e+08
1.154441140000000000e+08
1.420175090000000000e+08
1.164174940000000000e+08
1.418652010000000000e+08
1.493484200000000000e+08
1.493940360000000000e+08
1.148090080000000000e+08
1.020344610000000000e+08
1.206104560000000000e+08
1.313857600000000000e+07
1.500288060000000000e+08
1.457524390000000000e+08
1.504422640000000000e+08
1.168802480000000000e+08
1.204893990000000000e+08
1.019442610000000000e+08
1.204145030000000000e+08
1.494220960000000000e+08
1.020889690000000000e+08
1.176436190000000000e+08
1.417694340000000000e+08
1.156933770000000000e+08
1.416112760000000000e+08
1.503617680000000000e+08
1.494788460000000000e+08
1.418697240000000000e+08
1.414132190000000000e+08
1.419439410000000000e+08
1.410281980000000000e+08
1.443652940000000000e+08
1.166583840000000000e+08
1.415437440000000000e+08
1.205663950000000000e+08
1.175492940000000000e+08
1.499316030000000000e+08
1.405291990000000000e+08
1.111875010000000000e+08
1.241783700000000000e+07
1.393622410000000000e+08
1.416100500000000000e+08
1.237778700000000000e+07
1.297468800000000000e+07
1.001023030000000000e+08
1.501056130000000000e+08
1.520687230000000000e+08
1.237674400000000000e+07
1.117521060000000000e+08
1.000975660000000000e+08
1.494234330000000000e+08
1.417680400000000000e+08
1.288106900000000000e+07
1.501912580000000000e+08
1.314173300000000000e+07
1.297418200000000000e+07
1.491260600000000000e+08
1.392824320000000000e+08
1.204916400000000000e+08
1.299701400000000000e+07
1.405295550000000000e+08
1.164165740000000000e+08
1.443354000000000000e+08
1.378060560000000000e+08
1.528651840000000000e+08
1.405980470000000000e+08
1.463659230000000000e+08
1.237669400000000000e+07
1.444406510000000000e+08
1.420854910000000000e+08
1.020628920000000000e+08
1.185868970000000000e+08
1.154439520000000000e+08
1.243337900000000000e+07
1.442774750000000000e+08
1.020293570000000000e+08
1.409382470000000000e+08
1.443095240000000000e+08
1.503199680000000000e+08
1.443360750000000000e+08
1.416094300000000000e+08
1.299871100000000000e+07
1.148049680000000000e+08
1.309080200000000000e+07
1.175498400000000000e+08
1.176111050000000000e+08
1.493466750000000000e+08
1.309058500000000000e+07
1.495405250000000000e+08
1.493043130000000000e+08
1.168813200000000000e+08
1.490374520000000000e+08
1.414801760000000000e+08
1.410250900000000000e+08
1.019923120000000000e+08
1.237793200000000000e+07
1.502753090000000000e+08
1.419770860000000000e+08
1.020640490000000000e+08
1.176264750000000000e+08
1.237759100000000000e+07
1.501449410000000000e+08
1.164165870000000000e+08
1.500643910000000000e+08
1.443074920000000000e+08
1.176433790000000000e+08
1.176425390000000000e+08
1.392509090000000000e+08
1.161576490000000000e+08
1.520879950000000000e+08
1.241889200000000000e+07
1.235893600000000000e+07
1.393628920000000000e+08
1.417572940000000000e+08
1.417091010000000000e+08
1.235859500000000000e+07
1.368868150000000000e+08
1.499705890000000000e+08
1.147928930000000000e+08
1.492186830000000000e+08
1.501657400000000000e+08
1.499025390000000000e+08
1.409978180000000000e+08
1.414804340000000000e+08
1.156925120000000000e+08
1.501022270000000000e+08
1.392505070000000000e+08
1.147497270000000000e+08
1.206098570000000000e+08
1.000656470000000000e+08
1.405803360000000000e+08
1.417094360000000000e+08
1.148197420000000000e+08
1.492180720000000000e+08
1.293170500000000000e+07
1.020503530000000000e+08
1.313923900000000000e+07
1.293334700000000000e+07
1.161576470000000000e+08
1.498376450000000000e+08
1.205640200000000000e+08
1.175467060000000000e+08
1.001040210000000000e+08
1.166605990000000000e+08
1.490214840000000000e+08
1.443867330000000000e+08
1.496282160000000000e+08
1.444038280000000000e+08
1.411233490000000000e+08
1.491073600000000000e+08
1.204911660000000000e+08
1.444554540000000000e+08
1.490115330000000000e+08
1.500985420000000000e+08
1.204298980000000000e+08
1.444463040000000000e+08
1.409723680000000000e+08
1.415318100000000000e+08
1.498268010000000000e+08
1.490108770000000000e+08
1.528096900000000000e+08
1.520880860000000000e+08
1.442772830000000000e+08
1.148199030000000000e+08
1.243577400000000000e+07
1.111885070000000000e+08
1.491770490000000000e+08
1.495986760000000000e+08
1.417714830000000000e+08
1.392836440000000000e+08
1.407990350000000000e+08
1.503236430000000000e+08
1.205488060000000000e+08
1.455328790000000000e+08
1.164165230000000000e+08
1.001066570000000000e+08
1.241985800000000000e+07
1.019448110000000000e+08
1.493905650000000000e+08
1.393008910000000000e+08
1.237794000000000000e+07
1.019318070000000000e+08
1.490183840000000000e+08
1.457507210000000000e+08
1.417572300000000000e+08
1.111862320000000000e+08
1.493894190000000000e+08
1.175483580000000000e+08
1.020637970000000000e+08
1.001018610000000000e+08
1.503201780000000000e+08
1.000299420000000000e+08
1.204598700000000000e+08
1.409411530000000000e+08
1.419764560000000000e+08
1.247492000000000000e+07
1.500625020000000000e+08
1.415478300000000000e+08
1.181145380000000000e+08
1.419417080000000000e+08
1.491012260000000000e+08
1.154441380000000000e+08
1.494975430000000000e+08
1.490101470000000000e+08
1.502505280000000000e+08
1.498265500000000000e+08
1.148090580000000000e+08
1.239387000000000000e+07
1.204885890000000000e+08
1.185858790000000000e+08
1.421445940000000000e+08
1.412814950000000000e+08
1.377744480000000000e+08
1.112241250000000000e+08
1.001243510000000000e+08
1.502744870000000000e+08
1.461656360000000000e+08
1.419115190000000000e+08
1.241830700000000000e+07
1.019485690000000000e+08
1.001030640000000000e+08
1.297340300000000000e+07
1.491610750000000000e+08
1.443856680000000000e+08
1.181152690000000000e+08
1.418114320000000000e+08
1.503599820000000000e+08
1.459621850000000000e+08
1.490108390000000000e+08
1.500329830000000000e+08
1.204592650000000000e+08
1.406612890000000000e+08
1.166607350000000000e+08
1.495398940000000000e+08
1.392582100000000000e+08
1.377666330000000000e+08
1.149130770000000000e+08
1.251016600000000000e+07
1.406889410000000000e+08
1.444447080000000000e+08
1.392677410000000000e+08
1.020303340000000000e+08
1.504418100000000000e+08
1.495014850000000000e+08
1.019630690000000000e+08
1.020493940000000000e+08
1.393562270000000000e+08
1.501075390000000000e+08
1.444064400000000000e+08
1.492183500000000000e+08
1.417573260000000000e+08
1.241900500000000000e+07
1.442770540000000000e+08
1.500989790000000000e+08
1.185868060000000000e+08
1.421076180000000000e+08
1.205628630000000000e+08
1.406874460000000000e+08
1.443092120000000000e+08
1.000307150000000000e+08
1.443664430000000000e+08
1.239489800000000000e+07
1.117555750000000000e+08
1.239384200000000000e+07
1.503233340000000000e+08
1.502497710000000000e+08
1.490185490000000000e+08
1.020296520000000000e+08
1.411241440000000000e+08
1.176108600000000000e+08
1.239396600000000000e+07
1.444342740000000000e+08
1.178749580000000000e+08
1.393489770000000000e+08
1.418688360000000000e+08
1.307567900000000000e+07
1.176120500000000000e+08
1.020496070000000000e+08
1.176119560000000000e+08
1.491763050000000000e+08
1.501660910000000000e+08
1.420860810000000000e+08
1.411217930000000000e+08
1.495427090000000000e+08
1.247378900000000000e+07
1.309914800000000000e+07
1.309870800000000000e+07
1.528640740000000000e+08
1.528318580000000000e+08
1.413357870000000000e+08
1.111880790000000000e+08
1.237788900000000000e+07
1.205799320000000000e+08
1.278484500000000000e+07
1.443259870000000000e+08
1.408932380000000000e+08
1.493476290000000000e+08
1.406904280000000000e+08
1.405806340000000000e+08
1.251079000000000000e+07
1.494733940000000000e+08
1.293246400000000000e+07
1.293358300000000000e+07
1.173962360000000000e+08
1.444037760000000000e+08
1.019912350000000000e+08
1.419092810000000000e+08
1.237790000000000000e+07
1.235882700000000000e+07
1.491039410000000000e+08
1.444545590000000000e+08
1.444020120000000000e+08
1.204290610000000000e+08
1.309913400000000000e+07
1.493920920000000000e+08
1.442840520000000000e+08
1.442860710000000000e+08
1.467989480000000000e+08
1.297111000000000000e+07
1.490595840000000000e+08
1.444366380000000000e+08
1.493081750000000000e+08
1.406306350000000000e+08
1.493882650000000000e+08
1.418705890000000000e+08
1.148199380000000000e+08
1.415264390000000000e+08
1.520711420000000000e+08
1.444395050000000000e+08
1.406335680000000000e+08
1.393638630000000000e+08
1.019354080000000000e+08
1.417658360000000000e+08
1.206073860000000000e+08
1.242427400000000000e+07
1.494731710000000000e+08
1.000153000000000000e+08
1.417577320000000000e+08
1.242508400000000000e+07
1.495764130000000000e+08
1.305893500000000000e+07
1.412104480000000000e+08
1.405807170000000000e+08
1.148761530000000000e+08
1.416834000000000000e+08
1.241852700000000000e+07
1.414117130000000000e+08
1.406082300000000000e+08
1.112251940000000000e+08
1.393279010000000000e+08
1.173953580000000000e+08
1.206108330000000000e+08
1.001044000000000000e+08
1.421460510000000000e+08
1.164176610000000000e+08
1.296742000000000000e+07
1.176115800000000000e+08
1.377733470000000000e+08
1.205065820000000000e+08
1.500652440000000000e+08
1.148766880000000000e+08
1.405999720000000000e+08
1.416218030000000000e+08
1.377676820000000000e+08
1.205659390000000000e+08
1.500303230000000000e+08
1.501056030000000000e+08
1.205087580000000000e+08
1.465793180000000000e+08
1.392856660000000000e+08
1.418238820000000000e+08
1.204612080000000000e+08
1.204299510000000000e+08
1.414727770000000000e+08
1.393689460000000000e+08
1.503925840000000000e+08
1.495029500000000000e+08
1.498269740000000000e+08
1.416252740000000000e+08
1.001297260000000000e+08
1.502965600000000000e+08
1.152420710000000000e+08
1.496258120000000000e+08
1.406630570000000000e+08
1.405761740000000000e+08
1.443006890000000000e+08
1.148498610000000000e+08
1.408929380000000000e+08
1.442765670000000000e+08
1.313804900000000000e+07
1.501479850000000000e+08
1.501873730000000000e+08
1.410262670000000000e+08
1.175504320000000000e+08
1.307467300000000000e+07
1.417141910000000000e+08
1.414711050000000000e+08
1.206091310000000000e+08
1.500295380000000000e+08
1.293082300000000000e+07
1.442842770000000000e+08
1.156935230000000000e+08
1.461635270000000000e+08
1.117565200000000000e+08
1.117523990000000000e+08
1.411860750000000000e+08
1.176424420000000000e+08
1.206068860000000000e+08
1.307582700000000000e+07
1.444609420000000000e+08
1.019337100000000000e+08
1.414071590000000000e+08
1.492181000000000000e+08
1.412710780000000000e+08
1.377692600000000000e+08
1.405783040000000000e+08
1.443349420000000000e+08
1.411852700000000000e+08
1.409683570000000000e+08
1.420528760000000000e+08
1.490212510000000000e+08
1.493478050000000000e+08
1.421060960000000000e+08
1.420819730000000000e+08
1.417126540000000000e+08
1.406868390000000000e+08
1.443652430000000000e+08
1.414793100000000000e+08
1.168802980000000000e+08
1.420829420000000000e+08
1.175480620000000000e+08
1.117547370000000000e+08
1.377321700000000000e+08
1.242383500000000000e+07
1.501641240000000000e+08
1.406873820000000000e+08
1.492152620000000000e+08
1.242087800000000000e+07
1.393716000000000000e+08
1.001036830000000000e+08
1.528314470000000000e+08
1.501053500000000000e+08
1.499879400000000000e+08
1.443076260000000000e+08
1.205489010000000000e+08
1.247024100000000000e+07
1.444561780000000000e+08
1.204285550000000000e+08
1.492179370000000000e+08
1.417574410000000000e+08
1.239457200000000000e+07
1.293228400000000000e+07
1.444401760000000000e+08
1.502722770000000000e+08
1.148063970000000000e+08
1.019326540000000000e+08
1.173954360000000000e+08
1.419153670000000000e+08
1.444362460000000000e+08
1.443873640000000000e+08
1.406615950000000000e+08
1.307383000000000000e+07
1.490119650000000000e+08
1.241824900000000000e+07
1.501887360000000000e+08
1.528311770000000000e+08
1.277269100000000000e+07
1.503557640000000000e+08
1.492190920000000000e+08
1.443131060000000000e+08
1.417092960000000000e+08
1.306094900000000000e+07
1.490102080000000000e+08
1.418117340000000000e+08
1.415279650000000000e+08
1.501069480000000000e+08
1.309750900000000000e+07
1.019472240000000000e+08
1.499317540000000000e+08
1.417701210000000000e+08
1.413358860000000000e+08
1.393481720000000000e+08
1.393283140000000000e+08
1.407968540000000000e+08
1.421078330000000000e+08
1.494743870000000000e+08
1.171565680000000000e+08
1.498372070000000000e+08
1.499717540000000000e+08
1.405809490000000000e+08
1.405966220000000000e+08
1.420517860000000000e+08
1.421077560000000000e+08
1.309149900000000000e+07
1.442770930000000000e+08
1.409431850000000000e+08
1.416231740000000000e+08
1.242545700000000000e+07
1.309766200000000000e+07
1.444409620000000000e+08
1.443017550000000000e+08
1.293086400000000000e+07
1.148175230000000000e+08
1.168814350000000000e+08
1.461656120000000000e+08
1.414736170000000000e+08
1.001231310000000000e+08
1.293195200000000000e+07
1.313791300000000000e+07
1.501500950000000000e+08
1.242116100000000000e+07
1.421079220000000000e+08
1.493083170000000000e+08
1.173964980000000000e+08
1.411863250000000000e+08
1.409388040000000000e+08
1.183275110000000000e+08
1.405986530000000000e+08
1.178759690000000000e+08
1.468009540000000000e+08
1.019445560000000000e+08
1.528654870000000000e+08
1.493037660000000000e+08
1.416112370000000000e+08
1.206070160000000000e+08
1.237787500000000000e+07
1.241933100000000000e+07
1.377674360000000000e+08
1.314047000000000000e+07
1.235915300000000000e+07
1.293304600000000000e+07
1.405786060000000000e+08
1.421093900000000000e+08
1.176118560000000000e+08
1.205486510000000000e+08
1.020867560000000000e+08
1.306057500000000000e+07
1.418678950000000000e+08
1.495703800000000000e+08
1.500292720000000000e+08
1.377735950000000000e+08
1.205064260000000000e+08
1.237787200000000000e+07
1.152421690000000000e+08
1.168813950000000000e+08
1.188264980000000000e+08
1.205227220000000000e+08
1.499885230000000000e+08
1.457524030000000000e+08
1.465809630000000000e+08
1.148184870000000000e+08
1.420490250000000000e+08
1.377663840000000000e+08
1.393018380000000000e+08
1.442856380000000000e+08
1.496280340000000000e+08
1.204442890000000000e+08
1.175494870000000000e+08
1.417528830000000000e+08
1.498385150000000000e+08
1.414820690000000000e+08
1.204301370000000000e+08
1.502995760000000000e+08
1.442854050000000000e+08
1.494980990000000000e+08
1.272372100000000000e+07
1.409718420000000000e+08
1.392672840000000000e+08
1.204881210000000000e+08
1.499756760000000000e+08
1.239386800000000000e+07
1.020492300000000000e+08
1.205077800000000000e+08
1.405992840000000000e+08
1.152409860000000000e+08
1.414861050000000000e+08
1.412802550000000000e+08
1.491545770000000000e+08
1.297461600000000000e+07
1.492514430000000000e+08
1.491548210000000000e+08
1.001022680000000000e+08
1.205648500000000000e+08
1.443091530000000000e+08
1.496266500000000000e+08
1.175492760000000000e+08
1.414125320000000000e+08
1.251100100000000000e+07
1.020296780000000000e+08
1.494498880000000000e+08
1.314006400000000000e+07
1.498374690000000000e+08
1.020323970000000000e+08
1.494223640000000000e+08
1.392999500000000000e+08
1.154451350000000000e+08
1.204615260000000000e+08
1.183274470000000000e+08
1.235907900000000000e+07
1.501048080000000000e+08
1.504319200000000000e+08
1.377739920000000000e+08
1.443830090000000000e+08
1.491587240000000000e+08
1.183286220000000000e+08
1.503905430000000000e+08
1.418115400000000000e+08
1.443315560000000000e+08
1.502726560000000000e+08
1.500633210000000000e+08
1.239494000000000000e+07
1.393215320000000000e+08
1.205057090000000000e+08
1.461654820000000000e+08
1.393625030000000000e+08
1.001032010000000000e+08
1.414357580000000000e+08
1.491587890000000000e+08
1.020482880000000000e+08
1.377966200000000000e+08
1.501647950000000000e+08
1.465810330000000000e+08
1.393705370000000000e+08
1.501469730000000000e+08
1.156936010000000000e+08
1.420868120000000000e+08
1.205656780000000000e+08
1.461655770000000000e+08
1.147501960000000000e+08
1.503593250000000000e+08
1.503927530000000000e+08
1.410247990000000000e+08
1.297589300000000000e+07
1.413345850000000000e+08
1.117168920000000000e+08
1.019463840000000000e+08
1.408937220000000000e+08
1.148510710000000000e+08
1.420520860000000000e+08
1.183275630000000000e+08
1.175460880000000000e+08
1.001013370000000000e+08
1.408900280000000000e+08
1.000151260000000000e+08
1.306676700000000000e+07
1.442853940000000000e+08
1.503906190000000000e+08
1.204143820000000000e+08
1.148103940000000000e+08
1.443865550000000000e+08
1.416856430000000000e+08
1.314033900000000000e+07
1.503206200000000000e+08
1.414142170000000000e+08
1.407619480000000000e+08
1.528263830000000000e+08
1.019498360000000000e+08
1.414257020000000000e+08
1.387072250000000000e+08
1.443868030000000000e+08
1.205637080000000000e+08
1.243357700000000000e+07
1.444066680000000000e+08
1.444031360000000000e+08
1.442773230000000000e+08
1.020878190000000000e+08
1.490376410000000000e+08
1.293090300000000000e+07
1.204588300000000000e+08
1.492184970000000000e+08
1.393563180000000000e+08
1.495988620000000000e+08
1.309968100000000000e+07
1.204608540000000000e+08
1.492526700000000000e+08
1.112243760000000000e+08
1.443254150000000000e+08
1.412163980000000000e+08
1.499706130000000000e+08
1.459642460000000000e+08
1.306053600000000000e+07
1.528210980000000000e+08
1.277353400000000000e+07
1.393683190000000000e+08
1.293133600000000000e+07
1.019332800000000000e+08
1.377752140000000000e+08
1.306658200000000000e+07
1.235878600000000000e+07
1.000998760000000000e+08
1.206097600000000000e+08
1.393712650000000000e+08
1.417554140000000000e+08
1.237778500000000000e+07
1.501886630000000000e+08
1.020725250000000000e+08
1.307467000000000000e+07
1.420825480000000000e+08
1.504315180000000000e+08
1.500642380000000000e+08
1.420178260000000000e+08
1.443840480000000000e+08
1.420847620000000000e+08
1.020501320000000000e+08
1.491551980000000000e+08
1.493484880000000000e+08
1.164163580000000000e+08
1.499759220000000000e+08
1.419454700000000000e+08
1.502716800000000000e+08
1.443776120000000000e+08
1.299579200000000000e+07
1.503903270000000000e+08
1.020869850000000000e+08
1.313798600000000000e+07
1.204149080000000000e+08
1.501422070000000000e+08
1.411552640000000000e+08
1.406320800000000000e+08
1.499880590000000000e+08
1.442848280000000000e+08
1.000986590000000000e+08
1.393684130000000000e+08
1.496301170000000000e+08
1.414727170000000000e+08
1.188264780000000000e+08
1.491758590000000000e+08
1.237673400000000000e+07
1.418230200000000000e+08
1.420513490000000000e+08
1.156935520000000000e+08
1.205855790000000000e+08
1.406599800000000000e+08
1.410307210000000000e+08
1.175494670000000000e+08
1.495417800000000000e+08
1.377686190000000000e+08
1.444342610000000000e+08
1.416254860000000000e+08
1.111891280000000000e+08
1.491744940000000000e+08
1.406301240000000000e+08
1.491766840000000000e+08
1.156936390000000000e+08
1.296744000000000000e+07
1.465793040000000000e+08
1.164163870000000000e+08
1.419112010000000000e+08
1.239388600000000000e+07
1.494495300000000000e+08
1.490218070000000000e+08
1.416221190000000000e+08
1.443257700000000000e+08
1.377689000000000000e+08
1.501016880000000000e+08
1.503891420000000000e+08
1.408565060000000000e+08
1.416123140000000000e+08
1.419779350000000000e+08
1.499713310000000000e+08
1.313747400000000000e+07
1.001064950000000000e+08
1.498372030000000000e+08
1.490113460000000000e+08
1.494976740000000000e+08
1.503914360000000000e+08
1.528209190000000000e+08
1.206107310000000000e+08
1.176434260000000000e+08
1.176433810000000000e+08
1.299489000000000000e+07
1.444556910000000000e+08
1.411263970000000000e+08
1.206082420000000000e+08
1.406878260000000000e+08
1.117539700000000000e+08
1.272392400000000000e+07
1.413336770000000000e+08
1.419779320000000000e+08
1.314246200000000000e+07
1.443133310000000000e+08
1.156925470000000000e+08
1.503581470000000000e+08
1.411519530000000000e+08
1.501855740000000000e+08
1.494448680000000000e+08
1.498009320000000000e+08
1.528209650000000000e+08
1.410966350000000000e+08
1.504308290000000000e+08
1.444018810000000000e+08
1.416081980000000000e+08
1.444341710000000000e+08
1.188262800000000000e+08
1.490606530000000000e+08
1.504302750000000000e+08
1.504424970000000000e+08
1.205811880000000000e+08
1.491607780000000000e+08
1.416059820000000000e+08
1.152409130000000000e+08
1.117540050000000000e+08
1.503213300000000000e+08
1.309070000000000000e+07
1.416069860000000000e+08
1.001076810000000000e+08
1.393491800000000000e+08
1.499722110000000000e+08
1.205649790000000000e+08
1.492160240000000000e+08
1.416104730000000000e+08
1.302436200000000000e+07
1.416806810000000000e+08
1.297114500000000000e+07
1.147504740000000000e+08
1.001023900000000000e+08
1.377967720000000000e+08
1.416272680000000000e+08
1.499898640000000000e+08
1.239477700000000000e+07
1.416114610000000000e+08
1.501880710000000000e+08
1.377978050000000000e+08
1.117522530000000000e+08
1.020637530000000000e+08
1.239446000000000000e+07
1.405984640000000000e+08
1.420827960000000000e+08
1.503617510000000000e+08
1.176131410000000000e+08
1.492531540000000000e+08
1.419429110000000000e+08
1.416060600000000000e+08
1.420526080000000000e+08
1.242301900000000000e+07
1.302462000000000000e+07
1.493015750000000000e+08
1.019325720000000000e+08
1.520691260000000000e+08
1.501673190000000000e+08
1.468007160000000000e+08
1.444562220000000000e+08
1.204609370000000000e+08
1.161566400000000000e+08
1.419444880000000000e+08
1.188262630000000000e+08
1.490111470000000000e+08
1.493461630000000000e+08
1.204432570000000000e+08
1.503611040000000000e+08
1.237917900000000000e+07
1.001021090000000000e+08
1.405994710000000000e+08
1.001245240000000000e+08
1.444395570000000000e+08
1.000999690000000000e+08
1.019319310000000000e+08
1.498287490000000000e+08
1.419094810000000000e+08
1.417110080000000000e+08
1.178758320000000000e+08
1.414828020000000000e+08
1.494236940000000000e+08
1.503221960000000000e+08
1.499917930000000000e+08
1.405773630000000000e+08
1.501431370000000000e+08
1.161575370000000000e+08
1.154451360000000000e+08
1.520704350000000000e+08
1.415307000000000000e+08
1.019640370000000000e+08
1.148597590000000000e+08
1.377739910000000000e+08
1.461637220000000000e+08
1.518928840000000000e+08
1.494208960000000000e+08
1.117507400000000000e+08
1.148075450000000000e+08
1.418253690000000000e+08
1.414729110000000000e+08
1.242328900000000000e+07
1.019638820000000000e+08
1.417083350000000000e+08
1.409433230000000000e+08
1.019637360000000000e+08
1.444605010000000000e+08
1.415448610000000000e+08
1.415484740000000000e+08
1.204155210000000000e+08
1.490393720000000000e+08
1.239563400000000000e+07
1.377304270000000000e+08
1.494497950000000000e+08
1.148501950000000000e+08
1.412720040000000000e+08
1.492519110000000000e+08
1.499301500000000000e+08
1.501426530000000000e+08
1.148104010000000000e+08
1.019629620000000000e+08
1.020505610000000000e+08
1.443872780000000000e+08
1.503011890000000000e+08
1.175484980000000000e+08
1.465793380000000000e+08
1.501071760000000000e+08
1.499346670000000000e+08
1.309979000000000000e+07
1.168813350000000000e+08
1.417551630000000000e+08
1.406356460000000000e+08
1.406584840000000000e+08
1.492489320000000000e+08
1.020904930000000000e+08
1.020292660000000000e+08
1.444561910000000000e+08
1.412127200000000000e+08
1.504322110000000000e+08
1.498274010000000000e+08
1.502711690000000000e+08
1.393694330000000000e+08
1.156924890000000000e+08
1.019305580000000000e+08
1.502753600000000000e+08
1.000152780000000000e+08
1.493036480000000000e+08
1.491245360000000000e+08
1.405975180000000000e+08
1.503572900000000000e+08
1.205804350000000000e+08
1.021656130000000000e+08
1.297466900000000000e+07
1.314040600000000000e+07
1.443263710000000000e+08
1.418241220000000000e+08
1.405796740000000000e+08
1.502709790000000000e+08
1.288083500000000000e+07
1.501664650000000000e+08
1.443310060000000000e+08
1.285847600000000000e+07
1.492173420000000000e+08
1.185857160000000000e+08
1.293154700000000000e+07
1.501418980000000000e+08
1.444611640000000000e+08
1.501873820000000000e+08
1.148510180000000000e+08
1.314234200000000000e+07
1.297030700000000000e+07
1.117508330000000000e+08
1.457506730000000000e+08
1.176132980000000000e+08
1.406089050000000000e+08
1.237781200000000000e+07
1.442766500000000000e+08
1.020316200000000000e+08
1.148774350000000000e+08
1.504401760000000000e+08
1.408030800000000000e+08
1.503616160000000000e+08
1.147945720000000000e+08
1.418264950000000000e+08
1.152411440000000000e+08
1.000299480000000000e+08
1.161575210000000000e+08
1.527999930000000000e+08
1.443768190000000000e+08
1.503231380000000000e+08
1.277317100000000000e+07
1.307446700000000000e+07
1.518928440000000000e+08
1.443316530000000000e+08
1.377682830000000000e+08
1.237777000000000000e+07
1.414137060000000000e+08
1.443125200000000000e+08
1.491027230000000000e+08
1.500317660000000000e+08
1.001067020000000000e+08
1.498387410000000000e+08
1.498371940000000000e+08
1.493467520000000000e+08
1.020643210000000000e+08
1.243358500000000000e+07
1.494443410000000000e+08
1.504421520000000000e+08
1.242381500000000000e+07
1.204614100000000000e+08
1.001019480000000000e+08
1.176435530000000000e+08
1.492507530000000000e+08
1.444346870000000000e+08
1.501036500000000000e+08
1.148071490000000000e+08
1.443366240000000000e+08
1.235928900000000000e+07
1.409978600000000000e+08
1.416075530000000000e+08
1.159427350000000000e+08
1.492534090000000000e+08
1.504426580000000000e+08
1.148172350000000000e+08
1.306836100000000000e+07
1.501676430000000000e+08
1.416255590000000000e+08
1.183274290000000000e+08
1.500327860000000000e+08
1.156935040000000000e+08
1.503216630000000000e+08
1.528096450000000000e+08
1.413342930000000000e+08
1.501918810000000000e+08
1.378059040000000000e+08
1.247084100000000000e+07
1.500304110000000000e+08
1.377687650000000000e+08
1.243422700000000000e+07
1.204148060000000000e+08
1.406579310000000000e+08
1.206080830000000000e+08
1.408998250000000000e+08
1.502720640000000000e+08
1.491254180000000000e+08
1.501855860000000000e+08
1.504316590000000000e+08
1.019322150000000000e+08
1.410923690000000000e+08
1.443851280000000000e+08
1.408943540000000000e+08
1.148498340000000000e+08
1.442847670000000000e+08
1.491213850000000000e+08
1.407601640000000000e+08
1.408598220000000000e+08
1.416220650000000000e+08
1.293141600000000000e+07
1.243476200000000000e+07
1.237786700000000000e+07
1.111876420000000000e+08
1.411212360000000000e+08
1.444402900000000000e+08
1.444080820000000000e+08
1.019364010000000000e+08
1.117555440000000000e+08
1.499722070000000000e+08
1.502509590000000000e+08
1.420855690000000000e+08
1.503226520000000000e+08
1.414223390000000000e+08
1.410936930000000000e+08
1.502454300000000000e+08
1.406361620000000000e+08
1.243523200000000000e+07
1.502709770000000000e+08
1.493025520000000000e+08
1.235841100000000000e+07
1.461653930000000000e+08
1.204896250000000000e+08
1.442856560000000000e+08
1.492744220000000000e+08
1.405766500000000000e+08
1.019493640000000000e+08
1.406334730000000000e+08
1.239599800000000000e+07
1.296781100000000000e+07
1.528206580000000000e+08
1.405798470000000000e+08
1.499023660000000000e+08
1.418658750000000000e+08
1.416267830000000000e+08
1.206102500000000000e+08
1.504419050000000000e+08
1.392504830000000000e+08
1.411875700000000000e+08
1.297154900000000000e+07
1.148198580000000000e+08
1.147940940000000000e+08
1.409462370000000000e+08
1.296630700000000000e+07
1.246970700000000000e+07
1.414253490000000000e+08
1.501855810000000000e+08
1.414139320000000000e+08
1.309897100000000000e+07
1.250921800000000000e+07
1.117522420000000000e+08
1.019637520000000000e+08
1.000147300000000000e+08
1.178760060000000000e+08
1.416249790000000000e+08
1.444332000000000000e+08
1.173952760000000000e+08
1.417562130000000000e+08
1.247279800000000000e+07
1.147504500000000000e+08
1.237788400000000000e+07
1.416104860000000000e+08
1.421492420000000000e+08
1.307357400000000000e+07
1.277340800000000000e+07
1.495991890000000000e+08
1.204302070000000000e+08
1.377300170000000000e+08
1.444401180000000000e+08
1.443346470000000000e+08
1.502463940000000000e+08
1.499711130000000000e+08
1.159428100000000000e+08
1.444078240000000000e+08
1.444400910000000000e+08
1.239449500000000000e+07
1.490195240000000000e+08
1.168814150000000000e+08
1.020306750000000000e+08
1.501445700000000000e+08
1.148078420000000000e+08
1.405981790000000000e+08
1.204898800000000000e+08
1.393498940000000000e+08
1.393571210000000000e+08
1.019909290000000000e+08
1.019483950000000000e+08
1.164165150000000000e+08
1.313916300000000000e+07
1.416851800000000000e+08
1.443089000000000000e+08
1.019487250000000000e+08
1.410269030000000000e+08
1.503569060000000000e+08
1.415444940000000000e+08
1.444392790000000000e+08
1.235908100000000000e+07
1.503011090000000000e+08
1.444613170000000000e+08
1.020902410000000000e+08
1.498007650000000000e+08
1.410960710000000000e+08
1.442757050000000000e+08
1.171564220000000000e+08
1.206074500000000000e+08
1.019921650000000000e+08
1.494506120000000000e+08
1.496307540000000000e+08
1.503902600000000000e+08
1.415275790000000000e+08
1.242029200000000000e+07
1.494976620000000000e+08
1.393685850000000000e+08
1.239372300000000000e+07
1.443774930000000000e+08
1.504304310000000000e+08
1.498274500000000000e+08
1.393276150000000000e+08
1.493475340000000000e+08
1.501887580000000000e+08
1.237782000000000000e+07
1.247162900000000000e+07
1.417693560000000000e+08
1.019327170000000000e+08
1.410953590000000000e+08
1.206092990000000000e+08
1.181143520000000000e+08
1.392830830000000000e+08
1.377314110000000000e+08
1.409389750000000000e+08
1.302238700000000000e+07
1.019165370000000000e+08
1.413351000000000000e+08
1.494738390000000000e+08
1.528263950000000000e+08
1.296797500000000000e+07
1.498272700000000000e+08
1.503207120000000000e+08
1.020641270000000000e+08
1.502491550000000000e+08
1.499897810000000000e+08
1.493020860000000000e+08
1.489936140000000000e+08
1.418238810000000000e+08
1.421053080000000000e+08
1.459627770000000000e+08
1.493479480000000000e+08
1.501391820000000000e+08
1.021649960000000000e+08
1.415456160000000000e+08
1.412168200000000000e+08
1.491759650000000000e+08
1.272412300000000000e+07
1.206106760000000000e+08
1.204432060000000000e+08
1.495031440000000000e+08
1.418092200000000000e+08
1.148602320000000000e+08
1.493477720000000000e+08
1.444455230000000000e+08
1.500627720000000000e+08
1.205067180000000000e+08
1.019919320000000000e+08
1.178759470000000000e+08
1.306792500000000000e+07
1.419762470000000000e+08
1.314027000000000000e+07
1.243504600000000000e+07
1.204888310000000000e+08
1.500314430000000000e+08
1.518928760000000000e+08
1.314126200000000000e+07
1.392506260000000000e+08
1.501014720000000000e+08
1.491786750000000000e+08
1.164164440000000000e+08
1.020864140000000000e+08
1.297180100000000000e+07
1.443001620000000000e+08
1.409706130000000000e+08
1.498013460000000000e+08
1.406892040000000000e+08
1.416069580000000000e+08
1.520715790000000000e+08
1.206088240000000000e+08
1.019489480000000000e+08
1.239393200000000000e+07
1.152409550000000000e+08
1.242200300000000000e+07
1.421056130000000000e+08
1.409981160000000000e+08
1.421091020000000000e+08
1.247280700000000000e+07
1.387069070000000000e+08
1.117523780000000000e+08
1.502991670000000000e+08
1.299554300000000000e+07
1.409397040000000000e+08
1.417700470000000000e+08
1.491765030000000000e+08
1.491253770000000000e+08
1.490393080000000000e+08
1.415425850000000000e+08
1.444556060000000000e+08
1.498371830000000000e+08
1.415265470000000000e+08
1.251100300000000000e+07
1.491590390000000000e+08
1.148091660000000000e+08
1.444332860000000000e+08
1.414109610000000000e+08
1.387121450000000000e+08
1.393707010000000000e+08
1.206101880000000000e+08
1.498380270000000000e+08
1.314177900000000000e+07
1.491075850000000000e+08
1.242380500000000000e+07
1.499730440000000000e+08
1.239381100000000000e+07
1.494975220000000000e+08
1.500651090000000000e+08
1.206069920000000000e+08
1.205800520000000000e+08
1.444032120000000000e+08
1.414122900000000000e+08
1.444332500000000000e+08
1.154439900000000000e+08
1.528313010000000000e+08
1.168814450000000000e+08
1.407971480000000000e+08
1.493476080000000000e+08
1.239470300000000000e+07
1.499300090000000000e+08
1.166605830000000000e+08
1.443978490000000000e+08
1.500624470000000000e+08
1.410902700000000000e+08
1.504432960000000000e+08
1.147952010000000000e+08
1.152410770000000000e+08
1.443085250000000000e+08
1.528648970000000000e+08
1.377726360000000000e+08
1.501879160000000000e+08
1.443253590000000000e+08
1.502732550000000000e+08
1.518929020000000000e+08
1.410289620000000000e+08
1.490378410000000000e+08
1.443350250000000000e+08
1.307568900000000000e+07
1.001039090000000000e+08
1.500293820000000000e+08
1.309226000000000000e+07
1.494977630000000000e+08
1.250961200000000000e+07
1.528264650000000000e+08
1.247225200000000000e+07
1.020289040000000000e+08
1.148757640000000000e+08
1.499892420000000000e+08
1.442851370000000000e+08
1.417094220000000000e+08
1.499146970000000000e+08
1.313987600000000000e+07
1.166584600000000000e+08
1.418054930000000000e+08
1.393689040000000000e+08
1.313971300000000000e+07
1.247097200000000000e+07
1.493050700000000000e+08
1.495439000000000000e+08
1.019634290000000000e+08
1.504332700000000000e+08
1.019923080000000000e+08
1.415303150000000000e+08
1.491561390000000000e+08
1.205635010000000000e+08
1.243477500000000000e+07
1.500309500000000000e+08
1.443353490000000000e+08
1.405804820000000000e+08
1.417722590000000000e+08
1.503595000000000000e+08
1.406093840000000000e+08
1.414718700000000000e+08
1.368862850000000000e+08
1.459621750000000000e+08
1.148093270000000000e+08
1.502502360000000000e+08
1.417579200000000000e+08
1.406352850000000000e+08
1.494734670000000000e+08
1.490196160000000000e+08
1.175474100000000000e+08
1.501016160000000000e+08
1.502456140000000000e+08
1.491248130000000000e+08
1.392827660000000000e+08
1.417121670000000000e+08
1.501015010000000000e+08
1.443650350000000000e+08
1.418676070000000000e+08
1.019345110000000000e+08
1.502991150000000000e+08
1.500979910000000000e+08
1.161576610000000000e+08
1.407585950000000000e+08
1.417716910000000000e+08
1.494455800000000000e+08
1.414286200000000000e+08
1.490118430000000000e+08
1.528642260000000000e+08
1.411541150000000000e+08
1.166584550000000000e+08
1.418263650000000000e+08
1.501667590000000000e+08
1.499937200000000000e+08
1.491741060000000000e+08
1.411870100000000000e+08
1.241930100000000000e+07
1.204446720000000000e+08
1.503941260000000000e+08
1.494985480000000000e+08
1.504400790000000000e+08
1.417081470000000000e+08
1.417099970000000000e+08
1.501454560000000000e+08
1.239521400000000000e+07
1.171565110000000000e+08
1.112268880000000000e+08
1.502990780000000000e+08
1.406613680000000000e+08
1.493027440000000000e+08
1.251127700000000000e+07
1.421092830000000000e+08
1.020346230000000000e+08
1.282254500000000000e+07
1.235909100000000000e+07
1.020301140000000000e+08
1.416082890000000000e+08
1.020305750000000000e+08
1.305915500000000000e+07
1.412686050000000000e+08
1.243457400000000000e+07
1.387119270000000000e+08
1.278754400000000000e+07
1.393643710000000000e+08
1.503231130000000000e+08
1.001008290000000000e+08
1.503923770000000000e+08
1.243373000000000000e+07
1.309206600000000000e+07
1.408018310000000000e+08
1.503202350000000000e+08
1.520703050000000000e+08
1.528645860000000000e+08
1.467991820000000000e+08
1.204429750000000000e+08
1.000996380000000000e+08
1.020313980000000000e+08
1.502477210000000000e+08
1.405122000000000000e+08
1.156934770000000000e+08
1.416215340000000000e+08
1.417702990000000000e+08
1.168812810000000000e+08
1.392578750000000000e+08
1.237784200000000000e+07
1.237868400000000000e+07
1.499143380000000000e+08
1.500296510000000000e+08
1.528263540000000000e+08
1.239348700000000000e+07
1.459641810000000000e+08
1.405990560000000000e+08
1.493911420000000000e+08
1.502995480000000000e+08
1.503576130000000000e+08
1.204289810000000000e+08
1.001008270000000000e+08
1.241818400000000000e+07
1.414717550000000000e+08
1.518923650000000000e+08
1.247342900000000000e+07
1.417092370000000000e+08
1.020321940000000000e+08
1.405107140000000000e+08
1.498010630000000000e+08
1.001038160000000000e+08
1.411218900000000000e+08
1.019478080000000000e+08
1.415307480000000000e+08
1.495757260000000000e+08
1.502754590000000000e+08
1.235903200000000000e+07
1.159426990000000000e+08
1.415420230000000000e+08
1.278729100000000000e+07
1.416107590000000000e+08
1.393262040000000000e+08
1.503223400000000000e+08
1.496654620000000000e+08
1.408275880000000000e+08
1.411571800000000000e+08
1.415427550000000000e+08
1.459623010000000000e+08
1.377977260000000000e+08
1.293074300000000000e+07
1.408286630000000000e+08
1.414728060000000000e+08
1.393008130000000000e+08
1.152422960000000000e+08
1.444393440000000000e+08
1.020730080000000000e+08
1.419106060000000000e+08
1.166586140000000000e+08
1.000301260000000000e+08
1.443134990000000000e+08
1.493044950000000000e+08
1.152409600000000000e+08
1.166598470000000000e+08
1.019479570000000000e+08
1.154452120000000000e+08
1.250954500000000000e+07
1.504430460000000000e+08
1.239382300000000000e+07
1.020868760000000000e+08
1.414724080000000000e+08
1.247448800000000000e+07
1.000672800000000000e+08
1.495764070000000000e+08
1.492752350000000000e+08
1.305858200000000000e+07
1.235920600000000000e+07
1.500659450000000000e+08
1.499712770000000000e+08
1.491213690000000000e+08
1.406361890000000000e+08
1.019487800000000000e+08
1.504392890000000000e+08
1.377730840000000000e+08
1.502743860000000000e+08
1.502507880000000000e+08
1.504317910000000000e+08
1.421427180000000000e+08
1.418051800000000000e+08
1.443772640000000000e+08
1.414357050000000000e+08
1.415428260000000000e+08
1.418078390000000000e+08
1.111832890000000000e+08
1.419750440000000000e+08
1.411210440000000000e+08
1.241962700000000000e+07
1.309697300000000000e+07
1.393500060000000000e+08
1.418114450000000000e+08
1.020695490000000000e+08
1.410281200000000000e+08
1.019322850000000000e+08
1.443003750000000000e+08
1.504318590000000000e+08
1.246957200000000000e+07
1.393559190000000000e+08
1.020906850000000000e+08
1.377730290000000000e+08
1.490203080000000000e+08
1.415282800000000000e+08
1.414238120000000000e+08
1.306623200000000000e+07
1.493915350000000000e+08
1.492743120000000000e+08
1.405987580000000000e+08
1.411538360000000000e+08
1.149141530000000000e+08
1.175468260000000000e+08
1.417135930000000000e+08
1.409682600000000000e+08
1.504308370000000000e+08
1.235905800000000000e+07
1.500645250000000000e+08
1.019477070000000000e+08
1.020326590000000000e+08
1.306550900000000000e+07
1.242147700000000000e+07
1.019449770000000000e+08
1.504427480000000000e+08
1.498003770000000000e+08
1.500302050000000000e+08
1.443299990000000000e+08
1.272088500000000000e+07
1.503931980000000000e+08
1.117169410000000000e+08
1.205486020000000000e+08
1.494795100000000000e+08
1.302326100000000000e+07
1.495719300000000000e+08
1.444068420000000000e+08
1.499339860000000000e+08
1.499143290000000000e+08
1.502493670000000000e+08
1.500670870000000000e+08
1.166586020000000000e+08
1.502496220000000000e+08
1.500651510000000000e+08
1.503904900000000000e+08
1.405968020000000000e+08
1.444452820000000000e+08
1.504305660000000000e+08
1.276999200000000000e+07
1.411235880000000000e+08
1.499022030000000000e+08
1.297293700000000000e+07
1.492477070000000000e+08
1.020712720000000000e+08
1.500992180000000000e+08
1.405809850000000000e+08
1.407600060000000000e+08
1.411274350000000000e+08
1.019361700000000000e+08
1.406918430000000000e+08
1.148060390000000000e+08
1.148588790000000000e+08
1.111840690000000000e+08
1.205854310000000000e+08
1.501648750000000000e+08
1.499353600000000000e+08
1.494737820000000000e+08
1.443002240000000000e+08
1.492732990000000000e+08
1.239483000000000000e+07
1.493937810000000000e+08
1.406589820000000000e+08
1.414713570000000000e+08
1.020729350000000000e+08
1.490599500000000000e+08
1.408971620000000000e+08
1.490391160000000000e+08
1.148514380000000000e+08
1.420870470000000000e+08
1.443134500000000000e+08
1.415450370000000000e+08
1.503911180000000000e+08
1.492743670000000000e+08
1.112231500000000000e+08
1.444609890000000000e+08
1.297554000000000000e+07
1.520867290000000000e+08
1.501887590000000000e+08
1.237711800000000000e+07
1.409388880000000000e+08
1.491027620000000000e+08
1.297270300000000000e+07
1.443845680000000000e+08
1.417701980000000000e+08
1.001050780000000000e+08
1.412699640000000000e+08
1.148591270000000000e+08
1.520877910000000000e+08
1.406361560000000000e+08
1.495425380000000000e+08
1.247019400000000000e+07
1.406325710000000000e+08
1.419107900000000000e+08
1.503607660000000000e+08
1.377724850000000000e+08
1.492526150000000000e+08
1.503930640000000000e+08
1.278467400000000000e+07
1.406096480000000000e+08
1.152423000000000000e+08
1.416271260000000000e+08
1.421468350000000000e+08
1.421091850000000000e+08
1.496252540000000000e+08
1.020706080000000000e+08
1.498267820000000000e+08
1.495020010000000000e+08
1.499908650000000000e+08
1.498389900000000000e+08
1.205861420000000000e+08
1.503931910000000000e+08
1.443783640000000000e+08
1.444078250000000000e+08
1.501636950000000000e+08
1.408941850000000000e+08
1.159429490000000000e+08
1.498285580000000000e+08
1.419793970000000000e+08
1.414235360000000000e+08
1.520695650000000000e+08
1.410297120000000000e+08
1.314102200000000000e+07
1.148070810000000000e+08
1.444401500000000000e+08
1.494236520000000000e+08
1.242032800000000000e+07
1.407606140000000000e+08
1.499938610000000000e+08
1.499024110000000000e+08
1.443302280000000000e+08
1.501687390000000000e+08
1.377305660000000000e+08
1.205059520000000000e+08
1.019340450000000000e+08
1.493886410000000000e+08
1.492691780000000000e+08
1.419416840000000000e+08
1.176435270000000000e+08
1.501090080000000000e+08
1.205665950000000000e+08
1.465792020000000000e+08
1.152430300000000000e+08
1.420828320000000000e+08
1.492516110000000000e+08
1.392671230000000000e+08
1.019318020000000000e+08
1.112237300000000000e+08
1.239401100000000000e+07
1.501899950000000000e+08
1.019928610000000000e+08
1.504315990000000000e+08
1.409698690000000000e+08
1.405810310000000000e+08
1.493942570000000000e+08
1.205869630000000000e+08
1.183284700000000000e+08
1.241826800000000000e+07
1.206102870000000000e+08
1.501004210000000000e+08
1.443775520000000000e+08
1.305873100000000000e+07
1.243464700000000000e+07
1.296663800000000000e+07
1.377982640000000000e+08
1.491207260000000000e+08
1.499344310000000000e+08
1.285819600000000000e+07
1.491206020000000000e+08
1.412119980000000000e+08
1.020705800000000000e+08
1.503592600000000000e+08
1.420858420000000000e+08
1.501103910000000000e+08
1.503933900000000000e+08
1.392506670000000000e+08
1.405965130000000000e+08
1.407617570000000000e+08
1.112266490000000000e+08
1.147934270000000000e+08
1.501444150000000000e+08
1.117504470000000000e+08
1.414230330000000000e+08
1.495421190000000000e+08
1.503592120000000000e+08
1.175462480000000000e+08
1.408984360000000000e+08
1.001078080000000000e+08
1.412809390000000000e+08
1.020297340000000000e+08
1.504311200000000000e+08
1.239380000000000000e+07
1.496266440000000000e+08
1.444343120000000000e+08
1.494771000000000000e+08
1.204623560000000000e+08
1.444449700000000000e+08
1.243422800000000000e+07
1.502457540000000000e+08
1.491051070000000000e+08
1.420522770000000000e+08
1.156923390000000000e+08
1.528647320000000000e+08
1.467989040000000000e+08
1.407552160000000000e+08
1.494977000000000000e+08
1.491772710000000000e+08
1.020642040000000000e+08
1.154453150000000000e+08
1.412712160000000000e+08
1.171576390000000000e+08
1.442763130000000000e+08
1.503574040000000000e+08
1.442775530000000000e+08
1.444454990000000000e+08
1.148054520000000000e+08
1.419449110000000000e+08
1.393271880000000000e+08
1.408993830000000000e+08
1.406884520000000000e+08
1.498272920000000000e+08
1.407547970000000000e+08
1.502721480000000000e+08
1.503009350000000000e+08
1.493474800000000000e+08
1.500297560000000000e+08
1.421096650000000000e+08
1.175504130000000000e+08
1.503015290000000000e+08
1.000144540000000000e+08
1.418109340000000000e+08
1.297100300000000000e+07
1.019348580000000000e+08
1.502454380000000000e+08
1.241817600000000000e+07
1.493915000000000000e+08
1.156922660000000000e+08
1.495999710000000000e+08
1.412684670000000000e+08
1.490371120000000000e+08
1.242418200000000000e+07
1.001015910000000000e+08
1.499922210000000000e+08
1.490205130000000000e+08
1.444326980000000000e+08
1.247132300000000000e+07
1.414265250000000000e+08
1.176434710000000000e+08
1.502493840000000000e+08
