1.026231000000000000e+06
1.446545570000000000e+08
1.493886410000000000e+08
1.492691780000000000e+08
1.501687390000000000e+08
1.434310000000000000e+07
1.365047130000000000e+08
1.499938610000000000e+08
1.407606140000000000e+08
1.527390820000000000e+08
1.069899820000000000e+08
1.494236520000000000e+08
1.012246690000000000e+08
1.413713340000000000e+08
1.058015460000000000e+08
1.398717650000000000e+08
1.016262420000000000e+08
1.516837230000000000e+08
1.406342570000000000e+08
1.013159820000000000e+08
1.063711420000000000e+08
1.414131200000000000e+08
1.417579310000000000e+08
1.409698690000000000e+08
1.405810310000000000e+08
1.504315990000000000e+08
1.442968300000000000e+08
1.501899950000000000e+08
1.063114520000000000e+08
1.421057280000000000e+08
1.485641290000000000e+08
1.501458000000000000e+08
1.492203780000000000e+08
1.068855980000000000e+08
1.420828320000000000e+08
1.492516110000000000e+08
1.441668310000000000e+08
1.202983970000000000e+08
1.441391960000000000e+08
1.060579880000000000e+08
1.485648620000000000e+08
1.068058640000000000e+08
1.064676170000000000e+08
1.400340970000000000e+08
1.501090080000000000e+08
1.469994460000000000e+08
1.402980950000000000e+08
1.015340010000000000e+08
1.062648930000000000e+08
1.491207260000000000e+08
1.420158520000000000e+08
1.472140320000000000e+08
1.459960380000000000e+08
1.219621290000000000e+08
1.484974100000000000e+08
1.013242000000000000e+08
1.056537350000000000e+08
1.414386140000000000e+08
1.501004210000000000e+08
1.059908660000000000e+08
1.518663300000000000e+08
1.407588310000000000e+08
1.500683810000000000e+08
1.493942570000000000e+08
1.405965130000000000e+08
1.405973530000000000e+08
1.441243110000000000e+08
1.009235000000000000e+06
1.485631590000000000e+08
1.441597960000000000e+08
1.434165200000000000e+07
1.429888690000000000e+08
1.503933900000000000e+08
1.501103910000000000e+08
1.533178000000000000e+06
1.014967720000000000e+08
1.006569000000000000e+06
1.420858420000000000e+08
1.011829780000000000e+08
1.484971550000000000e+08
1.069006790000000000e+08
1.485634600000000000e+08
1.503592600000000000e+08
1.461612200000000000e+07
1.491206020000000000e+08
1.459220960000000000e+08
1.412119980000000000e+08
1.442486220000000000e+08
1.016297870000000000e+08
1.441578140000000000e+08
1.491051070000000000e+08
1.494771000000000000e+08
1.502457540000000000e+08
1.441240740000000000e+08
1.504311200000000000e+08
1.496266440000000000e+08
1.442126940000000000e+08
1.463129140000000000e+08
1.412809390000000000e+08
1.501472760000000000e+08
1.430465590000000000e+08
1.408984360000000000e+08
1.014264520000000000e+08
1.503592120000000000e+08
1.011356210000000000e+08
1.056536630000000000e+08
1.414230330000000000e+08
1.495421190000000000e+08
1.011695970000000000e+08
1.485761680000000000e+08
1.501444150000000000e+08
1.026281870000000000e+08
1.407617570000000000e+08
1.014971910000000000e+08
1.523352000000000000e+06
1.406941670000000000e+08
1.406884520000000000e+08
1.057050300000000000e+08
1.408993830000000000e+08
1.063721060000000000e+08
1.442995450000000000e+08
1.419449110000000000e+08
1.443072680000000000e+08
1.401294920000000000e+08
1.417719080000000000e+08
1.503574040000000000e+08
1.408424890000000000e+08
1.420193430000000000e+08
1.516811270000000000e+08
1.024182340000000000e+08
1.412712160000000000e+08
1.062639630000000000e+08
1.013952590000000000e+08
1.491772710000000000e+08
1.494977000000000000e+08
1.441684720000000000e+08
1.407552160000000000e+08
1.152576300000000000e+07
1.527011610000000000e+08
1.502454380000000000e+08
1.466659910000000000e+08
1.492699650000000000e+08
1.531533000000000000e+06
1.069003980000000000e+08
1.418109340000000000e+08
1.503015290000000000e+08
1.069897600000000000e+08
1.057057410000000000e+08
1.502478690000000000e+08
1.068029450000000000e+08
1.193146600000000000e+07
1.015840360000000000e+08
1.434261600000000000e+07
1.418030880000000000e+08
1.421096650000000000e+08
1.417527870000000000e+08
1.441048350000000000e+08
1.418567100000000000e+08
1.246103890000000000e+08
1.499135930000000000e+08
1.500297560000000000e+08
1.414697400000000000e+08
1.450038380000000000e+08
1.485441720000000000e+08
1.493474800000000000e+08
1.441246210000000000e+08
1.503009350000000000e+08
1.407547970000000000e+08
1.502721480000000000e+08
1.502493840000000000e+08
1.474668170000000000e+08
1.464925370000000000e+08
1.067608170000000000e+08
1.015342910000000000e+08
1.197006900000000000e+07
1.414265250000000000e+08
1.491749920000000000e+08
1.180806010000000000e+08
1.499922210000000000e+08
1.501650340000000000e+08
1.014975260000000000e+08
1.527023180000000000e+08
1.517362760000000000e+08
1.070133950000000000e+08
1.412684670000000000e+08
1.490371120000000000e+08
1.485625230000000000e+08
1.495999710000000000e+08
1.538489000000000000e+06
1.197064700000000000e+07
1.493915000000000000e+08
1.400774180000000000e+08
1.069895530000000000e+08
1.407836300000000000e+08
1.418114450000000000e+08
1.410281200000000000e+08
1.416800550000000000e+08
1.407616410000000000e+08
1.063717860000000000e+08
1.419750440000000000e+08
1.476218620000000000e+08
1.411210440000000000e+08
1.421425860000000000e+08
1.430467580000000000e+08
1.415275710000000000e+08
1.058038740000000000e+08
1.500294740000000000e+08
1.415428260000000000e+08
1.485773070000000000e+08
1.246095670000000000e+08
1.411224680000000000e+08
1.421427180000000000e+08
1.418051800000000000e+08
1.414357050000000000e+08
1.407575710000000000e+08
1.061967450000000000e+08
1.014163280000000000e+08
1.442141180000000000e+08
1.504317910000000000e+08
1.441969170000000000e+08
1.502743860000000000e+08
1.502507880000000000e+08
1.406361890000000000e+08
1.504392890000000000e+08
1.500659450000000000e+08
1.499712770000000000e+08
1.491213690000000000e+08
1.441669520000000000e+08
1.457842700000000000e+08
1.201123800000000000e+07
1.500645250000000000e+08
1.461742880000000000e+08
1.504308370000000000e+08
1.062613830000000000e+08
1.417135930000000000e+08
1.409682600000000000e+08
1.318642620000000000e+08
1.014212450000000000e+08
1.414238120000000000e+08
1.493915350000000000e+08
1.492743120000000000e+08
1.405987580000000000e+08
1.411538360000000000e+08
1.199200630000000000e+08
1.350330920000000000e+08
1.503891270000000000e+08
1.415282800000000000e+08
1.404419490000000000e+08
1.443066290000000000e+08
1.397473640000000000e+08
1.484991800000000000e+08
1.069892100000000000e+08
1.024657740000000000e+08
1.504318590000000000e+08
1.502493670000000000e+08
1.527403750000000000e+08
1.500670870000000000e+08
1.067565280000000000e+08
1.499143290000000000e+08
1.529994000000000000e+06
1.419805170000000000e+08
1.442133270000000000e+08
1.495719300000000000e+08
1.400666600000000000e+08
1.459866970000000000e+08
1.344197050000000000e+08
1.441456540000000000e+08
1.494795100000000000e+08
1.414946660000000000e+08
1.403666890000000000e+08
1.405906260000000000e+08
1.503931980000000000e+08
1.245262510000000000e+08
1.500302050000000000e+08
1.501897450000000000e+08
1.501857220000000000e+08
1.013886130000000000e+08
1.408287510000000000e+08
1.068147380000000000e+08
1.504427480000000000e+08
1.475663520000000000e+08
1.070123640000000000e+08
1.530056000000000000e+06
1.058018500000000000e+08
1.245243560000000000e+08
1.393069380000000000e+08
1.398704200000000000e+08
1.021956740000000000e+08
1.316237240000000000e+08
1.500992180000000000e+08
1.405809850000000000e+08
1.407600060000000000e+08
1.492477070000000000e+08
1.408576610000000000e+08
1.245362460000000000e+08
1.011822470000000000e+08
1.411235880000000000e+08
1.504305660000000000e+08
1.060879090000000000e+08
1.013148590000000000e+08
1.420816020000000000e+08
1.503904900000000000e+08
1.405968020000000000e+08
1.325454090000000000e+08
1.063990550000000000e+08
1.453124940000000000e+08
1.430688860000000000e+08
1.500651510000000000e+08
1.430691720000000000e+08
1.502496220000000000e+08
1.493937810000000000e+08
1.015312850000000000e+08
1.064003420000000000e+08
1.014254240000000000e+08
1.467205550000000000e+08
1.492732990000000000e+08
1.066330110000000000e+08
1.494737820000000000e+08
1.476600160000000000e+08
1.499353600000000000e+08
1.067612190000000000e+08
1.501648750000000000e+08
1.156278200000000000e+07
1.491567480000000000e+08
1.193299000000000000e+07
1.011728810000000000e+08
1.245219810000000000e+08
1.011348980000000000e+08
1.066093970000000000e+08
1.502733290000000000e+08
1.491759110000000000e+08
1.065283390000000000e+08
1.434380500000000000e+07
1.406918430000000000e+08
1.411274350000000000e+08
1.495734370000000000e+08
1.065045880000000000e+08
1.491547170000000000e+08
1.068177070000000000e+08
1.501887590000000000e+08
1.011718610000000000e+08
1.503237500000000000e+08
1.011705250000000000e+08
1.365044360000000000e+08
1.434281700000000000e+07
1.404339210000000000e+08
1.501006270000000000e+08
1.441674630000000000e+08
1.430574430000000000e+08
1.492743670000000000e+08
1.503911180000000000e+08
1.434529100000000000e+07
1.501645230000000000e+08
1.420870470000000000e+08
1.415450370000000000e+08
1.490391160000000000e+08
1.496003760000000000e+08
1.490599500000000000e+08
1.408971620000000000e+08
1.414713570000000000e+08
1.416071080000000000e+08
1.406589820000000000e+08
1.064731020000000000e+08
1.408959830000000000e+08
1.058043750000000000e+08
1.421468350000000000e+08
1.416271260000000000e+08
1.502481330000000000e+08
1.503930640000000000e+08
1.406096480000000000e+08
1.492526150000000000e+08
1.421046860000000000e+08
1.491766420000000000e+08
1.503607660000000000e+08
1.484998680000000000e+08
1.060593080000000000e+08
1.411287730000000000e+08
1.491745760000000000e+08
1.406325710000000000e+08
1.064987150000000000e+08
1.502454030000000000e+08
1.406361560000000000e+08
1.495425380000000000e+08
1.057068520000000000e+08
1.019503740000000000e+08
1.412699640000000000e+08
1.320772840000000000e+08
1.494231110000000000e+08
1.417701980000000000e+08
1.459228660000000000e+08
1.532233000000000000e+06
1.011852940000000000e+08
1.409388880000000000e+08
1.491027620000000000e+08
1.409218010000000000e+08
1.265680680000000000e+08
1.064722000000000000e+08
1.410297120000000000e+08
1.414235360000000000e+08
1.468379400000000000e+08
1.494729070000000000e+08
1.408941850000000000e+08
1.245362330000000000e+08
1.006251000000000000e+06
1.501636950000000000e+08
1.503931910000000000e+08
1.398943370000000000e+08
1.495020010000000000e+08
1.499908650000000000e+08
1.013623730000000000e+08
1.412338840000000000e+08
1.503931400000000000e+08
1.437794040000000000e+08
1.430587050000000000e+08
1.421091850000000000e+08
1.496252540000000000e+08
1.056542350000000000e+08
1.411838940000000000e+08
1.398612130000000000e+08
1.504400790000000000e+08
1.417081470000000000e+08
1.494985480000000000e+08
1.421103830000000000e+08
1.503941260000000000e+08
1.059170260000000000e+08
1.245356720000000000e+08
1.069071270000000000e+08
1.501674200000000000e+08
1.468861150000000000e+08
1.224917840000000000e+08
1.491741060000000000e+08
1.411870100000000000e+08
1.405270220000000000e+08
1.418263650000000000e+08
1.501667590000000000e+08
1.499937200000000000e+08
1.067331810000000000e+08
1.485751740000000000e+08
1.486106470000000000e+08
1.492529610000000000e+08
1.503955290000000000e+08
1.411541150000000000e+08
1.414286200000000000e+08
1.011721710000000000e+08
1.407585950000000000e+08
1.417716910000000000e+08
1.494455800000000000e+08
1.517638920000000000e+08
1.500979910000000000e+08
1.442966290000000000e+08
1.419795790000000000e+08
1.421092830000000000e+08
1.493027440000000000e+08
1.406613680000000000e+08
1.500324100000000000e+08
1.015803310000000000e+08
1.337917120000000000e+08
1.067569930000000000e+08
1.502990780000000000e+08
1.501454560000000000e+08
1.442992620000000000e+08
1.417099970000000000e+08
1.503923770000000000e+08
1.063679000000000000e+08
1.006943000000000000e+06
1.396937380000000000e+08
1.503231130000000000e+08
1.484983680000000000e+08
1.495730960000000000e+08
1.267379920000000000e+08
1.414362150000000000e+08
1.412705890000000000e+08
1.412686050000000000e+08
1.527753000000000000e+08
1.059955400000000000e+08
1.416082890000000000e+08
1.434329900000000000e+07
1.461675400000000000e+07
1.432612200000000000e+07
1.466095800000000000e+08
1.476226760000000000e+08
1.416109160000000000e+08
1.484988100000000000e+08
1.400833400000000000e+08
1.223307430000000000e+08
1.502717060000000000e+08
1.416215340000000000e+08
1.417702990000000000e+08
1.405122000000000000e+08
1.416059290000000000e+08
1.012244050000000000e+08
1.419005730000000000e+08
1.193264900000000000e+07
1.068087860000000000e+08
1.502477210000000000e+08
1.014254980000000000e+08
1.268001650000000000e+08
1.442507140000000000e+08
1.503202350000000000e+08
1.495727230000000000e+08
1.014973880000000000e+08
1.520621020000000000e+08
1.245738510000000000e+08
1.441673040000000000e+08
1.408018310000000000e+08
1.496017680000000000e+08
1.060607720000000000e+08
1.066323770000000000e+08
1.467239750000000000e+08
1.059141970000000000e+08
1.414717550000000000e+08
1.066081780000000000e+08
1.503576130000000000e+08
1.502995480000000000e+08
1.017636840000000000e+08
1.493911420000000000e+08
1.014252150000000000e+08
1.405990560000000000e+08
1.380563530000000000e+08
1.205927300000000000e+07
1.471361720000000000e+08
1.318097110000000000e+08
1.401314510000000000e+08
1.499143380000000000e+08
1.500296510000000000e+08
1.465325490000000000e+08
1.441673760000000000e+08
1.453721950000000000e+08
1.415427550000000000e+08
1.527012520000000000e+08
1.411571800000000000e+08
1.469395610000000000e+08
1.496654620000000000e+08
1.408275880000000000e+08
1.430449810000000000e+08
1.441970240000000000e+08
1.503223400000000000e+08
1.414795470000000000e+08
1.453736200000000000e+08
1.499139130000000000e+08
1.012281550000000000e+08
1.415420230000000000e+08
1.416107590000000000e+08
1.400849190000000000e+08
1.152305400000000000e+07
1.432662600000000000e+07
1.067350640000000000e+08
1.502754590000000000e+08
1.069913680000000000e+08
1.495757260000000000e+08
1.464890870000000000e+08
1.415307480000000000e+08
1.067558220000000000e+08
1.420149320000000000e+08
1.411218900000000000e+08
1.485438110000000000e+08
1.013852160000000000e+08
1.417092370000000000e+08
1.518303140000000000e+08
1.405107140000000000e+08
1.519137650000000000e+08
1.407568240000000000e+08
1.493044950000000000e+08
1.393696340000000000e+08
1.138897800000000000e+07
1.419106060000000000e+08
1.138282200000000000e+07
1.184171210000000000e+08
1.017605740000000000e+08
1.454460320000000000e+08
1.414728060000000000e+08
1.245369850000000000e+08
1.014173860000000000e+08
1.321632140000000000e+08
1.408286630000000000e+08
1.495391140000000000e+08
1.060585860000000000e+08
1.321524160000000000e+08
1.193066300000000000e+07
1.466088600000000000e+08
1.485620930000000000e+08
1.501647740000000000e+08
1.245999810000000000e+08
1.013168100000000000e+08
1.012813000000000000e+08
1.398717330000000000e+08
1.492752350000000000e+08
1.057048120000000000e+08
1.065280360000000000e+08
1.447061270000000000e+08
1.495764070000000000e+08
1.246006520000000000e+08
1.067552050000000000e+08
1.387003770000000000e+08
1.524767000000000000e+06
1.015776340000000000e+08
1.434287300000000000e+07
1.414724080000000000e+08
1.065282790000000000e+08
1.453213870000000000e+08
1.504430460000000000e+08
1.061481830000000000e+08
1.448187260000000000e+08
1.502991670000000000e+08
1.011376680000000000e+08
1.068184170000000000e+08
1.421091020000000000e+08
1.421056130000000000e+08
1.409981160000000000e+08
1.405780240000000000e+08
1.407887200000000000e+08
1.068115000000000000e+08
1.411361890000000000e+08
1.011378550000000000e+08
1.201117700000000000e+07
1.406892040000000000e+08
1.416069580000000000e+08
1.152173300000000000e+07
1.409706130000000000e+08
1.402534800000000000e+08
1.499882250000000000e+08
1.441402930000000000e+08
1.319672040000000000e+08
1.070120500000000000e+08
1.393707010000000000e+08
1.011830390000000000e+08
1.059092010000000000e+08
1.067591910000000000e+08
1.057997270000000000e+08
1.414109610000000000e+08
1.057044550000000000e+08
1.491590390000000000e+08
1.415265470000000000e+08
1.491253770000000000e+08
1.490393080000000000e+08
1.415425850000000000e+08
1.494796240000000000e+08
1.486113570000000000e+08
1.418984550000000000e+08
1.430582160000000000e+08
1.058064760000000000e+08
1.441964650000000000e+08
1.058879350000000000e+08
1.246077340000000000e+08
1.012795030000000000e+08
1.409397040000000000e+08
1.400031990000000000e+08
1.417700470000000000e+08
1.064976310000000000e+08
1.197461000000000000e+07
1.019518480000000000e+08
1.014971510000000000e+08
1.449938690000000000e+08
1.414122900000000000e+08
1.421424500000000000e+08
1.500651090000000000e+08
1.400529250000000000e+08
1.494975220000000000e+08
1.475401750000000000e+08
1.060832130000000000e+08
1.519127940000000000e+08
1.492522250000000000e+08
1.059913130000000000e+08
1.499730440000000000e+08
1.430451640000000000e+08
1.491075850000000000e+08
1.434205200000000000e+07
1.008153000000000000e+06
1.399703010000000000e+08
1.486120760000000000e+08
1.068152370000000000e+08
1.492725060000000000e+08
1.485458900000000000e+08
1.181707790000000000e+08
1.504432960000000000e+08
1.502496060000000000e+08
1.442489580000000000e+08
1.410902700000000000e+08
1.184147700000000000e+08
1.401942300000000000e+08
1.500624470000000000e+08
1.245350600000000000e+08
1.467600970000000000e+08
1.499300090000000000e+08
1.517656270000000000e+08
1.493476080000000000e+08
1.396916040000000000e+08
1.407971480000000000e+08
1.407548470000000000e+08
1.321579540000000000e+08
1.494977630000000000e+08
1.009300000000000000e+06
1.411340870000000000e+08
1.502756800000000000e+08
1.396906180000000000e+08
1.501886590000000000e+08
1.407071560000000000e+08
1.490378410000000000e+08
1.495392920000000000e+08
1.412682800000000000e+08
1.410289620000000000e+08
1.066338260000000000e+08
1.016295740000000000e+08
1.069886320000000000e+08
1.542633000000000000e+06
1.502732550000000000e+08
1.542252000000000000e+06
1.180745710000000000e+08
1.501879160000000000e+08
1.014960150000000000e+08
1.417094220000000000e+08
1.499146970000000000e+08
1.245235590000000000e+08
1.327401790000000000e+08
1.011855100000000000e+08
1.499892420000000000e+08
1.519597270000000000e+08
1.476602010000000000e+08
1.245767290000000000e+08
1.442504360000000000e+08
1.407069860000000000e+08
1.065301640000000000e+08
1.197420400000000000e+07
1.029782350000000000e+08
1.527753490000000000e+08
1.063661340000000000e+08
1.466354400000000000e+07
1.245986600000000000e+08
1.503595000000000000e+08
1.058012210000000000e+08
1.406093840000000000e+08
1.414718700000000000e+08
1.201144000000000000e+07
1.405804820000000000e+08
1.417722590000000000e+08
1.453216280000000000e+08
1.494232220000000000e+08
1.329674160000000000e+08
1.484980310000000000e+08
1.500309500000000000e+08
1.491561390000000000e+08
1.496003840000000000e+08
1.441056790000000000e+08
1.013143700000000000e+08
1.504332700000000000e+08
1.026819400000000000e+08
1.415303150000000000e+08
1.493050700000000000e+08
1.495439000000000000e+08
1.499922420000000000e+08
1.484981690000000000e+08
1.501908840000000000e+08
1.495431130000000000e+08
1.468123940000000000e+08
1.193382800000000000e+07
1.503619110000000000e+08
1.026587000000000000e+06
1.421424880000000000e+08
1.502991150000000000e+08
1.501015010000000000e+08
1.441911880000000000e+08
1.417121670000000000e+08
1.491248130000000000e+08
1.006503000000000000e+06
1.502456140000000000e+08
1.340933250000000000e+08
1.468938540000000000e+08
1.465853150000000000e+08
1.499908410000000000e+08
1.430321890000000000e+08
1.501016160000000000e+08
1.329173220000000000e+08
1.058871280000000000e+08
1.494734670000000000e+08
1.441234060000000000e+08
1.406352850000000000e+08
1.485615710000000000e+08
1.527403890000000000e+08
1.502502360000000000e+08
1.484994420000000000e+08
1.453218300000000000e+08
1.224974370000000000e+08
1.027644460000000000e+08
1.420135830000000000e+08
1.421492420000000000e+08
1.501065530000000000e+08
1.416104860000000000e+08
1.058036970000000000e+08
1.419744950000000000e+08
1.417562130000000000e+08
1.420836290000000000e+08
1.245355750000000000e+08
1.057994670000000000e+08
1.245997730000000000e+08
1.362102620000000000e+08
1.416249790000000000e+08
1.516825360000000000e+08
1.453150270000000000e+08
1.456668210000000000e+08
1.387001260000000000e+08
1.245984760000000000e+08
1.016291370000000000e+08
1.429883220000000000e+08
1.013946170000000000e+08
1.501445700000000000e+08
1.516417330000000000e+08
1.542611000000000000e+06
1.434498100000000000e+07
1.011814810000000000e+08
1.486115520000000000e+08
1.017607880000000000e+08
1.502463940000000000e+08
1.430262960000000000e+08
1.499711130000000000e+08
1.486120260000000000e+08
1.146041200000000000e+07
1.474164610000000000e+08
1.412923100000000000e+08
1.389980400000000000e+08
1.193157800000000000e+07
1.067572380000000000e+08
1.495991890000000000e+08
1.443062960000000000e+08
1.405110690000000000e+08
1.012242400000000000e+08
1.430603010000000000e+08
1.400316730000000000e+08
1.015812100000000000e+08
1.500349480000000000e+08
1.434328900000000000e+07
1.503011090000000000e+08
1.011353220000000000e+08
1.416122210000000000e+08
1.494205960000000000e+08
1.451099810000000000e+08
1.461957540000000000e+08
1.397496110000000000e+08
1.415444940000000000e+08
1.332403000000000000e+08
1.503569060000000000e+08
1.401762160000000000e+08
1.410269030000000000e+08
1.501434240000000000e+08
1.473459470000000000e+08
1.416851800000000000e+08
1.434212100000000000e+07
1.499903670000000000e+08
1.430679560000000000e+08
1.441380420000000000e+08
1.496292350000000000e+08
1.011107930000000000e+08
1.493475340000000000e+08
1.059918910000000000e+08
1.501887580000000000e+08
1.011820070000000000e+08
1.421078210000000000e+08
1.504378990000000000e+08
1.015886930000000000e+08
1.504304310000000000e+08
1.063097400000000000e+08
1.495732640000000000e+08
1.400311790000000000e+08
1.503902600000000000e+08
1.415275790000000000e+08
1.494976620000000000e+08
1.496011560000000000e+08
1.493067690000000000e+08
1.404274270000000000e+08
1.494506120000000000e+08
1.530677000000000000e+06
1.485605410000000000e+08
1.064025320000000000e+08
1.410960710000000000e+08
1.464333180000000000e+08
1.419139940000000000e+08
1.430585930000000000e+08
1.501436650000000000e+08
1.494738390000000000e+08
1.065329030000000000e+08
1.413351000000000000e+08
1.492197290000000000e+08
1.409389750000000000e+08
1.065018850000000000e+08
1.407589530000000000e+08
1.430689720000000000e+08
1.410953590000000000e+08
1.059907390000000000e+08
1.245750450000000000e+08
1.417693560000000000e+08
1.332345580000000000e+08
1.408581400000000000e+08
1.415456160000000000e+08
1.412168200000000000e+08
1.414809530000000000e+08
1.421053080000000000e+08
1.493479480000000000e+08
1.501391820000000000e+08
1.441385090000000000e+08
1.485620840000000000e+08
1.013640750000000000e+08
1.335051380000000000e+08
1.410946720000000000e+08
1.493020860000000000e+08
1.152053000000000000e+07
1.441440690000000000e+08
1.217985460000000000e+08
1.499897810000000000e+08
1.430336100000000000e+08
1.502491550000000000e+08
1.503211830000000000e+08
1.503950090000000000e+08
1.015798260000000000e+08
1.415420330000000000e+08
1.058023180000000000e+08
1.400067100000000000e+08
1.503207120000000000e+08
1.014230820000000000e+08
1.517366580000000000e+08
1.405294190000000000e+08
1.013622580000000000e+08
1.517379540000000000e+08
1.527395810000000000e+08
1.452530430000000000e+08
1.504382370000000000e+08
1.442491070000000000e+08
1.491242180000000000e+08
1.461399550000000000e+08
1.415747650000000000e+08
1.441984780000000000e+08
1.069070610000000000e+08
1.500627720000000000e+08
1.530726000000000000e+06
1.516831370000000000e+08
1.197033600000000000e+07
1.528031710000000000e+08
1.063085680000000000e+08
1.430246770000000000e+08
1.441667120000000000e+08
1.493477720000000000e+08
1.499936660000000000e+08
1.066292920000000000e+08
1.495031440000000000e+08
1.491759650000000000e+08
1.059891990000000000e+08
1.401323010000000000e+08
1.496255800000000000e+08
1.434218500000000000e+07
1.028333220000000000e+08
1.504435130000000000e+08
1.056498040000000000e+08
1.034159030000000000e+08
1.068169200000000000e+08
1.494504280000000000e+08
1.491786750000000000e+08
1.429762090000000000e+08
1.013946190000000000e+08
1.501014720000000000e+08
1.430581240000000000e+08
1.007934000000000000e+06
1.333309180000000000e+08
1.527751870000000000e+08
1.527188900000000000e+08
1.500314430000000000e+08
1.013259860000000000e+08
1.387003670000000000e+08
1.491073890000000000e+08
1.399490940000000000e+08
1.015310130000000000e+08
1.517387760000000000e+08
1.430917770000000000e+08
1.401294940000000000e+08
1.501664650000000000e+08
1.492173420000000000e+08
1.442128020000000000e+08
1.057044390000000000e+08
1.141718800000000000e+07
1.441395840000000000e+08
1.069026830000000000e+08
1.405796740000000000e+08
1.502709790000000000e+08
1.485622280000000000e+08
1.356039200000000000e+08
1.393139480000000000e+08
1.012494750000000000e+08
1.491600580000000000e+08
1.383906120000000000e+08
1.485453830000000000e+08
1.418264950000000000e+08
1.468424970000000000e+08
1.408030800000000000e+08
1.503616160000000000e+08
1.265753270000000000e+08
1.485612190000000000e+08
1.504401760000000000e+08
1.183161470000000000e+08
1.518255270000000000e+08
1.413355530000000000e+08
1.485630750000000000e+08
1.008588000000000000e+06
1.035545250000000000e+08
1.406089050000000000e+08
1.499770150000000000e+08
1.068835230000000000e+08
1.338057130000000000e+08
1.035546320000000000e+08
1.442498050000000000e+08
1.495381230000000000e+08
1.062577200000000000e+08
1.245761620000000000e+08
1.491800760000000000e+08
1.501418980000000000e+08
1.501873820000000000e+08
1.494443410000000000e+08
1.504421520000000000e+08
1.502469250000000000e+08
1.501879080000000000e+08
1.464315830000000000e+08
1.516819980000000000e+08
1.409869410000000000e+08
1.408301010000000000e+08
1.493467520000000000e+08
1.059926770000000000e+08
1.414290300000000000e+08
1.316252300000000000e+08
1.491027230000000000e+08
1.500317660000000000e+08
1.415442810000000000e+08
1.013214090000000000e+08
1.064667290000000000e+08
1.414137060000000000e+08
1.197058700000000000e+07
1.501866030000000000e+08
1.420191710000000000e+08
1.502717800000000000e+08
1.503231380000000000e+08
1.056517650000000000e+08
1.485747180000000000e+08
1.011350720000000000e+08
1.500327860000000000e+08
1.416255590000000000e+08
1.063133730000000000e+08
1.245983910000000000e+08
1.501676430000000000e+08
1.152105200000000000e+07
1.504426580000000000e+08
1.417518780000000000e+08
1.492534090000000000e+08
1.463735200000000000e+08
1.454530530000000000e+08
1.245224710000000000e+08
1.495730100000000000e+08
1.066121990000000000e+08
1.155966300000000000e+07
1.416075530000000000e+08
1.401500830000000000e+08
1.409978600000000000e+08
1.485595770000000000e+08
1.066291660000000000e+08
1.501036500000000000e+08
1.501015640000000000e+08
1.064982110000000000e+08
1.492507530000000000e+08
1.518270460000000000e+08
1.415753890000000000e+08
1.155979800000000000e+07
1.504316590000000000e+08
1.246102740000000000e+08
1.410923690000000000e+08
1.491254180000000000e+08
1.501855860000000000e+08
1.246008920000000000e+08
1.406579310000000000e+08
1.408998250000000000e+08
1.502720640000000000e+08
1.500304110000000000e+08
1.406088540000000000e+08
1.152178700000000000e+07
1.499350430000000000e+08
1.408264380000000000e+08
1.417133800000000000e+08
1.402983550000000000e+08
1.413342930000000000e+08
1.501918810000000000e+08
1.434257500000000000e+07
1.060801570000000000e+08
1.405991250000000000e+08
1.539914000000000000e+06
1.246095260000000000e+08
1.503216630000000000e+08
1.502454300000000000e+08
1.222594180000000000e+08
1.503226520000000000e+08
1.504304040000000000e+08
1.015279160000000000e+08
1.414223390000000000e+08
1.410936930000000000e+08
1.411272530000000000e+08
1.405961730000000000e+08
1.502509590000000000e+08
1.329663190000000000e+08
1.499722070000000000e+08
1.400642640000000000e+08
1.421065810000000000e+08
1.475692660000000000e+08
1.411212360000000000e+08
1.368335890000000000e+08
1.496008460000000000e+08
1.453840170000000000e+08
1.146580600000000000e+07
1.416220650000000000e+08
1.067605490000000000e+08
1.491213850000000000e+08
1.407601640000000000e+08
1.408598220000000000e+08
1.408943540000000000e+08
1.442502080000000000e+08
1.060820860000000000e+08
1.184075000000000000e+08
1.006720000000000000e+06
1.416267830000000000e+08
1.418658750000000000e+08
1.442508820000000000e+08
1.405798470000000000e+08
1.069934110000000000e+08
1.405766500000000000e+08
1.406334730000000000e+08
1.492744220000000000e+08
1.516314820000000000e+08
1.447053720000000000e+08
1.502709770000000000e+08
1.493025520000000000e+08
1.317255400000000000e+08
1.406361620000000000e+08
1.012536210000000000e+08
1.454968660000000000e+08
1.410962700000000000e+08
1.501087110000000000e+08
1.414253490000000000e+08
1.501855810000000000e+08
1.414139320000000000e+08
1.015811350000000000e+08
1.457943790000000000e+08
1.031919630000000000e+08
1.434496500000000000e+07
1.065019300000000000e+08
1.527192480000000000e+08
1.059900730000000000e+08
1.409462370000000000e+08
1.408016830000000000e+08
1.322981390000000000e+08
1.066074470000000000e+08
1.069904200000000000e+08
1.419102300000000000e+08
1.411875700000000000e+08
1.441969800000000000e+08
1.246087000000000000e+08
1.441051630000000000e+08
1.504419050000000000e+08
1.499915780000000000e+08
1.019603130000000000e+08
1.434517500000000000e+07
1.061504670000000000e+08
1.069868310000000000e+08
1.491007640000000000e+08
1.416806810000000000e+08
1.492160240000000000e+08
1.416104730000000000e+08
1.416100120000000000e+08
1.442975180000000000e+08
1.499722110000000000e+08
1.494979240000000000e+08
1.407897900000000000e+08
1.416069860000000000e+08
1.503213300000000000e+08
1.414469600000000000e+08
1.516319680000000000e+08
1.485755210000000000e+08
1.430697700000000000e+08
1.434180400000000000e+07
1.061472840000000000e+08
1.057638760000000000e+08
1.416060600000000000e+08
1.418466900000000000e+08
1.057626250000000000e+08
1.012269920000000000e+08
1.068077320000000000e+08
1.442727510000000000e+08
1.503617510000000000e+08
1.492531540000000000e+08
1.405984640000000000e+08
1.420827960000000000e+08
1.387001020000000000e+08
1.197534800000000000e+07
1.501880710000000000e+08
1.502742580000000000e+08
1.398688990000000000e+08
1.416272680000000000e+08
1.499898640000000000e+08
1.416114610000000000e+08
1.501667110000000000e+08
1.430273520000000000e+08
1.457892550000000000e+08
1.011700450000000000e+08
1.419444880000000000e+08
1.493461630000000000e+08
1.220930260000000000e+08
1.530538000000000000e+06
1.008590000000000000e+06
1.486123120000000000e+08
1.142294400000000000e+07
1.430249430000000000e+08
1.485757150000000000e+08
1.068803890000000000e+08
1.501673190000000000e+08
1.058021010000000000e+08
1.014246200000000000e+08
1.411226770000000000e+08
1.493015750000000000e+08
1.066329110000000000e+08
1.430335800000000000e+08
1.517896610000000000e+08
1.501072140000000000e+08
1.416816450000000000e+08
1.014966970000000000e+08
1.414828020000000000e+08
1.494236940000000000e+08
1.417110080000000000e+08
1.499895350000000000e+08
1.419140820000000000e+08
1.404246010000000000e+08
1.069060220000000000e+08
1.470267020000000000e+08
1.400103840000000000e+08
1.015345820000000000e+08
1.411561050000000000e+08
1.485642550000000000e+08
1.405994710000000000e+08
1.441897470000000000e+08
1.503611040000000000e+08
1.068162750000000000e+08
1.451164110000000000e+08
1.414729110000000000e+08
1.503564060000000000e+08
1.470251130000000000e+08
1.013921290000000000e+08
1.197207950000000000e+08
1.058020570000000000e+08
1.494208960000000000e+08
1.031031270000000000e+08
1.442745720000000000e+08
1.058837990000000000e+08
1.058051040000000000e+08
1.404346180000000000e+08
1.527204730000000000e+08
1.421066240000000000e+08
1.419802950000000000e+08
1.493471030000000000e+08
1.430464110000000000e+08
1.501034720000000000e+08
1.501001060000000000e+08
1.415307000000000000e+08
1.152679300000000000e+07
1.501431370000000000e+08
1.332384430000000000e+08
1.493077800000000000e+08
1.061481610000000000e+08
1.494979800000000000e+08
1.503221960000000000e+08
1.499917930000000000e+08
1.405773630000000000e+08
1.499301500000000000e+08
1.501426530000000000e+08
1.412720040000000000e+08
1.430688720000000000e+08
1.492519110000000000e+08
1.026912270000000000e+08
1.430343060000000000e+08
1.494497950000000000e+08
1.517632220000000000e+08
1.065304830000000000e+08
1.441965470000000000e+08
1.063099570000000000e+08
1.490393720000000000e+08
1.417560710000000000e+08
1.070131600000000000e+08
1.415448610000000000e+08
1.415484740000000000e+08
1.059164140000000000e+08
1.021952300000000000e+08
1.013162030000000000e+08
1.417699830000000000e+08
1.409433230000000000e+08
1.417083350000000000e+08
1.264301220000000000e+08
1.504322110000000000e+08
1.412127200000000000e+08
1.485630180000000000e+08
1.416278460000000000e+08
1.013918850000000000e+08
1.495726460000000000e+08
1.396900930000000000e+08
1.406356460000000000e+08
1.406584840000000000e+08
1.492489320000000000e+08
1.400339640000000000e+08
1.417551630000000000e+08
1.501071760000000000e+08
1.499346670000000000e+08
1.030677120000000000e+08
1.067612980000000000e+08
1.503011890000000000e+08
1.183131020000000000e+08
1.197077300000000000e+07
1.410689160000000000e+08
1.024698530000000000e+08
1.068787280000000000e+08
1.065045750000000000e+08
1.205931800000000000e+07
1.405975180000000000e+08
1.503572900000000000e+08
1.020564200000000000e+08
1.493036480000000000e+08
1.491245360000000000e+08
1.412820970000000000e+08
1.502753600000000000e+08
1.450353770000000000e+08
1.393694330000000000e+08
1.527724910000000000e+08
1.467147320000000000e+08
1.420146180000000000e+08
1.502711690000000000e+08
1.409987450000000000e+08
1.058037990000000000e+08
1.461723410000000000e+08
1.430452750000000000e+08
1.441954600000000000e+08
1.430687250000000000e+08
1.015856530000000000e+08
1.409778110000000000e+08
1.063663460000000000e+08
1.061496370000000000e+08
1.416856430000000000e+08
1.495418410000000000e+08
1.007012000000000000e+06
1.517893180000000000e+08
1.401766130000000000e+08
1.245747370000000000e+08
1.031099780000000000e+08
1.467159280000000000e+08
1.503906190000000000e+08
1.329651360000000000e+08
1.060870550000000000e+08
1.146443700000000000e+07
1.066088490000000000e+08
1.408900280000000000e+08
1.441073880000000000e+08
1.495988620000000000e+08
1.492184970000000000e+08
1.015294290000000000e+08
1.490376410000000000e+08
1.421072190000000000e+08
1.434431300000000000e+07
1.457136660000000000e+08
1.430463550000000000e+08
1.414257020000000000e+08
1.441243410000000000e+08
1.441397930000000000e+08
1.401941680000000000e+08
1.527005300000000000e+08
1.453133360000000000e+08
1.069020240000000000e+08
1.407619480000000000e+08
1.061974810000000000e+08
1.414142170000000000e+08
1.503206200000000000e+08
1.501886630000000000e+08
1.434346900000000000e+07
1.056536460000000000e+08
1.417554140000000000e+08
1.393712650000000000e+08
1.432597300000000000e+07
1.060868530000000000e+08
1.060863860000000000e+08
1.432636200000000000e+07
1.012533350000000000e+08
1.494231740000000000e+08
1.152344800000000000e+07
1.245217730000000000e+08
1.019510680000000000e+08
1.499706130000000000e+08
1.011706810000000000e+08
1.470034820000000000e+08
1.012271020000000000e+08
1.412163980000000000e+08
1.441673770000000000e+08
1.016303950000000000e+08
1.011815100000000000e+08
1.441956850000000000e+08
1.492526700000000000e+08
1.245754980000000000e+08
1.472814910000000000e+08
1.499880590000000000e+08
1.494793520000000000e+08
1.406320800000000000e+08
1.501422070000000000e+08
1.146579800000000000e+07
1.411552640000000000e+08
1.418699670000000000e+08
1.504428410000000000e+08
1.353245490000000000e+08
1.503903270000000000e+08
1.416825890000000000e+08
1.499759220000000000e+08
1.419454700000000000e+08
1.069062560000000000e+08
1.490597730000000000e+08
1.502716800000000000e+08
1.491551980000000000e+08
1.493484880000000000e+08
1.014262250000000000e+08
1.503943610000000000e+08
1.420847620000000000e+08
1.420178260000000000e+08
1.058829830000000000e+08
1.015827070000000000e+08
1.500642380000000000e+08
1.420825480000000000e+08
1.504315180000000000e+08
1.491744940000000000e+08
1.494445450000000000e+08
1.453232250000000000e+08
1.416254860000000000e+08
1.318571630000000000e+08
1.063153400000000000e+08
1.484968290000000000e+08
1.057596390000000000e+08
1.321580010000000000e+08
1.495417800000000000e+08
1.409860200000000000e+08
1.527024420000000000e+08
1.220336130000000000e+08
1.008115000000000000e+06
1.405805950000000000e+08
1.406599800000000000e+08
1.501072210000000000e+08
1.068139100000000000e+08
1.014258970000000000e+08
1.418230200000000000e+08
1.420513490000000000e+08
1.491758590000000000e+08
1.441665390000000000e+08
1.414727170000000000e+08
1.067550420000000000e+08
1.496301170000000000e+08
1.065046220000000000e+08
1.065316990000000000e+08
1.492188900000000000e+08
1.067352240000000000e+08
1.465350080000000000e+08
1.416123140000000000e+08
1.420873400000000000e+08
1.419101780000000000e+08
1.408565060000000000e+08
1.503891420000000000e+08
1.519590650000000000e+08
1.066062890000000000e+08
1.014131560000000000e+08
1.421098740000000000e+08
1.402583760000000000e+08
1.416221190000000000e+08
1.064987020000000000e+08
1.494495300000000000e+08
1.441890040000000000e+08
1.398648610000000000e+08
1.516850120000000000e+08
1.528023990000000000e+08
1.406301240000000000e+08
1.491766840000000000e+08
1.413336770000000000e+08
1.485439900000000000e+08
1.408615480000000000e+08
1.056523640000000000e+08
1.496011400000000000e+08
1.020528820000000000e+08
1.012821710000000000e+08
1.406878260000000000e+08
1.245348200000000000e+08
1.442966850000000000e+08
1.421052990000000000e+08
1.021967780000000000e+08
1.069921620000000000e+08
1.411263970000000000e+08
1.494976740000000000e+08
1.503914360000000000e+08
1.421054660000000000e+08
1.468427070000000000e+08
1.065321740000000000e+08
1.499713310000000000e+08
1.501626970000000000e+08
1.416059820000000000e+08
1.069912440000000000e+08
1.491607780000000000e+08
1.490606530000000000e+08
1.356102850000000000e+08
1.504302750000000000e+08
1.504424970000000000e+08
1.013631420000000000e+08
1.011103350000000000e+08
1.410966350000000000e+08
1.504308290000000000e+08
1.013879940000000000e+08
1.416081980000000000e+08
1.015292090000000000e+08
1.056518800000000000e+08
1.493926710000000000e+08
1.441467890000000000e+08
1.411519530000000000e+08
1.501855740000000000e+08
1.503581470000000000e+08
1.403155250000000000e+08
1.409388040000000000e+08
1.485621580000000000e+08
1.496312890000000000e+08
1.411863250000000000e+08
1.462385230000000000e+08
1.057123260000000000e+08
1.152616100000000000e+07
1.063095540000000000e+08
1.421079220000000000e+08
1.197482600000000000e+07
1.493083170000000000e+08
1.485778500000000000e+08
1.501500950000000000e+08
1.408539160000000000e+08
1.008593000000000000e+06
1.417718310000000000e+08
1.383901030000000000e+08
1.066077940000000000e+08
1.057637170000000000e+08
1.222589320000000000e+08
1.060582630000000000e+08
1.461750570000000000e+08
1.013232180000000000e+08
1.495745420000000000e+08
1.412677910000000000e+08
1.414736170000000000e+08
1.057121690000000000e+08
1.442972160000000000e+08
1.441213870000000000e+08
1.502728650000000000e+08
1.416215030000000000e+08
1.502737120000000000e+08
1.201178300000000000e+07
1.493037660000000000e+08
1.416112370000000000e+08
1.007603000000000000e+06
1.393717180000000000e+08
1.393693330000000000e+08
1.012260700000000000e+08
1.415479790000000000e+08
1.324883870000000000e+08
1.500292750000000000e+08
1.430464600000000000e+08
1.323805080000000000e+08
1.405986530000000000e+08
1.060819950000000000e+08
1.245252480000000000e+08
1.060808720000000000e+08
1.499721020000000000e+08
1.476598830000000000e+08
1.443060850000000000e+08
1.430341950000000000e+08
1.138215700000000000e+07
1.527181890000000000e+08
1.421094300000000000e+08
1.486126850000000000e+08
1.533484000000000000e+06
1.401968950000000000e+08
1.420819990000000000e+08
1.059165970000000000e+08
1.410948610000000000e+08
1.434637400000000000e+07
1.245368350000000000e+08
1.402511960000000000e+08
1.501887780000000000e+08
1.063744400000000000e+08
1.500292720000000000e+08
1.267905890000000000e+08
1.185418830000000000e+08
1.495703800000000000e+08
1.473453960000000000e+08
1.503008700000000000e+08
1.013919010000000000e+08
1.441471520000000000e+08
1.405786060000000000e+08
1.421093900000000000e+08
1.061494910000000000e+08
1.527395790000000000e+08
1.057068080000000000e+08
1.502447200000000000e+08
1.502995760000000000e+08
1.015282800000000000e+08
1.414820690000000000e+08
1.007390000000000000e+06
1.058045010000000000e+08
1.417528830000000000e+08
1.501512620000000000e+08
1.496280340000000000e+08
1.448091340000000000e+08
1.496023080000000000e+08
1.069884780000000000e+08
1.156166700000000000e+07
1.420490250000000000e+08
1.517340070000000000e+08
1.496030710000000000e+08
1.013888010000000000e+08
1.499885230000000000e+08
1.503561350000000000e+08
1.495736590000000000e+08
1.064035000000000000e+08
1.414220960000000000e+08
1.491545770000000000e+08
1.024620530000000000e+08
1.455066240000000000e+08
1.414861050000000000e+08
1.442135540000000000e+08
1.412802550000000000e+08
1.058846630000000000e+08
1.405992840000000000e+08
1.063099820000000000e+08
1.456011610000000000e+08
1.069037760000000000e+08
1.371348350000000000e+08
1.499880680000000000e+08
1.476599030000000000e+08
1.523568000000000000e+06
1.015282230000000000e+08
1.441986100000000000e+08
1.461414470000000000e+08
1.499756760000000000e+08
1.180794570000000000e+08
1.006859000000000000e+06
1.501072620000000000e+08
1.201324100000000000e+07
1.516823310000000000e+08
1.409718420000000000e+08
1.476600450000000000e+08
1.494980990000000000e+08
1.494223640000000000e+08
1.457104830000000000e+08
1.441904020000000000e+08
1.494498880000000000e+08
1.434445300000000000e+07
1.201172700000000000e+07
1.414125320000000000e+08
1.063154090000000000e+08
1.496266500000000000e+08
1.344119380000000000e+08
1.411952830000000000e+08
1.491548210000000000e+08
1.418105290000000000e+08
1.434361700000000000e+07
1.485772050000000000e+08
1.015803080000000000e+08
1.015799220000000000e+08
1.492514430000000000e+08
1.503615130000000000e+08
1.156138600000000000e+07
1.414357580000000000e+08
1.193233500000000000e+07
1.502733010000000000e+08
1.058053480000000000e+08
1.399445550000000000e+08
1.420152130000000000e+08
1.350340690000000000e+08
1.502726560000000000e+08
1.500633210000000000e+08
1.418115400000000000e+08
1.517649830000000000e+08
1.441694730000000000e+08
1.503905430000000000e+08
1.527732040000000000e+08
1.495391580000000000e+08
1.491587240000000000e+08
1.461435960000000000e+08
1.245218200000000000e+08
1.013916110000000000e+08
1.501048080000000000e+08
1.504319200000000000e+08
1.441581660000000000e+08
1.430463640000000000e+08
1.411956340000000000e+08
1.471397900000000000e+08
1.059916850000000000e+08
1.420535000000000000e+08
1.491792260000000000e+08
1.142132400000000000e+07
1.061956710000000000e+08
1.408937220000000000e+08
1.057599180000000000e+08
1.413345850000000000e+08
1.410247990000000000e+08
1.503927530000000000e+08
1.064985750000000000e+08
1.441977650000000000e+08
1.201315100000000000e+07
1.503593250000000000e+08
1.411209400000000000e+08
1.420868120000000000e+08
1.434575100000000000e+07
1.442984600000000000e+08
1.393705370000000000e+08
1.501469730000000000e+08
1.014977010000000000e+08
1.501647950000000000e+08
1.491587890000000000e+08
1.014954350000000000e+08
1.430257280000000000e+08
1.501873730000000000e+08
1.501479850000000000e+08
1.519581220000000000e+08
1.414845090000000000e+08
1.504298070000000000e+08
1.492487930000000000e+08
1.408929380000000000e+08
1.496307340000000000e+08
1.405761740000000000e+08
1.059929350000000000e+08
1.152478600000000000e+07
1.406630570000000000e+08
1.015835880000000000e+08
1.502965600000000000e+08
1.496258120000000000e+08
1.532809000000000000e+06
1.418229080000000000e+08
1.495029500000000000e+08
1.416252740000000000e+08
1.013211170000000000e+08
1.421455340000000000e+08
1.503925840000000000e+08
1.411860750000000000e+08
1.068027880000000000e+08
1.441599520000000000e+08
1.400040860000000000e+08
1.060834760000000000e+08
1.025632000000000000e+06
1.058829510000000000e+08
1.059968570000000000e+08
1.033113210000000000e+08
1.494459280000000000e+08
1.500295380000000000e+08
1.417141910000000000e+08
1.442747770000000000e+08
1.414711050000000000e+08
1.429875410000000000e+08
1.499345900000000000e+08
1.141987600000000000e+07
1.156162700000000000e+07
1.410262670000000000e+08
1.146165300000000000e+07
1.389881130000000000e+08
1.420819730000000000e+08
1.417126540000000000e+08
1.493478050000000000e+08
1.442723740000000000e+08
1.412119660000000000e+08
1.024229510000000000e+08
1.420528760000000000e+08
1.402952870000000000e+08
1.060534610000000000e+08
1.411852700000000000e+08
1.409683570000000000e+08
1.474658000000000000e+08
1.441985320000000000e+08
1.056541430000000000e+08
1.405783040000000000e+08
1.246095740000000000e+08
1.013226570000000000e+08
1.441055570000000000e+08
1.420500460000000000e+08
1.412710780000000000e+08
1.027648280000000000e+08
1.413720460000000000e+08
1.414071590000000000e+08
1.441666580000000000e+08
1.492181000000000000e+08
1.447178170000000000e+08
1.060590020000000000e+08
1.485600630000000000e+08
1.432615500000000000e+07
1.501053500000000000e+08
1.499879400000000000e+08
1.068090380000000000e+08
1.523521000000000000e+06
1.493025070000000000e+08
1.408024790000000000e+08
1.393716000000000000e+08
1.527752530000000000e+08
1.406873820000000000e+08
1.421423160000000000e+08
1.057599870000000000e+08
1.492152620000000000e+08
1.026290410000000000e+08
1.501641240000000000e+08
1.441897040000000000e+08
1.013912930000000000e+08
1.496014080000000000e+08
1.344116680000000000e+08
1.138211700000000000e+07
1.197462700000000000e+07
1.063097270000000000e+08
1.420829420000000000e+08
1.200783770000000000e+08
1.470009300000000000e+08
1.406868390000000000e+08
1.414793100000000000e+08
1.442974760000000000e+08
1.012801510000000000e+08
1.026058000000000000e+06
1.420180150000000000e+08
1.502722770000000000e+08
1.063680180000000000e+08
1.245986860000000000e+08
1.407919000000000000e+08
1.443070080000000000e+08
1.492179370000000000e+08
1.015829300000000000e+08
1.417574410000000000e+08
1.414713920000000000e+08
1.434436200000000000e+07
1.537208000000000000e+06
1.057063940000000000e+08
1.320693310000000000e+08
1.401749580000000000e+08
1.057086380000000000e+08
1.450451420000000000e+08
1.415268280000000000e+08
1.012547840000000000e+08
1.485648950000000000e+08
1.401937910000000000e+08
1.491796070000000000e+08
1.406615950000000000e+08
1.377351750000000000e+08
1.419153670000000000e+08
1.516804230000000000e+08
1.060577420000000000e+08
1.412151410000000000e+08
1.068127960000000000e+08
1.396919230000000000e+08
1.471437410000000000e+08
1.417568210000000000e+08
1.405893260000000000e+08
1.061451500000000000e+08
1.430274120000000000e+08
1.412817420000000000e+08
1.518254510000000000e+08
1.013959090000000000e+08
1.417701210000000000e+08
1.430688360000000000e+08
1.413358860000000000e+08
1.430679440000000000e+08
1.019550230000000000e+08
1.377358390000000000e+08
1.459185640000000000e+08
1.501069480000000000e+08
1.418117340000000000e+08
1.415279650000000000e+08
1.409999290000000000e+08
1.012812820000000000e+08
1.181697180000000000e+08
1.417092960000000000e+08
1.492190920000000000e+08
1.418041590000000000e+08
1.411213350000000000e+08
1.503557640000000000e+08
1.156232100000000000e+07
1.058002030000000000e+08
1.501887360000000000e+08
1.464879550000000000e+08
1.504333180000000000e+08
1.058019150000000000e+08
1.432600400000000000e+07
1.416231740000000000e+08
1.484971730000000000e+08
1.485605820000000000e+08
1.409431850000000000e+08
1.502491490000000000e+08
1.013910780000000000e+08
1.463116680000000000e+08
1.068072970000000000e+08
1.441968840000000000e+08
1.518292640000000000e+08
1.064755150000000000e+08
1.421077560000000000e+08
1.405809490000000000e+08
1.405966220000000000e+08
1.245238950000000000e+08
1.383900120000000000e+08
1.205911400000000000e+07
1.410919230000000000e+08
1.494743870000000000e+08
1.499717540000000000e+08
1.407968540000000000e+08
1.421078330000000000e+08
1.015827670000000000e+08
1.418114320000000000e+08
1.059156920000000000e+08
1.491610750000000000e+08
1.027728930000000000e+08
1.015828020000000000e+08
1.408977320000000000e+08
1.490373630000000000e+08
1.245275450000000000e+08
1.066082720000000000e+08
1.502744870000000000e+08
1.417365480000000000e+08
1.012273510000000000e+08
1.371360850000000000e+08
1.006285000000000000e+06
1.181746330000000000e+08
1.412814950000000000e+08
1.441470840000000000e+08
1.413342740000000000e+08
1.421445940000000000e+08
1.059930730000000000e+08
1.058871750000000000e+08
1.501075390000000000e+08
1.013231860000000000e+08
1.494979040000000000e+08
1.011362480000000000e+08
1.057122260000000000e+08
1.067604270000000000e+08
1.007530000000000000e+06
1.504418100000000000e+08
1.495014850000000000e+08
1.067378980000000000e+08
1.408947030000000000e+08
1.432768400000000000e+07
1.406889410000000000e+08
1.495398940000000000e+08
1.406955800000000000e+08
1.409715450000000000e+08
1.014353470000000000e+08
1.198740360000000000e+08
1.406612890000000000e+08
1.421482280000000000e+08
1.493517760000000000e+08
1.485613020000000000e+08
1.500329830000000000e+08
1.503599820000000000e+08
1.014168270000000000e+08
1.502497710000000000e+08
1.527203860000000000e+08
1.518276570000000000e+08
1.142239500000000000e+07
1.503233340000000000e+08
1.459191010000000000e+08
1.014265480000000000e+08
1.492204450000000000e+08
1.441077240000000000e+08
1.069902440000000000e+08
1.517314160000000000e+08
1.008024000000000000e+06
1.063674930000000000e+08
1.015288550000000000e+08
1.494992920000000000e+08
1.056525890000000000e+08
1.267964900000000000e+08
1.057060430000000000e+08
1.406874460000000000e+08
1.060825890000000000e+08
1.421076180000000000e+08
1.318551290000000000e+08
1.267908560000000000e+08
1.464281540000000000e+08
1.500989790000000000e+08
1.245376420000000000e+08
1.031869490000000000e+08
1.245741050000000000e+08
1.495398420000000000e+08
1.417573260000000000e+08
1.523930000000000000e+06
1.492183500000000000e+08
1.442970060000000000e+08
1.400646480000000000e+08
1.496026150000000000e+08
1.156122200000000000e+07
1.068055790000000000e+08
1.060846560000000000e+08
1.193142300000000000e+07
1.495427090000000000e+08
1.517344420000000000e+08
1.420860810000000000e+08
1.397483930000000000e+08
1.411217930000000000e+08
1.441685680000000000e+08
1.015027670000000000e+08
1.501660910000000000e+08
1.493925740000000000e+08
1.491763050000000000e+08
1.006986000000000000e+06
1.400064710000000000e+08
1.063998310000000000e+08
1.069009810000000000e+08
1.418688360000000000e+08
1.025699800000000000e+08
1.434265300000000000e+07
1.492531730000000000e+08
1.450454160000000000e+08
1.411241440000000000e+08
1.429857490000000000e+08
1.516819040000000000e+08
1.013957500000000000e+08
1.016292510000000000e+08
1.504320790000000000e+08
1.412125480000000000e+08
1.410301680000000000e+08
1.494733940000000000e+08
1.067573110000000000e+08
1.405806340000000000e+08
1.517338980000000000e+08
1.406904280000000000e+08
1.415280600000000000e+08
1.419454650000000000e+08
1.408932380000000000e+08
1.493476290000000000e+08
1.068163030000000000e+08
1.063982710000000000e+08
1.441465770000000000e+08
1.413357870000000000e+08
1.068057950000000000e+08
1.517331020000000000e+08
1.009044000000000000e+06
1.362172640000000000e+08
1.146622800000000000e+07
1.492489690000000000e+08
1.486122640000000000e+08
1.064003490000000000e+08
1.419010420000000000e+08
1.028311310000000000e+08
1.060554690000000000e+08
1.415264390000000000e+08
1.493882650000000000e+08
1.418705890000000000e+08
1.400562460000000000e+08
1.008056000000000000e+06
1.406306350000000000e+08
1.430479750000000000e+08
1.493081750000000000e+08
1.152508800000000000e+07
1.519353270000000000e+08
1.485618730000000000e+08
1.415732280000000000e+08
1.420874510000000000e+08
1.527195060000000000e+08
1.405808750000000000e+08
1.499343050000000000e+08
1.245769960000000000e+08
1.014968840000000000e+08
1.493920920000000000e+08
1.491039410000000000e+08
1.421460510000000000e+08
1.441393360000000000e+08
1.408505030000000000e+08
1.485448750000000000e+08
1.058834780000000000e+08
1.416854650000000000e+08
1.496290770000000000e+08
1.467581270000000000e+08
1.527014130000000000e+08
1.063690120000000000e+08
1.013162580000000000e+08
1.468465690000000000e+08
1.411553520000000000e+08
1.527731370000000000e+08
1.517638250000000000e+08
1.501014760000000000e+08
1.416834000000000000e+08
1.014248340000000000e+08
1.414117130000000000e+08
1.016265760000000000e+08
1.406082300000000000e+08
1.245977410000000000e+08
1.412104480000000000e+08
1.182592950000000000e+08
1.405807170000000000e+08
1.441609320000000000e+08
1.430592590000000000e+08
1.421104930000000000e+08
1.495764130000000000e+08
1.454462150000000000e+08
1.417577320000000000e+08
1.516309540000000000e+08
1.156029400000000000e+07
1.494731710000000000e+08
1.406335680000000000e+08
1.069069400000000000e+08
1.414727770000000000e+08
1.442992040000000000e+08
1.062014080000000000e+08
1.245771410000000000e+08
1.456047950000000000e+08
1.062644750000000000e+08
1.059164330000000000e+08
1.501056030000000000e+08
1.500303230000000000e+08
1.405108620000000000e+08
1.416218030000000000e+08
1.494238510000000000e+08
1.067625830000000000e+08
1.011108870000000000e+08
1.405999720000000000e+08
1.500652440000000000e+08
1.013917110000000000e+08
1.485640330000000000e+08
1.486123470000000000e+08
1.396053310000000000e+08
1.441679940000000000e+08
1.495390580000000000e+08
1.006490000000000000e+06
1.065052780000000000e+08
1.012476060000000000e+08
1.406912260000000000e+08
1.420817110000000000e+08
1.416094300000000000e+08
1.183072800000000000e+08
1.420826040000000000e+08
1.503199680000000000e+08
1.064752350000000000e+08
1.069881590000000000e+08
1.026530000000000000e+06
1.013224470000000000e+08
1.409382470000000000e+08
1.473454840000000000e+08
1.419740660000000000e+08
1.429869050000000000e+08
1.502721310000000000e+08
1.026852640000000000e+08
1.420854910000000000e+08
1.064037860000000000e+08
1.400609570000000000e+08
1.417556000000000000e+08
1.410970270000000000e+08
1.501449410000000000e+08
1.441980280000000000e+08
1.063093190000000000e+08
1.245349560000000000e+08
1.067553000000000000e+08
1.069020780000000000e+08
1.502753090000000000e+08
1.410250900000000000e+08
1.432788200000000000e+07
1.490374520000000000e+08
1.414801760000000000e+08
1.493043130000000000e+08
1.454457280000000000e+08
1.407575900000000000e+08
1.517307820000000000e+08
1.064040870000000000e+08
1.493466750000000000e+08
1.499708750000000000e+08
1.495405250000000000e+08
1.441981700000000000e+08
1.146365300000000000e+07
1.448079070000000000e+08
1.138580800000000000e+07
1.412128810000000000e+08
1.430332400000000000e+08
1.499705890000000000e+08
1.499140720000000000e+08
1.420540240000000000e+08
1.406083260000000000e+08
1.417572940000000000e+08
1.417091010000000000e+08
1.403054430000000000e+08
1.267905960000000000e+08
1.503616690000000000e+08
1.015286530000000000e+08
1.527196580000000000e+08
1.475314740000000000e+08
1.246002690000000000e+08
1.500643910000000000e+08
1.420183280000000000e+08
1.429850780000000000e+08
1.421072420000000000e+08
1.493482570000000000e+08
1.205998700000000000e+07
1.020548630000000000e+08
1.442733930000000000e+08
1.486121970000000000e+08
1.501022270000000000e+08
1.409978180000000000e+08
1.495390160000000000e+08
1.014172550000000000e+08
1.414804340000000000e+08
1.461952830000000000e+08
1.330533520000000000e+08
1.501657400000000000e+08
1.068861690000000000e+08
1.496282160000000000e+08
1.411233490000000000e+08
1.496644230000000000e+08
1.267901280000000000e+08
1.058043930000000000e+08
1.011816550000000000e+08
1.485747120000000000e+08
1.401302930000000000e+08
1.492180720000000000e+08
1.058827900000000000e+08
1.420484470000000000e+08
1.405803360000000000e+08
1.501627390000000000e+08
1.417094360000000000e+08
1.403498240000000000e+08
1.495758100000000000e+08
1.413017150000000000e+08
1.491770490000000000e+08
1.475665420000000000e+08
1.495986760000000000e+08
1.472093420000000000e+08
1.066305840000000000e+08
1.466648060000000000e+08
1.185397450000000000e+08
1.468071260000000000e+08
1.193389600000000000e+07
1.465305940000000000e+08
1.542151000000000000e+06
1.267308310000000000e+08
1.245350060000000000e+08
1.035535230000000000e+08
1.485630780000000000e+08
1.492713030000000000e+08
1.409723680000000000e+08
1.415318100000000000e+08
1.500985420000000000e+08
1.246083620000000000e+08
1.504407550000000000e+08
1.329110920000000000e+08
1.491073600000000000e+08
1.064760390000000000e+08
1.421426020000000000e+08
1.062576720000000000e+08
1.503201780000000000e+08
1.493894190000000000e+08
1.014232890000000000e+08
1.064714530000000000e+08
1.245369070000000000e+08
1.417572300000000000e+08
1.415464810000000000e+08
1.493905650000000000e+08
1.011345540000000000e+08
1.184570560000000000e+08
1.503236430000000000e+08
1.407990350000000000e+08
1.197378800000000000e+07
1.417714830000000000e+08
1.067408350000000000e+08
1.400056900000000000e+08
1.491561800000000000e+08
1.501401660000000000e+08
1.061957360000000000e+08
1.197545700000000000e+07
1.031128090000000000e+08
1.012464550000000000e+08
1.441963750000000000e+08
1.059925110000000000e+08
1.468103720000000000e+08
1.441078730000000000e+08
1.494975430000000000e+08
1.502505280000000000e+08
1.413335910000000000e+08
1.491012260000000000e+08
1.499135980000000000e+08
1.430602130000000000e+08
1.415478300000000000e+08
1.138230900000000000e+07
1.500625020000000000e+08
1.065303380000000000e+08
1.501657350000000000e+08
1.245994550000000000e+08
1.409411530000000000e+08
1.527024190000000000e+08
1.016294430000000000e+08
1.494242640000000000e+08
1.491800880000000000e+08
1.528025180000000000e+08
1.034150520000000000e+08
1.146235300000000000e+07
1.447636260000000000e+08
1.541648000000000000e+06
1.405284110000000000e+08
1.023357290000000000e+08
1.485445900000000000e+08
1.065049390000000000e+08
1.006244000000000000e+06
1.419035410000000000e+08
1.353165890000000000e+08
1.502698560000000000e+08
1.503936230000000000e+08
1.060862030000000000e+08
1.245263150000000000e+08
1.069898570000000000e+08
1.501667210000000000e+08
1.485657490000000000e+08
1.057049400000000000e+08
1.504287030000000000e+08
1.493028250000000000e+08
1.473457690000000000e+08
1.014974500000000000e+08
1.245369220000000000e+08
1.492165510000000000e+08
1.414236340000000000e+08
1.414233710000000000e+08
1.500625270000000000e+08
1.267419670000000000e+08
1.418100800000000000e+08
1.070114430000000000e+08
1.069886780000000000e+08
1.516397950000000000e+08
1.434323700000000000e+07
1.495761480000000000e+08
1.459910680000000000e+08
1.414794120000000000e+08
1.494201490000000000e+08
1.430271870000000000e+08
1.504418000000000000e+08
1.493918780000000000e+08
1.412839210000000000e+08
1.516842310000000000e+08
1.063972930000000000e+08
1.012496150000000000e+08
1.401946690000000000e+08
1.414246430000000000e+08
1.495727200000000000e+08
1.504318390000000000e+08
1.429862510000000000e+08
1.461975810000000000e+08
1.013155060000000000e+08
1.416829210000000000e+08
1.542726000000000000e+06
1.494231030000000000e+08
1.398702150000000000e+08
1.491020060000000000e+08
1.459924430000000000e+08
1.442725550000000000e+08
1.414084450000000000e+08
1.474622890000000000e+08
1.504300440000000000e+08
1.441581270000000000e+08
1.409681170000000000e+08
1.468197600000000000e+07
1.015792600000000000e+08
1.474634180000000000e+08
1.441698400000000000e+08
1.476598610000000000e+08
1.060811640000000000e+08
1.058827180000000000e+08
1.420824670000000000e+08
1.496642540000000000e+08
1.504306160000000000e+08
1.267384470000000000e+08
1.518269300000000000e+08
1.416079720000000000e+08
1.503618030000000000e+08
1.015313190000000000e+08
1.405795370000000000e+08
1.406922470000000000e+08
1.462747440000000000e+08
1.491268060000000000e+08
1.420860910000000000e+08
1.493910100000000000e+08
1.408018980000000000e+08
1.022085590000000000e+08
1.494729150000000000e+08
1.499763950000000000e+08
1.062587220000000000e+08
1.490373740000000000e+08
1.031814040000000000e+08
1.069032090000000000e+08
1.420186970000000000e+08
1.432827500000000000e+07
1.411877190000000000e+08
1.501880970000000000e+08
1.011366420000000000e+08
1.138804200000000000e+07
1.494452580000000000e+08
1.501418130000000000e+08
1.418652010000000000e+08
1.245219370000000000e+08
1.015029380000000000e+08
1.059908340000000000e+08
1.007010000000000000e+06
1.420541590000000000e+08
1.374218890000000000e+08
1.407977860000000000e+08
1.014249070000000000e+08
1.430574580000000000e+08
1.493464180000000000e+08
1.519595570000000000e+08
1.014961720000000000e+08
1.406896530000000000e+08
1.406629080000000000e+08
1.245975650000000000e+08
1.496301600000000000e+08
1.503574240000000000e+08
1.499881040000000000e+08
1.419124690000000000e+08
1.421089490000000000e+08
1.025809000000000000e+06
1.416112760000000000e+08
1.503617680000000000e+08
1.466027780000000000e+08
1.417694340000000000e+08
1.069871800000000000e+08
1.517365270000000000e+08
1.494220960000000000e+08
1.067571320000000000e+08
1.503950610000000000e+08
1.409964210000000000e+08
1.412788880000000000e+08
1.019139790000000000e+08
1.015881830000000000e+08
1.504422640000000000e+08
1.416114890000000000e+08
1.205950100000000000e+07
1.500288060000000000e+08
1.493484200000000000e+08
1.493940360000000000e+08
1.008730000000000000e+06
1.416100500000000000e+08
1.492183350000000000e+08
1.411560180000000000e+08
1.058008500000000000e+08
1.405291990000000000e+08
1.441207630000000000e+08
1.415437440000000000e+08
1.066087550000000000e+08
1.410281980000000000e+08
1.441398220000000000e+08
1.485763000000000000e+08
1.414132190000000000e+08
1.418697240000000000e+08
1.197453600000000000e+07
1.494788460000000000e+08
1.405980470000000000e+08
1.063103180000000000e+08
1.504408600000000000e+08
1.527008630000000000e+08
1.405295550000000000e+08
1.441441220000000000e+08
1.012257710000000000e+08
1.416211580000000000e+08
1.491260600000000000e+08
1.407879060000000000e+08
1.441970270000000000e+08
1.330441230000000000e+08
1.527011460000000000e+08
1.246077790000000000e+08
1.501912580000000000e+08
1.472772300000000000e+08
1.441234940000000000e+08
1.503569670000000000e+08
1.326438340000000000e+08
1.245275270000000000e+08
1.430324220000000000e+08
1.421077590000000000e+08
1.329123490000000000e+08
1.011369520000000000e+08
1.494234330000000000e+08
1.063979480000000000e+08
1.012524820000000000e+08
1.410572360000000000e+08
1.527190850000000000e+08
1.501056130000000000e+08
1.411210800000000000e+08
1.415794260000000000e+08
1.434210900000000000e+07
1.064026710000000000e+08
1.011840360000000000e+08
1.070109400000000000e+08
1.527418380000000000e+08
1.469428820000000000e+08
1.503246560000000000e+08
1.502496790000000000e+08
1.013160320000000000e+08
1.486110950000000000e+08
1.405993770000000000e+08
1.414072010000000000e+08
1.496290830000000000e+08
1.493516790000000000e+08
1.057101450000000000e+08
1.411870820000000000e+08
1.502746320000000000e+08
1.065040490000000000e+08
1.414107890000000000e+08
1.393694360000000000e+08
1.418991060000000000e+08
1.060866590000000000e+08
1.500666310000000000e+08
1.421087460000000000e+08
1.474167250000000000e+08
1.245736540000000000e+08
1.245363390000000000e+08
1.413345550000000000e+08
1.065311070000000000e+08
1.491217280000000000e+08
1.503912260000000000e+08
1.472809330000000000e+08
1.466635930000000000e+08
1.006575000000000000e+06
1.013269470000000000e+08
1.419457500000000000e+08
1.441443580000000000e+08
1.412686900000000000e+08
1.420868130000000000e+08
1.350251980000000000e+08
1.028406490000000000e+08
1.397484640000000000e+08
1.418226250000000000e+08
1.408316710000000000e+08
1.416868040000000000e+08
1.503215120000000000e+08
1.492523050000000000e+08
1.502984330000000000e+08
1.406914630000000000e+08
1.245215700000000000e+08
1.441694090000000000e+08
1.432708600000000000e+07
1.527403290000000000e+08
1.516327140000000000e+08
1.503199030000000000e+08
1.412788100000000000e+08
1.441237600000000000e+08
1.499705990000000000e+08
1.502746490000000000e+08
1.491014110000000000e+08
1.518300320000000000e+08
1.484991760000000000e+08
1.410964920000000000e+08
1.014964020000000000e+08
1.503919880000000000e+08
1.413722410000000000e+08
1.401972050000000000e+08
1.400013270000000000e+08
1.411529270000000000e+08
1.009145000000000000e+06
1.066141450000000000e+08
1.503937960000000000e+08
1.068856420000000000e+08
1.406310500000000000e+08
1.205887000000000000e+07
1.009252000000000000e+06
1.402950510000000000e+08
1.058001290000000000e+08
1.527014310000000000e+08
1.419759260000000000e+08
1.491202760000000000e+08
1.197182690000000000e+08
1.421449690000000000e+08
1.502714200000000000e+08
1.491210860000000000e+08
1.503579350000000000e+08
1.500990790000000000e+08
1.328232720000000000e+08
1.013654840000000000e+08
1.405121260000000000e+08
1.063727330000000000e+08
1.520617810000000000e+08
1.405985420000000000e+08
1.501407230000000000e+08
1.058848510000000000e+08
1.013232620000000000e+08
1.409685430000000000e+08
1.013224220000000000e+08
1.408915970000000000e+08
1.486126830000000000e+08
1.416853430000000000e+08
1.015853820000000000e+08
1.060827320000000000e+08
1.063149420000000000e+08
1.459235790000000000e+08
1.061972960000000000e+08
1.409388020000000000e+08
1.415436200000000000e+08
1.011376190000000000e+08
1.421449150000000000e+08
1.503204560000000000e+08
1.408280090000000000e+08
1.057592680000000000e+08
1.517921150000000000e+08
1.474662570000000000e+08
1.441982020000000000e+08
1.430687600000000000e+08
1.066350850000000000e+08
1.501507340000000000e+08
1.406591720000000000e+08
1.420145030000000000e+08
1.410289660000000000e+08
1.026284740000000000e+08
1.344200810000000000e+08
1.015028270000000000e+08
1.464307690000000000e+08
1.421105360000000000e+08
1.500316240000000000e+08
1.502497280000000000e+08
1.441976490000000000e+08
1.503581700000000000e+08
1.408985750000000000e+08
1.012519740000000000e+08
1.405986290000000000e+08
1.014961350000000000e+08
1.434543200000000000e+07
1.494755590000000000e+08
1.059911510000000000e+08
1.449933600000000000e+08
1.265721790000000000e+08
1.008931000000000000e+06
1.246091540000000000e+08
1.451129710000000000e+08
1.013179190000000000e+08
1.197445500000000000e+07
1.131027200000000000e+07
1.491759360000000000e+08
1.223260710000000000e+08
1.485457550000000000e+08
1.496287950000000000e+08
1.499306560000000000e+08
1.419129030000000000e+08
1.060838930000000000e+08
1.505131940000000000e+08
1.430248190000000000e+08
1.141983000000000000e+07
1.066123660000000000e+08
1.014246220000000000e+08
1.416218850000000000e+08
1.334987850000000000e+08
1.058047480000000000e+08
1.493913350000000000e+08
1.401563900000000000e+08
1.015300520000000000e+08
1.066310150000000000e+08
1.414112010000000000e+08
1.441405420000000000e+08
1.516831640000000000e+08
1.416251590000000000e+08
1.414715220000000000e+08
1.495396210000000000e+08
1.412109490000000000e+08
1.059899740000000000e+08
1.063135400000000000e+08
1.473444880000000000e+08
1.068836520000000000e+08
1.476174190000000000e+08
1.503896030000000000e+08
1.441235260000000000e+08
1.455110620000000000e+08
1.060591670000000000e+08
1.441897940000000000e+08
1.411230490000000000e+08
1.246078270000000000e+08
1.131117700000000000e+07
1.245737020000000000e+08
1.500295020000000000e+08
1.463743180000000000e+08
1.063156320000000000e+08
1.473446160000000000e+08
1.407975240000000000e+08
1.011102210000000000e+08
1.008878000000000000e+06
1.492481960000000000e+08
1.474618160000000000e+08
1.441593590000000000e+08
1.451518090000000000e+08
1.485639350000000000e+08
1.503598920000000000e+08
1.442744370000000000e+08
1.416280190000000000e+08
1.501891530000000000e+08
1.416238660000000000e+08
1.429884640000000000e+08
1.493504470000000000e+08
1.406511450000000000e+08
1.495417770000000000e+08
1.419134870000000000e+08
1.494445630000000000e+08
1.490367580000000000e+08
1.420528260000000000e+08
1.406357780000000000e+08
1.492531400000000000e+08
1.455968100000000000e+08
1.406623050000000000e+08
1.405959530000000000e+08
1.414849810000000000e+08
1.062637530000000000e+08
1.405794300000000000e+08
1.430582710000000000e+08
1.500987770000000000e+08
1.495400130000000000e+08
1.015358040000000000e+08
1.069921920000000000e+08
1.502985730000000000e+08
1.409716660000000000e+08
1.013870530000000000e+08
1.412273310000000000e+08
1.430583290000000000e+08
1.069884130000000000e+08
1.405804970000000000e+08
1.245274550000000000e+08
1.063091880000000000e+08
1.499765350000000000e+08
1.059096070000000000e+08
1.499924790000000000e+08
1.419102980000000000e+08
1.267435120000000000e+08
1.408280630000000000e+08
1.015316780000000000e+08
1.405982250000000000e+08
1.200954000000000000e+07
1.152514700000000000e+07
1.406001470000000000e+08
1.011815430000000000e+08
1.417706090000000000e+08
1.496035240000000000e+08
1.493033100000000000e+08
1.501890700000000000e+08
1.492191450000000000e+08
1.430338130000000000e+08
1.013889350000000000e+08
1.406593500000000000e+08
1.430462590000000000e+08
1.333231680000000000e+08
1.324807010000000000e+08
1.485643190000000000e+08
1.504380410000000000e+08
1.015802320000000000e+08
1.012266490000000000e+08
1.069882460000000000e+08
1.065043970000000000e+08
1.500628830000000000e+08
1.485604840000000000e+08
1.492193760000000000e+08
1.058044490000000000e+08
1.066305850000000000e+08
1.411546380000000000e+08
1.528024630000000000e+08
1.410281640000000000e+08
1.347300120000000000e+08
1.503919970000000000e+08
1.491027280000000000e+08
1.502983260000000000e+08
1.008555000000000000e+06
1.414791740000000000e+08
1.009315000000000000e+06
1.421051050000000000e+08
1.430254130000000000e+08
1.066319480000000000e+08
1.491267960000000000e+08
1.441684040000000000e+08
1.410297870000000000e+08
1.245751510000000000e+08
1.504370650000000000e+08
1.496014510000000000e+08
1.018122380000000000e+08
1.499134190000000000e+08
1.442744420000000000e+08
1.503023980000000000e+08
1.200801900000000000e+07
1.495395520000000000e+08
1.146716500000000000e+07
1.505135910000000000e+08
1.471882380000000000e+08
1.470253340000000000e+08
1.441056650000000000e+08
1.405787910000000000e+08
1.267872500000000000e+08
1.458767190000000000e+08
1.411851420000000000e+08
1.486123740000000000e+08
1.430277840000000000e+08
1.485445100000000000e+08
1.470229630000000000e+08
1.403067180000000000e+08
1.485769030000000000e+08
1.419102910000000000e+08
1.407974640000000000e+08
1.496657550000000000e+08
1.063742700000000000e+08
1.403615750000000000e+08
1.503600850000000000e+08
1.503229910000000000e+08
1.409983370000000000e+08
1.494783610000000000e+08
1.441057900000000000e+08
1.402974020000000000e+08
1.500296710000000000e+08
1.220919540000000000e+08
1.501428060000000000e+08
1.502497370000000000e+08
1.245352970000000000e+08
1.419756200000000000e+08
1.434483100000000000e+07
1.501066010000000000e+08
1.434220800000000000e+07
1.401279840000000000e+08
1.197211100000000000e+07
1.411534720000000000e+08
1.416246590000000000e+08
1.419796960000000000e+08
1.494979930000000000e+08
1.476187470000000000e+08
1.500988600000000000e+08
1.412815260000000000e+08
1.434204000000000000e+07
1.409972420000000000e+08
1.496290430000000000e+08
1.064709180000000000e+08
1.430603380000000000e+08
1.062018320000000000e+08
1.011718250000000000e+08
1.405774060000000000e+08
1.490402340000000000e+08
1.014211630000000000e+08
1.138813700000000000e+07
1.502726460000000000e+08
1.411529310000000000e+08
1.501053720000000000e+08
1.410247240000000000e+08
1.491612000000000000e+08
1.059150860000000000e+08
1.499900980000000000e+08
1.421431150000000000e+08
1.504294810000000000e+08
1.494231520000000000e+08
1.486114480000000000e+08
1.464943040000000000e+08
1.062644900000000000e+08
1.454476520000000000e+08
1.056537950000000000e+08
1.066309820000000000e+08
1.485771790000000000e+08
1.441401910000000000e+08
1.397385130000000000e+08
1.064007670000000000e+08
1.012831300000000000e+08
1.503208910000000000e+08
1.541168000000000000e+06
1.430583270000000000e+08
1.066117290000000000e+08
1.502740710000000000e+08
1.503617370000000000e+08
1.066105080000000000e+08
1.061968110000000000e+08
1.476596710000000000e+08
1.500982910000000000e+08
1.421441620000000000e+08
1.430700380000000000e+08
1.406638850000000000e+08
1.442984390000000000e+08
1.500995110000000000e+08
1.414856600000000000e+08
1.430460560000000000e+08
1.491794510000000000e+08
1.416256050000000000e+08
1.485598160000000000e+08
1.493906480000000000e+08
1.064702290000000000e+08
1.058843040000000000e+08
1.413347930000000000e+08
1.503196390000000000e+08
1.400557340000000000e+08
1.012482790000000000e+08
1.014205590000000000e+08
1.416834010000000000e+08
1.068078780000000000e+08
1.493907100000000000e+08
1.026892370000000000e+08
1.409404930000000000e+08
1.412297820000000000e+08
1.408283330000000000e+08
1.519361230000000000e+08
1.066342890000000000e+08
1.414358180000000000e+08
1.492168640000000000e+08
1.014963570000000000e+08
1.475660970000000000e+08
1.432695100000000000e+07
1.406356670000000000e+08
1.494975790000000000e+08
1.012827450000000000e+08
1.495391010000000000e+08
1.492165320000000000e+08
1.430706230000000000e+08
1.500332370000000000e+08
1.418117560000000000e+08
1.418230410000000000e+08
1.474633760000000000e+08
1.503247870000000000e+08
1.501656570000000000e+08
1.335030070000000000e+08
1.461988480000000000e+08
1.499731960000000000e+08
1.068074760000000000e+08
1.504399890000000000e+08
1.491549270000000000e+08
1.414440270000000000e+08
1.410308250000000000e+08
1.411876250000000000e+08
1.374300890000000000e+08
1.416266340000000000e+08
1.013229250000000000e+08
1.402523690000000000e+08
1.416864550000000000e+08
1.495384800000000000e+08
1.500635800000000000e+08
1.012512260000000000e+08
1.430248480000000000e+08
1.015804270000000000e+08
1.416078980000000000e+08
1.492194960000000000e+08
1.411839010000000000e+08
1.502724470000000000e+08
1.485459390000000000e+08
1.499718280000000000e+08
1.414071490000000000e+08
1.067328690000000000e+08
1.405120850000000000e+08
1.430692610000000000e+08
1.317324410000000000e+08
1.411399460000000000e+08
1.495429470000000000e+08
1.491057640000000000e+08
1.056531890000000000e+08
1.061490760000000000e+08
1.503917400000000000e+08
1.485775560000000000e+08
1.408923730000000000e+08
1.442730610000000000e+08
1.434236500000000000e+07
1.516850740000000000e+08
1.499300840000000000e+08
1.491753960000000000e+08
1.503933020000000000e+08
1.399012550000000000e+08
1.402919780000000000e+08
1.494744940000000000e+08
1.015031280000000000e+08
1.496006390000000000e+08
1.015836590000000000e+08
1.442986710000000000e+08
1.494220870000000000e+08
1.063728000000000000e+08
1.014168820000000000e+08
1.494981980000000000e+08
1.417542910000000000e+08
1.504281350000000000e+08
1.454482570000000000e+08
1.464883460000000000e+08
1.011107490000000000e+08
1.011708790000000000e+08
1.434174900000000000e+07
1.321637430000000000e+08
1.417960570000000000e+08
1.068114030000000000e+08
1.500629310000000000e+08
1.417085460000000000e+08
1.057055950000000000e+08
1.419143170000000000e+08
1.398612730000000000e+08
1.035550940000000000e+08
1.006872000000000000e+06
1.058840660000000000e+08
1.414840550000000000e+08
1.324825890000000000e+08
1.501454380000000000e+08
1.493472960000000000e+08
1.031076440000000000e+08
1.493479920000000000e+08
1.420161190000000000e+08
1.334323460000000000e+08
1.464304260000000000e+08
1.413335730000000000e+08
1.067376720000000000e+08
1.530672000000000000e+06
1.441920170000000000e+08
1.323065480000000000e+08
1.490599540000000000e+08
1.533011000000000000e+06
1.420184640000000000e+08
1.060583650000000000e+08
1.441915630000000000e+08
1.246001440000000000e+08
1.218000940000000000e+08
1.412342010000000000e+08
1.485608120000000000e+08
1.416808370000000000e+08
1.245991230000000000e+08
1.503569030000000000e+08
1.441077590000000000e+08
1.520617080000000000e+08
1.008059000000000000e+06
1.400607860000000000e+08
1.408455480000000000e+08
1.500671040000000000e+08
1.501905240000000000e+08
1.441679310000000000e+08
1.412821360000000000e+08
1.516371950000000000e+08
1.015859570000000000e+08
1.065016620000000000e+08
1.408308740000000000e+08
1.064977400000000000e+08
1.502487620000000000e+08
1.491553600000000000e+08
1.411871260000000000e+08
1.449299890000000000e+08
1.406320370000000000e+08
1.409985220000000000e+08
1.490605860000000000e+08
1.015344870000000000e+08
1.403186280000000000e+08
1.505132760000000000e+08
1.031033910000000000e+08
1.024166840000000000e+08
1.502470390000000000e+08
1.441686790000000000e+08
1.414813110000000000e+08
1.015312860000000000e+08
1.420851920000000000e+08
1.416106610000000000e+08
1.503248410000000000e+08
1.013655520000000000e+08
1.503589910000000000e+08
1.434182500000000000e+07
1.520616570000000000e+08
1.062604910000000000e+08
1.491268100000000000e+08
1.493490370000000000e+08
1.455007980000000000e+08
1.406922800000000000e+08
1.455975610000000000e+08
1.485462050000000000e+08
1.493481010000000000e+08
1.503605510000000000e+08
1.347225800000000000e+08
1.414358160000000000e+08
1.441599300000000000e+08
1.441898040000000000e+08
1.411842070000000000e+08
1.063734690000000000e+08
1.420826420000000000e+08
1.058060940000000000e+08
1.503919080000000000e+08
1.063100100000000000e+08
1.014992860000000000e+08
1.418112610000000000e+08
1.329148370000000000e+08
1.414234160000000000e+08
1.472087020000000000e+08
1.499762760000000000e+08
1.397450260000000000e+08
1.066327760000000000e+08
1.412844110000000000e+08
