1.163703970000000000e+08
1.183020120000000000e+08
1.011668600000000000e+08
1.166222300000000000e+08
1.168925700000000000e+08
1.298226420000000000e+08
1.231769200000000000e+07
1.160083610000000000e+08
1.361169800000000000e+07
1.394284410000000000e+08
1.170331090000000000e+08
1.393778230000000000e+08
1.379918500000000000e+08
1.012564140000000000e+08
1.270943600000000000e+07
1.299943540000000000e+08
1.176164130000000000e+08
1.400769906000000000e+09
1.403460000000000000e+07
1.013493570000000000e+08
1.498526120000000000e+08
1.013481760000000000e+08
1.297580860000000000e+08
1.169888470000000000e+08
1.178047950000000000e+08
1.010361480000000000e+08
1.307948600000000000e+07
1.014078460000000000e+08
1.345907600000000000e+07
1.102400359000000000e+09
1.260948220000000000e+08
1.042081820000000000e+08
1.381181200000000000e+08
1.371587590000000000e+08
1.395550110000000000e+08
1.160118340000000000e+08
1.299795280000000000e+08
1.393725280000000000e+08
1.370235000000000000e+07
1.257371670000000000e+08
1.372026500000000000e+08
1.299030510000000000e+08
1.178116510000000000e+08
1.162150870000000000e+08
1.159152930000000000e+08
1.297582160000000000e+08
1.050820800000000000e+07
1.183353930000000000e+08
1.297897560000000000e+08
1.298223750000000000e+08
1.171690940000000000e+08
1.379100890000000000e+08
1.395347270000000000e+08
1.163734730000000000e+08
1.167595150000000000e+08
1.271282343000000000e+09
1.393736870000000000e+08
1.298709610000000000e+08
1.041941150000000000e+08
1.380177500000000000e+08
1.171717050000000000e+08
1.010953110000000000e+08
1.060877500000000000e+07
1.177557010000000000e+08
1.379934970000000000e+08
1.297602470000000000e+08
1.297903260000000000e+08
1.380542110000000000e+08
1.299050060000000000e+08
1.039528980000000000e+08
1.162178540000000000e+08
1.401014375000000000e+09
1.183913630000000000e+08
1.255450000000000000e+07
1.051038200000000000e+07
1.165002940000000000e+08
1.370008700000000000e+07
1.160054590000000000e+08
1.303255800000000000e+07
1.299107990000000000e+08
1.010316720000000000e+08
1.393553110000000000e+08
1.298178840000000000e+08
1.393788350000000000e+08
1.172598620000000000e+08
1.182968180000000000e+08
1.040586930000000000e+08
1.010342470000000000e+08
1.297908250000000000e+08
1.300587720000000000e+08
1.164071800000000000e+08
1.290940500000000000e+07
1.320143800000000000e+07
1.184215220000000000e+08
1.498505610000000000e+08
1.271262829000000000e+09
1.299870570000000000e+08
1.201194272000000000e+09
1.160057960000000000e+08
1.308935100000000000e+07
1.042120860000000000e+08
1.394067090000000000e+08
1.176555340000000000e+08
1.384010700000000000e+07
1.298189840000000000e+08
1.087778300000000000e+07
1.379120470000000000e+08
1.016383800000000000e+07
1.034488000000000000e+07
1.298691160000000000e+08
1.299068870000000000e+08
1.160083850000000000e+08
1.372087360000000000e+08
1.299064240000000000e+08
1.264616300000000000e+07
1.184190710000000000e+08
1.011339320000000000e+08
1.201228104000000000e+09
1.321127400000000000e+07
1.184443040000000000e+08
1.255799960000000000e+08
1.173202350000000000e+08
1.273740500000000000e+07
1.183359590000000000e+08
1.160073020000000000e+08
1.298993000000000000e+07
1.257346710000000000e+08
1.183348020000000000e+08
1.039520940000000000e+08
1.394272610000000000e+08
1.012191230000000000e+08
1.164032180000000000e+08
1.178094790000000000e+08
1.394287720000000000e+08
1.371621660000000000e+08
1.498532930000000000e+08
1.271318147000000000e+09
1.299075030000000000e+08
1.184209260000000000e+08
1.298205520000000000e+08
1.255803000000000000e+08
1.166216950000000000e+08
1.168893010000000000e+08
1.499825940000000000e+08
1.106669000000000000e+07
1.184188610000000000e+08
1.162702350000000000e+08
1.298269300000000000e+07
1.176598140000000000e+08
1.321110900000000000e+07
1.035249100000000000e+07
1.297854770000000000e+08
1.166151310000000000e+08
1.300643840000000000e+08
1.296866060000000000e+08
1.013029920000000000e+08
1.042803000000000000e+07
1.403486500000000000e+07
1.299835450000000000e+08
1.393522210000000000e+08
1.395792970000000000e+08
1.394618230000000000e+08
1.379625230000000000e+08
1.172627380000000000e+08
1.160556170000000000e+08
1.297593040000000000e+08
1.393721110000000000e+08
1.013493010000000000e+08
1.014059170000000000e+08
1.371181530000000000e+08
1.300644800000000000e+08
1.012174860000000000e+08
1.393774000000000000e+08
1.393531800000000000e+08
1.371218120000000000e+08
1.182972400000000000e+08
1.298704130000000000e+08
1.370862180000000000e+08
1.395603330000000000e+08
1.257556440000000000e+08
1.177563400000000000e+08
1.394279170000000000e+08
1.172697530000000000e+08
1.395302000000000000e+08
1.171755280000000000e+08
1.012203130000000000e+08
1.162698920000000000e+08
1.166230960000000000e+08
1.282816200000000000e+07
1.011310390000000000e+08
1.010932900000000000e+08
1.012193570000000000e+08
1.395606920000000000e+08
1.201330483000000000e+09
1.394642170000000000e+08
1.401020355000000000e+09
1.010000820000000000e+08
1.184417670000000000e+08
1.174033750000000000e+08
1.300873710000000000e+08
1.379119170000000000e+08
1.012593810000000000e+08
1.384099300000000000e+07
1.318854800000000000e+07
1.380527120000000000e+08
1.174898740000000000e+08
1.013035180000000000e+08
1.260595190000000000e+08
1.395548010000000000e+08
1.370572540000000000e+08
1.040325260000000000e+08
1.040292860000000000e+08
1.010320490000000000e+08
1.260274960000000000e+08
1.013472280000000000e+08
1.380211410000000000e+08
1.013487490000000000e+08
1.271341297000000000e+09
1.164892820000000000e+08
1.201246764000000000e+09
1.011315910000000000e+08
1.401081864000000000e+09
1.040351420000000000e+08
1.013034320000000000e+08
1.012194280000000000e+08
1.379650870000000000e+08
1.263649600000000000e+07
1.040246360000000000e+08
1.271218438000000000e+09
1.160556860000000000e+08
1.307902000000000000e+07
1.201199133000000000e+09
1.264753400000000000e+07
1.260233020000000000e+08
1.184436120000000000e+08
1.168471950000000000e+08
1.380179720000000000e+08
1.201246763000000000e+09
1.300843350000000000e+08
1.371613740000000000e+08
1.161308900000000000e+08
1.379653630000000000e+08
1.379094270000000000e+08
1.299081890000000000e+08
1.079065500000000000e+07
1.260972000000000000e+08
1.394600490000000000e+08
1.499049390000000000e+08
1.043193590000000000e+08
1.395309660000000000e+08
1.380520480000000000e+08
1.274568700000000000e+07
1.175277240000000000e+08
1.173092830000000000e+08
1.171740610000000000e+08
1.042619100000000000e+07
1.300875740000000000e+08
1.394080970000000000e+08
1.393539270000000000e+08
1.302964700000000000e+07
1.013048120000000000e+08
1.182983570000000000e+08
1.041527180000000000e+08
1.381165920000000000e+08
1.183019270000000000e+08
1.274638800000000000e+07
1.133377500000000000e+07
1.168844150000000000e+08
1.395310440000000000e+08
1.299906640000000000e+08
1.013010840000000000e+08
1.050674800000000000e+07
1.299859300000000000e+08
1.297896410000000000e+08
1.168897790000000000e+08
1.014065440000000000e+08
1.393788340000000000e+08
1.298643230000000000e+08
1.163742650000000000e+08
1.393762500000000000e+08
1.115980200000000000e+07
1.166115740000000000e+08
1.160506850000000000e+08
1.297602460000000000e+08
1.298187600000000000e+08
1.393523600000000000e+08
1.336080400000000000e+07
1.232548600000000000e+07
1.231717300000000000e+07
1.400770435000000000e+09
1.043121080000000000e+08
1.400807589000000000e+09
1.011339410000000000e+08
1.361537000000000000e+07
1.498592220000000000e+08
1.326025700000000000e+07
1.376746800000000000e+07
1.168889640000000000e+08
1.183897000000000000e+08
1.040299950000000000e+08
1.271365948000000000e+09
1.394056210000000000e+08
1.162737160000000000e+08
1.183005070000000000e+08
1.395564960000000000e+08
1.182988130000000000e+08
1.171754550000000000e+08
1.178064040000000000e+08
1.393736860000000000e+08
1.011667760000000000e+08
1.380541980000000000e+08
1.395550100000000000e+08
1.035253300000000000e+07
1.300594920000000000e+08
1.307883800000000000e+07
1.164032990000000000e+08
1.097389500000000000e+07
1.499835070000000000e+08
1.299901550000000000e+08
1.178057880000000000e+08
1.370572380000000000e+08
1.171676290000000000e+08
1.257360500000000000e+08
1.346036300000000000e+07
1.174009080000000000e+08
1.013487880000000000e+08
1.183907510000000000e+08
1.012615030000000000e+08
1.394620240000000000e+08
1.163703910000000000e+08
1.011688220000000000e+08
1.169891630000000000e+08
1.183027620000000000e+08
1.300623690000000000e+08
1.290636300000000000e+07
1.371188330000000000e+08
1.011646780000000000e+08
1.298679750000000000e+08
1.183892300000000000e+08
1.394609370000000000e+08
1.010312520000000000e+08
1.201307286000000000e+09
1.498511530000000000e+08
1.393732440000000000e+08
1.271130540000000000e+09
1.370177400000000000e+07
1.299818120000000000e+08
1.372057770000000000e+08
1.404005000000000000e+07
1.011665370000000000e+08
1.042042340000000000e+08
1.401081862000000000e+09
1.168453840000000000e+08
1.201246068000000000e+09
1.010918310000000000e+08
1.183015760000000000e+08
1.395082250000000000e+08
1.039485210000000000e+08
1.393538200000000000e+08
1.301547360000000000e+08
1.201292734000000000e+09
1.012199780000000000e+08
1.298211150000000000e+08
1.274614900000000000e+07
1.043092320000000000e+08
1.346193500000000000e+07
1.178052780000000000e+08
1.372074840000000000e+08
1.016139700000000000e+07
1.297866900000000000e+08
1.395596970000000000e+08
1.260237650000000000e+08
1.178698110000000000e+08
1.372062150000000000e+08
1.381120640000000000e+08
1.014074580000000000e+08
1.012204580000000000e+08
1.395026900000000000e+08
1.296851750000000000e+08
1.379939910000000000e+08
1.298957100000000000e+07
1.499782960000000000e+08
1.380209410000000000e+08
1.395365520000000000e+08
1.393721880000000000e+08
1.013513030000000000e+08
1.380489470000000000e+08
1.168461220000000000e+08
1.164117280000000000e+08
1.401020353000000000e+09
1.201228154000000000e+09
1.371562340000000000e+08
1.040275180000000000e+08
1.260631940000000000e+08
1.298165990000000000e+08
1.013023250000000000e+08
1.199536800000000000e+07
1.298170180000000000e+08
1.012558490000000000e+08
1.380160240000000000e+08
1.060424700000000000e+07
1.173254180000000000e+08
1.300589110000000000e+08
1.014088090000000000e+08
1.381142470000000000e+08
1.087256500000000000e+07
1.201291460000000000e+09
1.260629920000000000e+08
1.184179290000000000e+08
1.372072720000000000e+08
1.182997750000000000e+08
1.394656190000000000e+08
1.011668020000000000e+08
1.393531810000000000e+08
1.178690420000000000e+08
1.299148000000000000e+08
1.014071210000000000e+08
1.011299940000000000e+08
1.499259610000000000e+08
1.231587600000000000e+07
1.300899260000000000e+08
1.328531800000000000e+07
1.257387900000000000e+08
1.393754250000000000e+08
1.199681400000000000e+07
1.352369600000000000e+07
1.371259710000000000e+08
1.300646640000000000e+08
1.395329260000000000e+08
1.273482400000000000e+07
1.222192500000000000e+07
1.370570850000000000e+08
1.381166300000000000e+08
1.010335800000000000e+08
1.401126559000000000e+09
1.371195210000000000e+08
1.299943780000000000e+08
1.299901710000000000e+08
1.173140670000000000e+08
1.012560590000000000e+08
1.160053440000000000e+08
1.498514960000000000e+08
1.183923450000000000e+08
1.372660480000000000e+08
1.010361630000000000e+08
1.182711660000000000e+08
1.371241050000000000e+08
1.171127310000000000e+08
1.042235800000000000e+07
1.257567250000000000e+08
1.299122300000000000e+08
1.381122620000000000e+08
1.012585560000000000e+08
1.160591750000000000e+08
1.395581170000000000e+08
1.297904980000000000e+08
1.307947200000000000e+07
1.183902300000000000e+08
1.371592590000000000e+08
1.175009510000000000e+08
1.011331310000000000e+08
1.498579010000000000e+08
1.400994843000000000e+09
1.297899400000000000e+08
1.298202250000000000e+08
1.371618610000000000e+08
1.271368020000000000e+09
1.498585880000000000e+08
1.176147020000000000e+08
1.400707369000000000e+09
1.247986700000000000e+07
1.352937200000000000e+07
1.011301000000000000e+08
1.498557630000000000e+08
1.286809800000000000e+07
1.257375870000000000e+08
1.011288300000000000e+08
1.381252610000000000e+08
1.380203620000000000e+08
1.300844460000000000e+08
1.041428310000000000e+08
1.297618260000000000e+08
1.040289310000000000e+08
1.182971690000000000e+08
1.297610490000000000e+08
1.016151700000000000e+07
1.183351100000000000e+08
1.328408800000000000e+07
1.370575290000000000e+08
1.379608680000000000e+08
1.013052000000000000e+08
1.380159530000000000e+08
1.394311410000000000e+08
1.201200652000000000e+09
1.115497300000000000e+07
1.499263460000000000e+08
1.379906620000000000e+08
1.010362940000000000e+08
1.182958080000000000e+08
1.299935100000000000e+08
1.379905750000000000e+08
1.394087620000000000e+08
1.297614210000000000e+08
1.379926410000000000e+08
1.163744170000000000e+08
1.182710730000000000e+08
1.133456300000000000e+07
1.255010100000000000e+07
1.169880320000000000e+08
1.321283600000000000e+07
1.383993100000000000e+07
1.379923030000000000e+08
1.174931540000000000e+08
1.260279130000000000e+08
1.201228157000000000e+09
1.041485170000000000e+08
1.297891100000000000e+08
1.184220700000000000e+08
1.171791620000000000e+08
1.297589010000000000e+08
1.271314855000000000e+09
1.096984300000000000e+07
1.401045351000000000e+09
1.498511480000000000e+08
1.163741840000000000e+08
1.041506360000000000e+08
1.380196240000000000e+08
1.372008140000000000e+08
1.299828710000000000e+08
1.167209370000000000e+08
1.297906770000000000e+08
1.401120538000000000e+09
1.379634170000000000e+08
1.299014490000000000e+08
1.395109900000000000e+07
1.011274530000000000e+08
1.175207340000000000e+08
1.043179260000000000e+08
1.183002800000000000e+08
1.401023908000000000e+09
1.011677440000000000e+08
1.163757200000000000e+08
1.162117910000000000e+08
1.400801643000000000e+09
1.299832380000000000e+08
1.133268900000000000e+07
1.499046400000000000e+08
1.164057990000000000e+08
1.087082600000000000e+07
1.011321520000000000e+08
1.160627030000000000e+08
1.255804060000000000e+08
1.183335820000000000e+08
1.379598220000000000e+08
1.183380740000000000e+08
1.298212990000000000e+08
1.372636950000000000e+08
1.182980290000000000e+08
1.271173100000000000e+07
1.394282490000000000e+08
1.393525830000000000e+08
1.260986880000000000e+08
1.271359291000000000e+09
1.380210550000000000e+08
1.011272740000000000e+08
1.173178330000000000e+08
1.319490800000000000e+07
1.260624510000000000e+08
1.379623060000000000e+08
1.162676310000000000e+08
1.176222180000000000e+08
1.182983940000000000e+08
1.394075960000000000e+08
1.176182580000000000e+08
1.167623460000000000e+08
1.042110090000000000e+08
1.298663600000000000e+08
1.298189970000000000e+08
1.171163690000000000e+08
1.011669190000000000e+08
1.393767750000000000e+08
1.171102850000000000e+08
1.183024830000000000e+08
1.299136510000000000e+08
1.400714115000000000e+09
1.499259060000000000e+08
1.184186990000000000e+08
1.168903310000000000e+08
1.043104180000000000e+08
1.171789350000000000e+08
1.394055090000000000e+08
1.300889530000000000e+08
1.165502250000000000e+08
1.297567550000000000e+08
1.012208760000000000e+08
1.271268578000000000e+09
1.041515620000000000e+08
1.011339300000000000e+08
1.160586780000000000e+08
1.012230280000000000e+08
1.296893010000000000e+08
1.164961240000000000e+08
1.499220900000000000e+08
1.299038000000000000e+08
1.169919770000000000e+08
1.302515200000000000e+07
1.394071420000000000e+08
1.379632530000000000e+08
1.393782100000000000e+08
1.042249800000000000e+07
1.160529110000000000e+08
1.296858100000000000e+08
1.177531990000000000e+08
1.257556860000000000e+08
1.499058020000000000e+08
1.499791100000000000e+08
1.260639760000000000e+08
1.395074740000000000e+08
1.039461510000000000e+08
1.182986640000000000e+08
1.165539190000000000e+08
1.300602510000000000e+08
1.395098420000000000e+08
1.380520450000000000e+08
1.327012800000000000e+07
1.123678900000000000e+07
1.010324720000000000e+08
1.173975060000000000e+08
1.299063880000000000e+08
1.012575600000000000e+08
1.299139970000000000e+08
1.297586400000000000e+08
1.380178790000000000e+08
1.326713300000000000e+07
1.183927360000000000e+08
1.010314430000000000e+08
1.297581360000000000e+08
1.302623400000000000e+07
1.394602450000000000e+08
1.394026520000000000e+08
1.168486020000000000e+08
1.297857480000000000e+08
1.299800650000000000e+08
1.379124630000000000e+08
1.394051530000000000e+08
1.379129350000000000e+08
1.300847320000000000e+08
1.299936110000000000e+08
1.169890360000000000e+08
1.498525750000000000e+08
1.335194100000000000e+07
1.183916160000000000e+08
1.308144400000000000e+07
1.013028340000000000e+08
1.499090920000000000e+08
1.297897540000000000e+08
1.013030980000000000e+08
1.380170580000000000e+08
1.301554820000000000e+08
1.260251350000000000e+08
1.184427390000000000e+08
1.395585870000000000e+08
1.300838550000000000e+08
1.380501790000000000e+08
1.257374840000000000e+08
1.297562590000000000e+08
1.011673080000000000e+08
1.271237667000000000e+09
1.346802300000000000e+07
1.394297970000000000e+08
1.041435630000000000e+08
1.162099660000000000e+08
1.132504000000000000e+07
1.400921376000000000e+09
1.039464540000000000e+08
1.182973370000000000e+08
1.183887640000000000e+08
1.162116320000000000e+08
1.300898500000000000e+08
1.379648380000000000e+08
1.297574470000000000e+08
1.260280990000000000e+08
1.393738450000000000e+08
1.371569090000000000e+08
1.299049950000000000e+08
1.301572720000000000e+08
1.380542760000000000e+08
1.010374440000000000e+08
1.271265755000000000e+09
1.171770380000000000e+08
1.013496980000000000e+08
1.210820800000000000e+07
1.159172990000000000e+08
1.201360406000000000e+09
1.176545990000000000e+08
1.260240530000000000e+08
1.393735130000000000e+08
1.271325892000000000e+09
1.395312180000000000e+08
1.132965700000000000e+07
1.171157950000000000e+08
1.381138840000000000e+08
1.299122350000000000e+08
1.298157740000000000e+08
1.183380750000000000e+08
1.298182440000000000e+08
1.371220900000000000e+08
1.183024540000000000e+08
1.176563420000000000e+08
1.041497770000000000e+08
1.012175790000000000e+08
1.011686420000000000e+08
1.379068100000000000e+08
1.393522590000000000e+08
1.299021350000000000e+08
1.395351400000000000e+08
1.211438400000000000e+07
1.300881880000000000e+08
1.404655800000000000e+07
1.499216910000000000e+08
1.167606540000000000e+08
1.201247611000000000e+09
1.345025800000000000e+07
1.012202990000000000e+08
1.282845800000000000e+07
1.370810230000000000e+08
1.394318420000000000e+08
1.183922640000000000e+08
1.376686700000000000e+07
1.394766900000000000e+07
1.299130610000000000e+08
1.143448800000000000e+07
1.260590160000000000e+08
1.394088990000000000e+08
1.013070800000000000e+08
1.201189881000000000e+09
1.394637140000000000e+08
1.184219930000000000e+08
1.175308960000000000e+08
1.013007810000000000e+08
1.394296070000000000e+08
1.394066040000000000e+08
1.271099623000000000e+09
1.014049330000000000e+08
1.370862550000000000e+08
1.380196880000000000e+08
1.143206800000000000e+07
1.327648700000000000e+07
1.160618180000000000e+08
1.395063320000000000e+08
1.010957190000000000e+08
1.394068940000000000e+08
1.298180370000000000e+08
1.102418286000000000e+09
1.499220110000000000e+08
1.040289390000000000e+08
1.499771710000000000e+08
1.013494970000000000e+08
1.260632860000000000e+08
1.040313900000000000e+08
1.260604340000000000e+08
1.381168460000000000e+08
1.263377200000000000e+07
1.175026290000000000e+08
1.299120900000000000e+08
1.182989890000000000e+08
1.040585750000000000e+08
1.035522600000000000e+07
1.165563990000000000e+08
1.394630810000000000e+08
1.298213870000000000e+08
1.160529480000000000e+08
1.298655300000000000e+08
1.161376510000000000e+08
1.175021800000000000e+08
1.182961010000000000e+08
1.372659700000000000e+08
1.182711890000000000e+08
1.184177180000000000e+08
1.362078200000000000e+07
1.012612610000000000e+08
1.183923070000000000e+08
1.264762000000000000e+07
1.299862870000000000e+08
1.167549720000000000e+08
1.176177780000000000e+08
1.163703280000000000e+08
1.394633980000000000e+08
1.174962640000000000e+08
1.011287850000000000e+08
1.164039800000000000e+08
1.012222570000000000e+08
1.338905900000000000e+07
1.296870700000000000e+08
1.346832300000000000e+07
1.255710200000000000e+07
1.182708060000000000e+08
1.297884990000000000e+08
1.283359600000000000e+07
1.394280350000000000e+08
1.012598250000000000e+08
1.393542720000000000e+08
1.383924600000000000e+07
1.299923890000000000e+08
1.143732500000000000e+07
1.133542100000000000e+07
1.050652100000000000e+07
1.372059220000000000e+08
1.299923350000000000e+08
1.395331740000000000e+08
1.298649970000000000e+08
1.012179280000000000e+08
1.371627140000000000e+08
1.299850930000000000e+08
1.184419900000000000e+08
1.168501310000000000e+08
1.200258600000000000e+07
1.371587280000000000e+08
1.303753400000000000e+07
1.299084510000000000e+08
1.395797890000000000e+08
1.299795590000000000e+08
1.499039020000000000e+08
1.371577020000000000e+08
1.401134542000000000e+09
1.210481000000000000e+07
1.115511000000000000e+07
1.370578130000000000e+08
1.327941800000000000e+07
1.163733080000000000e+08
1.298434200000000000e+07
1.166193450000000000e+08
1.013501440000000000e+08
1.042540400000000000e+07
1.086826700000000000e+07
1.260954970000000000e+08
1.260596150000000000e+08
1.379876600000000000e+08
1.039468200000000000e+08
1.379667040000000000e+08
1.379899900000000000e+08
1.380171010000000000e+08
1.297576590000000000e+08
1.379085280000000000e+08
1.404524700000000000e+07
1.395367070000000000e+08
1.011666500000000000e+08
1.260639420000000000e+08
1.271355422000000000e+09
1.178050560000000000e+08
1.380195890000000000e+08
1.173178180000000000e+08
1.060529700000000000e+07
1.300586670000000000e+08
1.395566710000000000e+08
1.173979400000000000e+08
1.043104220000000000e+08
1.299016230000000000e+08
1.299102470000000000e+08
1.041520570000000000e+08
1.296855750000000000e+08
1.264372600000000000e+07
1.177511580000000000e+08
1.011664180000000000e+08
1.011637270000000000e+08
1.183020180000000000e+08
1.013039040000000000e+08
1.298682570000000000e+08
1.013497960000000000e+08
1.014081630000000000e+08
1.299079160000000000e+08
1.298236700000000000e+07
1.394075880000000000e+08
1.299135350000000000e+08
1.371599400000000000e+08
1.260623930000000000e+08
1.166219970000000000e+08
1.160140940000000000e+08
1.164982040000000000e+08
1.300609280000000000e+08
1.273665500000000000e+07
1.123354200000000000e+07
1.499201490000000000e+08
1.370866170000000000e+08
1.133703200000000000e+07
1.182961570000000000e+08
1.183019500000000000e+08
1.012187030000000000e+08
1.372628750000000000e+08
1.210583900000000000e+07
1.379089610000000000e+08
1.395081140000000000e+08
1.115886700000000000e+07
1.370849230000000000e+08
1.299068550000000000e+08
1.379082650000000000e+08
1.499091210000000000e+08
1.298656030000000000e+08
1.303610900000000000e+07
1.370805170000000000e+08
1.014074790000000000e+08
1.173976190000000000e+08
1.183374820000000000e+08
1.175025680000000000e+08
1.011665000000000000e+08
1.160586050000000000e+08
1.175020800000000000e+08
1.335215900000000000e+07
1.282420900000000000e+07
1.171111900000000000e+08
1.176139200000000000e+08
1.379120380000000000e+08
1.273713800000000000e+07
1.394602030000000000e+08
1.380183580000000000e+08
1.298229160000000000e+08
1.183019250000000000e+08
1.201286482000000000e+09
1.184182850000000000e+08
1.300653550000000000e+08
