1.410964920000000000e+08
1.317690000000000000e+05
1.411529270000000000e+08
1.215551920000000000e+08
1.503919880000000000e+08
1.280787180000000000e+08
1.411275430000000000e+08
1.500288330000000000e+08
1.418086750000000000e+08
1.503937960000000000e+08
1.254217940000000000e+08
1.406310500000000000e+08
1.536470000000000000e+05
1.499309460000000000e+08
1.408316710000000000e+08
1.499136470000000000e+08
1.194622630000000000e+08
1.406914630000000000e+08
1.219819930000000000e+08
1.503215120000000000e+08
1.074616670000000000e+08
1.416868040000000000e+08
1.412788100000000000e+08
1.072504260000000000e+08
1.503199030000000000e+08
1.491014110000000000e+08
1.263140000000000000e+05
1.502746490000000000e+08
1.499705990000000000e+08
1.269791580000000000e+08
1.413345550000000000e+08
1.544449000000000000e+07
1.421087460000000000e+08
1.416695510000000000e+08
1.273151020000000000e+08
1.491217280000000000e+08
1.420868130000000000e+08
1.412686900000000000e+08
1.213259800000000000e+07
1.419457500000000000e+08
1.418226250000000000e+08
1.418093590000000000e+08
1.254057510000000000e+08
1.417083370000000000e+08
1.254015890000000000e+08
1.413405800000000000e+08
1.019053190000000000e+08
1.537473900000000000e+07
1.502496790000000000e+08
1.075115460000000000e+08
1.485522020000000000e+08
1.419419860000000000e+08
1.282147660000000000e+08
1.411870820000000000e+08
1.493516790000000000e+08
1.414072010000000000e+08
1.405993770000000000e+08
1.500666310000000000e+08
1.393694360000000000e+08
1.414107890000000000e+08
1.480194260000000000e+08
1.214762950000000000e+08
1.502746320000000000e+08
1.270287510000000000e+08
1.500302500000000000e+08
1.503896030000000000e+08
1.411230490000000000e+08
1.120789660000000000e+08
1.220834520000000000e+08
1.500295020000000000e+08
1.284153390000000000e+08
1.294736390000000000e+08
1.224594550000000000e+08
1.018687590000000000e+08
1.227970000000000000e+05
1.419129030000000000e+08
1.499306560000000000e+08
1.496287950000000000e+08
1.486980000000000000e+05
1.491759360000000000e+08
1.493913350000000000e+08
1.416218850000000000e+08
1.503598830000000000e+08
1.505131940000000000e+08
1.412109490000000000e+08
1.485512900000000000e+08
1.414715220000000000e+08
1.495396210000000000e+08
1.416251590000000000e+08
1.215248510000000000e+08
1.486456350000000000e+08
1.414112010000000000e+08
1.072847150000000000e+08
1.408280090000000000e+08
1.421449150000000000e+08
1.415436200000000000e+08
1.409388020000000000e+08
1.218457920000000000e+08
1.387280000000000000e+05
1.408985750000000000e+08
1.285382490000000000e+08
1.503581700000000000e+08
1.502497280000000000e+08
1.500316240000000000e+08
1.421105360000000000e+08
1.419777950000000000e+08
1.410289660000000000e+08
1.420145030000000000e+08
1.406591720000000000e+08
1.121792040000000000e+08
1.405986290000000000e+08
1.214108210000000000e+08
1.421449690000000000e+08
1.284089000000000000e+08
1.421051680000000000e+08
1.480804700000000000e+08
1.499309480000000000e+08
1.419759260000000000e+08
1.405121260000000000e+08
1.500990790000000000e+08
1.503579350000000000e+08
1.491210860000000000e+08
1.257802760000000000e+08
1.225527260000000000e+08
1.408915970000000000e+08
1.409685430000000000e+08
1.501407230000000000e+08
1.405985420000000000e+08
1.416853430000000000e+08
1.416079720000000000e+08
1.480168930000000000e+08
1.504306160000000000e+08
1.496642540000000000e+08
1.487729580000000000e+08
1.420824670000000000e+08
1.405795370000000000e+08
1.503618030000000000e+08
1.490373740000000000e+08
1.349470000000000000e+05
1.499763950000000000e+08
1.491207060000000000e+08
1.494729150000000000e+08
1.408018980000000000e+08
1.493910100000000000e+08
1.420860910000000000e+08
1.218492280000000000e+08
1.501880970000000000e+08
1.411877190000000000e+08
1.420186970000000000e+08
1.416829210000000000e+08
1.443000000000000000e+04
1.216266390000000000e+08
1.504318390000000000e+08
1.286242340000000000e+08
1.491020060000000000e+08
1.280779480000000000e+08
1.494231030000000000e+08
1.504300440000000000e+08
1.414084450000000000e+08
1.072877110000000000e+08
1.072233180000000000e+08
1.292318370000000000e+08
1.213514880000000000e+08
1.418100800000000000e+08
1.500625270000000000e+08
1.414233710000000000e+08
1.217925880000000000e+08
1.220526560000000000e+08
1.493918780000000000e+08
1.504418000000000000e+08
1.258317560000000000e+08
1.494201490000000000e+08
1.414794120000000000e+08
1.532660000000000000e+05
1.495727200000000000e+08
1.414246430000000000e+08
1.412839210000000000e+08
1.019644130000000000e+08
1.499337760000000000e+08
1.494242640000000000e+08
1.491800880000000000e+08
1.503936230000000000e+08
1.405284110000000000e+08
1.501667210000000000e+08
1.219782700000000000e+08
1.414236340000000000e+08
1.272054640000000000e+08
1.492165510000000000e+08
1.022221140000000000e+08
1.493028250000000000e+08
1.283490970000000000e+08
1.448260000000000000e+05
1.504287030000000000e+08
1.272462090000000000e+08
1.405295550000000000e+08
1.504408600000000000e+08
1.405980470000000000e+08
1.019041710000000000e+08
1.491260600000000000e+08
1.416211580000000000e+08
1.288927860000000000e+08
1.486055190000000000e+08
1.417680400000000000e+08
1.494234330000000000e+08
1.421077590000000000e+08
1.503569670000000000e+08
1.501912580000000000e+08
1.503897600000000000e+08
1.411210800000000000e+08
1.501056130000000000e+08
1.416100500000000000e+08
1.117824530000000000e+08
1.428119340000000000e+08
1.405291990000000000e+08
1.314117600000000000e+08
1.219279470000000000e+08
1.279546350000000000e+08
1.072858220000000000e+08
1.075483050000000000e+08
1.410281980000000000e+08
1.499316030000000000e+08
1.415437440000000000e+08
1.494788460000000000e+08
1.418697240000000000e+08
1.414132190000000000e+08
1.419439410000000000e+08
1.417694340000000000e+08
1.503617680000000000e+08
1.416112760000000000e+08
1.503950610000000000e+08
1.432780000000000000e+05
1.075107840000000000e+08
1.412788880000000000e+08
1.409964210000000000e+08
1.314289860000000000e+08
1.493484200000000000e+08
1.416114890000000000e+08
1.504422640000000000e+08
1.118200000000000000e+04
1.222880280000000000e+08
1.420175090000000000e+08
1.254022800000000000e+08
1.418652010000000000e+08
1.501418130000000000e+08
1.407977860000000000e+08
1.420541590000000000e+08
1.396590000000000000e+05
1.406896530000000000e+08
1.493464180000000000e+08
1.421089490000000000e+08
1.419124690000000000e+08
1.499881040000000000e+08
1.496301600000000000e+08
1.277294940000000000e+08
1.420843060000000000e+08
1.406629080000000000e+08
1.499300840000000000e+08
1.408923730000000000e+08
1.503917400000000000e+08
1.248378470000000000e+08
1.496006390000000000e+08
1.073982790000000000e+08
1.494744940000000000e+08
1.503933020000000000e+08
1.258803780000000000e+08
1.504281350000000000e+08
1.417542910000000000e+08
1.494981980000000000e+08
1.419143170000000000e+08
1.417085460000000000e+08
1.073771160000000000e+08
1.289822600000000000e+08
1.495384800000000000e+08
1.500635800000000000e+08
1.405120850000000000e+08
1.481585400000000000e+08
1.503898130000000000e+08
1.414071490000000000e+08
1.499718280000000000e+08
1.502724470000000000e+08
1.411839010000000000e+08
1.416078980000000000e+08
1.019673300000000000e+08
1.495429470000000000e+08
1.419612250000000000e+08
1.421485870000000000e+08
1.072892730000000000e+08
1.073102230000000000e+08
1.491057640000000000e+08
1.257308420000000000e+08
1.492165320000000000e+08
1.495391010000000000e+08
1.494975790000000000e+08
1.411811360000000000e+08
1.406356670000000000e+08
1.211983990000000000e+08
1.281195400000000000e+08
1.501656570000000000e+08
1.503247870000000000e+08
1.418117560000000000e+08
1.418230410000000000e+08
1.075079620000000000e+08
1.491549270000000000e+08
1.504399890000000000e+08
1.416864550000000000e+08
1.416266340000000000e+08
1.411876250000000000e+08
1.499732810000000000e+08
1.223948520000000000e+08
1.410308250000000000e+08
1.416256050000000000e+08
1.491794510000000000e+08
1.414856600000000000e+08
1.500995110000000000e+08
1.406638850000000000e+08
1.223599040000000000e+08
1.503196390000000000e+08
1.413347930000000000e+08
1.420521870000000000e+08
1.419614700000000000e+08
1.493906480000000000e+08
1.505138240000000000e+08
1.409404930000000000e+08
1.493907100000000000e+08
1.018274320000000000e+08
1.416834010000000000e+08
1.257435670000000000e+08
1.289816370000000000e+08
1.414358180000000000e+08
1.408283330000000000e+08
1.118351350000000000e+08
1.118402970000000000e+08
1.482578710000000000e+08
1.419613740000000000e+08
1.119461960000000000e+08
1.411842070000000000e+08
1.276702580000000000e+08
1.500646950000000000e+08
1.420856490000000000e+08
1.420826420000000000e+08
1.414234160000000000e+08
1.254059970000000000e+08
1.418112610000000000e+08
1.503919080000000000e+08
1.412844110000000000e+08
1.499762760000000000e+08
1.414813110000000000e+08
1.502470390000000000e+08
1.505132760000000000e+08
1.479855560000000000e+08
1.503589910000000000e+08
1.503248410000000000e+08
1.416106610000000000e+08
1.420851920000000000e+08
1.211962260000000000e+08
1.494989820000000000e+08
1.418676270000000000e+08
1.254026540000000000e+08
1.295528140000000000e+08
1.414358160000000000e+08
1.503605510000000000e+08
1.493481010000000000e+08
1.406922800000000000e+08
1.499738790000000000e+08
1.018267930000000000e+08
1.496310350000000000e+08
1.287469890000000000e+08
1.270249850000000000e+08
1.019396280000000000e+08
1.288353770000000000e+08
1.420486910000000000e+08
1.503569030000000000e+08
1.314326440000000000e+08
1.416808370000000000e+08
1.406320370000000000e+08
1.411871260000000000e+08
1.491553600000000000e+08
1.502487620000000000e+08
1.408308740000000000e+08
1.259883240000000000e+08
1.420816740000000000e+08
1.412821360000000000e+08
1.501905240000000000e+08
1.490605860000000000e+08
1.409985220000000000e+08
1.493472960000000000e+08
1.212508270000000000e+08
1.501454380000000000e+08
1.414840550000000000e+08
1.420161190000000000e+08
1.493479920000000000e+08
1.413335730000000000e+08
1.420184640000000000e+08
1.073759850000000000e+08
1.537174000000000000e+07
1.259908160000000000e+08
1.417661440000000000e+08
1.500628830000000000e+08
1.410281640000000000e+08
1.210596860000000000e+08
1.411546380000000000e+08
1.421438860000000000e+08
1.491027280000000000e+08
1.503896690000000000e+08
1.413444570000000000e+08
1.503919970000000000e+08
1.216329290000000000e+08
1.421051050000000000e+08
1.029950000000000000e+05
1.414791740000000000e+08
1.248587660000000000e+08
1.405982250000000000e+08
1.121031930000000000e+08
1.480843800000000000e+08
1.280793740000000000e+08
1.406001470000000000e+08
1.419094440000000000e+08
1.536390000000000000e+07
1.492191450000000000e+08
1.501890700000000000e+08
1.496035240000000000e+08
1.417706090000000000e+08
1.504380410000000000e+08
1.220816280000000000e+08
1.406593500000000000e+08
1.291190370000000000e+08
1.405794300000000000e+08
1.280774410000000000e+08
1.502985730000000000e+08
1.210100000000000000e+05
1.495400130000000000e+08
1.500987770000000000e+08
1.279553340000000000e+08
1.278617220000000000e+08
1.409716660000000000e+08
1.408280630000000000e+08
1.419102980000000000e+08
1.499765350000000000e+08
1.483057660000000000e+08
1.405804970000000000e+08
1.492481960000000000e+08
1.503898530000000000e+08
1.416238660000000000e+08
1.493504470000000000e+08
1.299570220000000000e+08
1.277317490000000000e+08
1.284930000000000000e+05
1.501891530000000000e+08
1.416280190000000000e+08
1.503598920000000000e+08
1.491227060000000000e+08
1.218409400000000000e+08
1.076112170000000000e+08
1.406357780000000000e+08
1.492531400000000000e+08
1.118692690000000000e+08
1.420528260000000000e+08
1.419134870000000000e+08
1.414849810000000000e+08
1.406623050000000000e+08
1.224565360000000000e+08
1.282886580000000000e+08
1.418081690000000000e+08
1.418097290000000000e+08
1.075475590000000000e+08
1.133504160000000000e+08
1.259294520000000000e+08
1.503617370000000000e+08
1.502740710000000000e+08
1.074012940000000000e+08
1.503006540000000000e+08
1.503208910000000000e+08
1.121022320000000000e+08
1.213287200000000000e+07
1.421441620000000000e+08
1.500982910000000000e+08
1.496290430000000000e+08
1.409972420000000000e+08
1.412815260000000000e+08
1.500988600000000000e+08
1.494979930000000000e+08
1.490402340000000000e+08
1.405774060000000000e+08
1.209835500000000000e+07
1.489330000000000000e+05
1.501053720000000000e+08
1.411529310000000000e+08
1.502726460000000000e+08
1.420148310000000000e+08
1.420175870000000000e+08
1.421431150000000000e+08
1.499900980000000000e+08
1.491612000000000000e+08
1.410247240000000000e+08
1.409983370000000000e+08
1.503229910000000000e+08
1.503600850000000000e+08
1.313510180000000000e+08
1.502497370000000000e+08
1.212405210000000000e+08
1.225500100000000000e+08
1.110270000000000000e+05
1.501428060000000000e+08
1.500296710000000000e+08
1.481529790000000000e+08
1.493060000000000000e+05
1.501066010000000000e+08
1.257404910000000000e+08
1.419756200000000000e+08
1.419796960000000000e+08
1.416246590000000000e+08
1.411534720000000000e+08
1.257427740000000000e+08
1.052450000000000000e+05
1.499134190000000000e+08
1.250725850000000000e+08
1.496014510000000000e+08
1.504370650000000000e+08
1.410297870000000000e+08
1.505135910000000000e+08
1.495395520000000000e+08
1.411851420000000000e+08
1.405787910000000000e+08
1.419437230000000000e+08
1.407974640000000000e+08
1.419102910000000000e+08
1.314085540000000000e+08
1.393716000000000000e+08
1.408024790000000000e+08
1.493025070000000000e+08
1.499879400000000000e+08
1.501053500000000000e+08
1.217799610000000000e+08
1.501641240000000000e+08
1.076544410000000000e+08
1.492152620000000000e+08
1.421423160000000000e+08
1.406873820000000000e+08
1.298973110000000000e+08
1.214075510000000000e+08
1.220534030000000000e+08
1.414793100000000000e+08
1.406868390000000000e+08
1.420829420000000000e+08
1.075069670000000000e+08
1.420528760000000000e+08
1.276060840000000000e+08
1.259277230000000000e+08
1.412119660000000000e+08
1.493478050000000000e+08
1.223943900000000000e+08
1.417126540000000000e+08
1.420819730000000000e+08
1.453380000000000000e+05
1.420500460000000000e+08
1.405783040000000000e+08
1.504403620000000000e+08
1.409683570000000000e+08
1.411852700000000000e+08
1.254208060000000000e+08
1.271985150000000000e+08
1.492181000000000000e+08
1.414071590000000000e+08
1.412710780000000000e+08
1.219269530000000000e+08
1.222852680000000000e+08
1.209898100000000000e+07
1.411860750000000000e+08
1.073106840000000000e+08
1.076159020000000000e+08
1.414711050000000000e+08
1.417141910000000000e+08
1.500295380000000000e+08
1.494459280000000000e+08
1.410262670000000000e+08
1.499345900000000000e+08
1.270262160000000000e+08
1.492487930000000000e+08
1.314320730000000000e+08
1.210573060000000000e+08
1.504298070000000000e+08
1.414845090000000000e+08
1.048840000000000000e+05
1.501479850000000000e+08
1.481543620000000000e+08
1.501873730000000000e+08
1.222888900000000000e+08
1.462870000000000000e+05
1.496307340000000000e+08
1.408929380000000000e+08
1.416108930000000000e+08
1.313339070000000000e+08
1.288348040000000000e+08
1.286931190000000000e+08
1.502965600000000000e+08
1.117730000000000000e+05
1.213216000000000000e+07
1.406630570000000000e+08
1.489040330000000000e+08
1.405761740000000000e+08
1.503925840000000000e+08
1.421455340000000000e+08
1.416252740000000000e+08
1.211943430000000000e+08
1.418229080000000000e+08
1.210470000000000000e+05
1.416231740000000000e+08
1.504333180000000000e+08
1.502491490000000000e+08
1.409431850000000000e+08
1.076535670000000000e+08
1.273116080000000000e+08
1.421077560000000000e+08
1.254214130000000000e+08
1.421078330000000000e+08
1.407968540000000000e+08
1.499717540000000000e+08
1.494743870000000000e+08
1.410919230000000000e+08
1.420517860000000000e+08
1.405966220000000000e+08
1.405809490000000000e+08
1.217933640000000000e+08
1.119471450000000000e+08
1.412817420000000000e+08
1.501069480000000000e+08
1.499317540000000000e+08
1.278675800000000000e+08
1.413358860000000000e+08
1.417701210000000000e+08
1.492190920000000000e+08
1.132798260000000000e+08
1.417092960000000000e+08
1.272499540000000000e+08
1.409999290000000000e+08
1.415279650000000000e+08
1.418117340000000000e+08
1.501887360000000000e+08
1.258774250000000000e+08
1.492720000000000000e+05
1.503557640000000000e+08
1.411213350000000000e+08
1.406615950000000000e+08
1.491796070000000000e+08
1.259879930000000000e+08
1.475960000000000000e+05
1.420146200000000000e+08
1.419153670000000000e+08
1.417568210000000000e+08
1.218422450000000000e+08
1.501663970000000000e+08
1.117802560000000000e+08
1.412151410000000000e+08
1.496308240000000000e+08
1.502722770000000000e+08
1.213118900000000000e+07
1.420180150000000000e+08
1.117804040000000000e+08
1.544268700000000000e+07
1.074577220000000000e+08
1.223611110000000000e+08
1.414713920000000000e+08
1.417574410000000000e+08
1.492179370000000000e+08
1.076105800000000000e+08
1.119879870000000000e+08
1.515350000000000000e+05
1.218492550000000000e+08
1.118413670000000000e+08
1.415268280000000000e+08
1.419136470000000000e+08
1.501512620000000000e+08
1.419090980000000000e+08
1.417528830000000000e+08
1.072253350000000000e+08
1.414820690000000000e+08
1.314319980000000000e+08
1.502995760000000000e+08
1.503236840000000000e+08
1.393691070000000000e+08
1.502447200000000000e+08
1.279539660000000000e+08
1.496023080000000000e+08
1.496280340000000000e+08
1.499885230000000000e+08
1.421447290000000000e+08
1.269808160000000000e+08
1.420490250000000000e+08
1.414220960000000000e+08
1.407604340000000000e+08
1.495736590000000000e+08
1.279555710000000000e+08
1.217931190000000000e+08
1.288350940000000000e+08
1.076161600000000000e+08
1.480816500000000000e+08
1.410948610000000000e+08
1.420819990000000000e+08
1.072892580000000000e+08
1.487762830000000000e+08
1.500292720000000000e+08
1.214095520000000000e+08
1.501887780000000000e+08
1.421093900000000000e+08
1.405786060000000000e+08
1.418678950000000000e+08
1.073145380000000000e+08
1.503008700000000000e+08
1.502490230000000000e+08
1.215531840000000000e+08
1.214757950000000000e+08
1.218392590000000000e+08
1.502737120000000000e+08
1.416215030000000000e+08
1.018687240000000000e+08
1.119921340000000000e+08
1.296532960000000000e+08
1.416112370000000000e+08
1.276610370000000000e+08
1.501665260000000000e+08
1.420487460000000000e+08
1.286222620000000000e+08
1.314111080000000000e+08
1.284497290000000000e+08
1.419412200000000000e+08
1.500292750000000000e+08
1.415479790000000000e+08
1.393693330000000000e+08
1.421094300000000000e+08
1.294702680000000000e+08
1.499721020000000000e+08
1.405986530000000000e+08
1.411863250000000000e+08
1.496312890000000000e+08
1.494493850000000000e+08
1.119472670000000000e+08
1.116100000000000000e+05
1.286224300000000000e+08
1.409388040000000000e+08
1.417718310000000000e+08
1.270921450000000000e+08
1.421079220000000000e+08
1.018251030000000000e+08
1.412677910000000000e+08
1.223942880000000000e+08
1.358420000000000000e+05
1.214805610000000000e+08
1.502728650000000000e+08
1.258782140000000000e+08
1.414736170000000000e+08
1.408937220000000000e+08
1.314275400000000000e+08
1.491792260000000000e+08
1.259257320000000000e+08
1.420535000000000000e+08
1.489046850000000000e+08
1.420520860000000000e+08
1.503927530000000000e+08
1.410247990000000000e+08
1.413345850000000000e+08
1.501469730000000000e+08
1.393705370000000000e+08
1.411209400000000000e+08
1.420868120000000000e+08
1.503593250000000000e+08
1.118354840000000000e+08
1.491587890000000000e+08
1.269751390000000000e+08
1.501647950000000000e+08
1.502733010000000000e+08
1.414357580000000000e+08
1.222879060000000000e+08
1.418115400000000000e+08
1.500633210000000000e+08
1.420167670000000000e+08
1.073133680000000000e+08
1.502726560000000000e+08
1.290560700000000000e+08
1.420152130000000000e+08
1.259900550000000000e+08
1.504319200000000000e+08
1.501048080000000000e+08
1.480864610000000000e+08
1.075094550000000000e+08
1.491587240000000000e+08
1.495391580000000000e+08
1.503905430000000000e+08
1.259267030000000000e+08
1.220522710000000000e+08
1.494223640000000000e+08
1.414125320000000000e+08
1.388930000000000000e+05
1.087650000000000000e+05
1.494498880000000000e+08
1.207898400000000000e+08
1.418105290000000000e+08
1.491548210000000000e+08
1.405992840000000000e+08
1.412802550000000000e+08
1.414861050000000000e+08
1.491545770000000000e+08
1.017500000000000000e+04
1.210616870000000000e+08
1.499880680000000000e+08
1.499756760000000000e+08
1.313513630000000000e+08
1.494980990000000000e+08
1.118345640000000000e+08
1.258289720000000000e+08
1.210989450000000000e+08
1.409718420000000000e+08
1.221623630000000000e+08
1.223614130000000000e+08
1.501072620000000000e+08
1.213572280000000000e+08
1.277949170000000000e+08
1.481581690000000000e+08
1.276062930000000000e+08
1.536723100000000000e+07
1.117809780000000000e+08
1.224584220000000000e+08
1.501022270000000000e+08
1.499025390000000000e+08
1.414804340000000000e+08
1.495390160000000000e+08
1.409978180000000000e+08
1.118355670000000000e+08
1.293830000000000000e+05
1.276037530000000000e+08
1.314311940000000000e+08
1.501657400000000000e+08
1.417091010000000000e+08
1.417572940000000000e+08
1.406083260000000000e+08
1.499140720000000000e+08
1.420540240000000000e+08
1.499705890000000000e+08
1.075110140000000000e+08
1.258765930000000000e+08
1.296609850000000000e+08
1.073762270000000000e+08
1.019050650000000000e+08
1.020398920000000000e+08
1.421072420000000000e+08
1.018716910000000000e+08
1.420183280000000000e+08
1.500643910000000000e+08
1.281137390000000000e+08
1.419770860000000000e+08
1.501449410000000000e+08
1.410970270000000000e+08
1.417556000000000000e+08
1.414801760000000000e+08
1.490374520000000000e+08
1.410250900000000000e+08
1.132770270000000000e+08
1.502753090000000000e+08
1.417722920000000000e+08
1.495405250000000000e+08
1.072863320000000000e+08
1.493466750000000000e+08
1.499708750000000000e+08
1.118735050000000000e+08
1.407575900000000000e+08
1.072880610000000000e+08
1.073738540000000000e+08
1.493043130000000000e+08
1.222924020000000000e+08
1.274397230000000000e+08
1.412128810000000000e+08
1.314097730000000000e+08
1.480816480000000000e+08
1.434208540000000000e+08
1.420826040000000000e+08
1.416094300000000000e+08
1.223941800000000000e+08
1.420817110000000000e+08
1.406912260000000000e+08
1.290527510000000000e+08
1.118807420000000000e+08
1.425130320000000000e+08
1.409382470000000000e+08
1.284534340000000000e+08
1.503199680000000000e+08
1.232926440000000000e+08
1.259908570000000000e+08
1.217960710000000000e+08
1.484948230000000000e+08
1.294193980000000000e+08
1.419740660000000000e+08
1.420854910000000000e+08
1.502721310000000000e+08
1.502505280000000000e+08
1.494975430000000000e+08
1.215251180000000000e+08
1.426270000000000000e+05
1.500625020000000000e+08
1.291925640000000000e+08
1.480819230000000000e+08
1.415478300000000000e+08
1.499135980000000000e+08
1.120861180000000000e+08
1.491012260000000000e+08
1.413335910000000000e+08
1.419417080000000000e+08
1.409411530000000000e+08
1.501657350000000000e+08
1.503201780000000000e+08
1.421426020000000000e+08
1.493905650000000000e+08
1.415464810000000000e+08
1.417572300000000000e+08
1.407990350000000000e+08
1.503236430000000000e+08
1.457080000000000000e+05
1.501401660000000000e+08
1.214066050000000000e+08
1.417714830000000000e+08
1.495986760000000000e+08
1.222276550000000000e+08
1.020415040000000000e+08
1.415318100000000000e+08
1.409723680000000000e+08
1.492713030000000000e+08
1.216286240000000000e+08
1.491073600000000000e+08
1.504407550000000000e+08
1.500985420000000000e+08
1.078000000000000000e+03
1.258313150000000000e+08
1.496644230000000000e+08
1.411233490000000000e+08
1.496282160000000000e+08
1.446378670000000000e+08
1.276700000000000000e+04
1.503944390000000000e+08
1.118762830000000000e+08
1.417094360000000000e+08
1.501627390000000000e+08
1.220744770000000000e+08
1.405803360000000000e+08
1.420484470000000000e+08
1.492180720000000000e+08
1.503897050000000000e+08
1.495427090000000000e+08
1.217266260000000000e+08
1.496026150000000000e+08
1.501660910000000000e+08
1.119442090000000000e+08
1.076098320000000000e+08
1.411217930000000000e+08
1.269804910000000000e+08
1.420860810000000000e+08
1.491763050000000000e+08
1.411241440000000000e+08
1.492531730000000000e+08
1.270234740000000000e+08
1.503233340000000000e+08
1.502497710000000000e+08
1.313498070000000000e+08
1.291161760000000000e+08
1.492204450000000000e+08
1.500989790000000000e+08
1.419759030000000000e+08
1.421076180000000000e+08
1.132791070000000000e+08
1.406874460000000000e+08
1.492183500000000000e+08
1.417573260000000000e+08
1.224604060000000000e+08
1.075467420000000000e+08
1.118685390000000000e+08
1.494979040000000000e+08
1.314120390000000000e+08
1.501075390000000000e+08
1.495014850000000000e+08
1.504418100000000000e+08
1.258317460000000000e+08
1.483048590000000000e+08
1.288780000000000000e+05
1.119477060000000000e+08
1.418262290000000000e+08
1.409715450000000000e+08
1.495398940000000000e+08
1.406889410000000000e+08
1.220767710000000000e+08
1.408947030000000000e+08
1.486970710000000000e+08
1.314307450000000000e+08
1.503599820000000000e+08
1.493517760000000000e+08
1.421482280000000000e+08
1.406612890000000000e+08
1.020421660000000000e+08
1.419115190000000000e+08
1.314310210000000000e+08
1.491610750000000000e+08
1.118386450000000000e+08
1.418114320000000000e+08
1.490373630000000000e+08
1.408977320000000000e+08
1.284141410000000000e+08
1.502744870000000000e+08
1.289816380000000000e+08
1.421445940000000000e+08
1.413342740000000000e+08
1.290568490000000000e+08
1.412814950000000000e+08
1.213158200000000000e+07
1.216324930000000000e+08
1.501056030000000000e+08
1.274424820000000000e+08
1.314313950000000000e+08
1.414727770000000000e+08
1.418238820000000000e+08
1.416218030000000000e+08
1.405108620000000000e+08
1.500303230000000000e+08
1.500652440000000000e+08
1.259868100000000000e+08
1.405999720000000000e+08
1.495390580000000000e+08
1.014620000000000000e+05
1.325350000000000000e+05
1.416854650000000000e+08
1.419765980000000000e+08
1.314290650000000000e+08
1.292412300000000000e+08
1.421460510000000000e+08
1.501014760000000000e+08
1.411553520000000000e+08
1.496290770000000000e+08
1.072838860000000000e+08
1.536696900000000000e+07
1.421104930000000000e+08
1.254055960000000000e+08
1.405807170000000000e+08
1.412104480000000000e+08
1.406082300000000000e+08
1.414117130000000000e+08
1.416834000000000000e+08
1.406335680000000000e+08
1.417658360000000000e+08
1.494731710000000000e+08
1.417577320000000000e+08
1.415264390000000000e+08
1.209870700000000000e+07
1.492489690000000000e+08
1.132762990000000000e+08
1.446374830000000000e+08
1.291173250000000000e+08
1.406306350000000000e+08
1.418705890000000000e+08
1.493882650000000000e+08
1.286242560000000000e+08
1.420874510000000000e+08
1.072518630000000000e+08
1.491039410000000000e+08
1.489011550000000000e+08
1.493920920000000000e+08
1.499343050000000000e+08
1.223545790000000000e+08
1.267800000000000000e+04
1.482593390000000000e+08
1.494733940000000000e+08
1.410301680000000000e+08
1.412125480000000000e+08
1.504320790000000000e+08
1.273765880000000000e+08
1.419092810000000000e+08
1.493476290000000000e+08
1.408932380000000000e+08
1.419454650000000000e+08
1.415280600000000000e+08
1.406904280000000000e+08
1.417091340000000000e+08
1.405806340000000000e+08
1.480901090000000000e+08
1.218477370000000000e+08
1.428120880000000000e+08
1.214065520000000000e+08
1.218493120000000000e+08
1.503591980000000000e+08
1.413357870000000000e+08
1.313800000000000000e+05
1.416255590000000000e+08
1.500327860000000000e+08
1.397200000000000000e+05
1.072519760000000000e+08
1.073092370000000000e+08
1.204646770000000000e+08
1.544243700000000000e+07
1.224025170000000000e+08
1.492534090000000000e+08
1.018268650000000000e+08
1.501676430000000000e+08
1.503570640000000000e+08
1.286252750000000000e+08
1.409978600000000000e+08
1.416075530000000000e+08
1.495730100000000000e+08
1.491760800000000000e+08
1.492507530000000000e+08
1.501015640000000000e+08
1.269765070000000000e+08
1.503223650000000000e+08
1.408301010000000000e+08
1.501879080000000000e+08
1.502469250000000000e+08
1.075460700000000000e+08
1.504421520000000000e+08
1.494443410000000000e+08
1.414290300000000000e+08
1.493467520000000000e+08
1.414137060000000000e+08
1.276643680000000000e+08
1.415442810000000000e+08
1.500317660000000000e+08
1.491027230000000000e+08
1.232926470000000000e+08
1.254216090000000000e+08
1.503231380000000000e+08
1.502717800000000000e+08
1.217251220000000000e+08
1.420191710000000000e+08
1.418264950000000000e+08
1.413355530000000000e+08
1.504401760000000000e+08
1.418062920000000000e+08
1.527620000000000000e+05
1.408030800000000000e+08
1.499770150000000000e+08
1.259900400000000000e+08
1.018711980000000000e+08
1.406089050000000000e+08
1.501873820000000000e+08
1.501418980000000000e+08
1.491800760000000000e+08
1.220795860000000000e+08
1.495381230000000000e+08
1.482611230000000000e+08
1.020423160000000000e+08
1.210982530000000000e+08
1.501664650000000000e+08
1.257418220000000000e+08
1.288299620000000000e+08
1.120281780000000000e+08
1.502709790000000000e+08
1.405796740000000000e+08
1.212505340000000000e+08
1.280854500000000000e+08
1.214097010000000000e+08
1.286232170000000000e+08
1.418241220000000000e+08
1.414139320000000000e+08
1.258773730000000000e+08
1.117809750000000000e+08
1.414253490000000000e+08
1.410962700000000000e+08
1.501087110000000000e+08
1.119903310000000000e+08
1.504890000000000000e+05
1.419102300000000000e+08
1.290538810000000000e+08
1.408016830000000000e+08
1.409462370000000000e+08
1.504419050000000000e+08
1.418241500000000000e+08
1.411875700000000000e+08
1.499023660000000000e+08
1.405798470000000000e+08
1.418658750000000000e+08
1.416267830000000000e+08
1.406334730000000000e+08
1.405766500000000000e+08
1.493025520000000000e+08
1.502709770000000000e+08
1.492744220000000000e+08
1.406361620000000000e+08
1.405961730000000000e+08
1.411272530000000000e+08
1.410936930000000000e+08
1.414223390000000000e+08
1.504304040000000000e+08
1.503226520000000000e+08
1.109750000000000000e+05
1.502454300000000000e+08
1.421065810000000000e+08
1.499722070000000000e+08
1.313556070000000000e+08
1.420855690000000000e+08
1.418708310000000000e+08
1.496008460000000000e+08
1.313295490000000000e+08
1.213539710000000000e+08
1.118347300000000000e+08
1.411212360000000000e+08
1.408943540000000000e+08
1.408598220000000000e+08
1.407601640000000000e+08
1.491213850000000000e+08
1.121774060000000000e+08
1.499026580000000000e+08
1.416220650000000000e+08
1.502720640000000000e+08
1.408998250000000000e+08
1.406579310000000000e+08
1.020427020000000000e+08
1.491254180000000000e+08
1.501855860000000000e+08
1.410923690000000000e+08
1.213626950000000000e+08
1.072846590000000000e+08
1.504316590000000000e+08
1.223547090000000000e+08
1.499350430000000000e+08
1.406088540000000000e+08
1.500304110000000000e+08
1.270258830000000000e+08
1.020411610000000000e+08
1.023102370000000000e+08
1.417133800000000000e+08
1.072250370000000000e+08
1.408264380000000000e+08
1.288337430000000000e+08
1.503216630000000000e+08
1.405991250000000000e+08
1.413342930000000000e+08
1.270973790000000000e+08
1.218397960000000000e+08
1.504378990000000000e+08
1.421078210000000000e+08
1.419436940000000000e+08
1.313497660000000000e+08
1.493475340000000000e+08
1.501887580000000000e+08
1.494976620000000000e+08
1.415275790000000000e+08
1.503902600000000000e+08
1.495732640000000000e+08
1.019699230000000000e+08
1.504304310000000000e+08
1.494506120000000000e+08
1.454000000000000000e+03
1.496307540000000000e+08
1.211939740000000000e+08
1.120775180000000000e+08
1.493067690000000000e+08
1.496011560000000000e+08
1.279487000000000000e+08
1.434142340000000000e+08
1.119917700000000000e+08
1.410960710000000000e+08
1.494205960000000000e+08
1.416122210000000000e+08
1.417780000000000000e+05
1.503011090000000000e+08
1.168010000000000000e+05
1.500349480000000000e+08
1.410269030000000000e+08
1.503569060000000000e+08
1.415444940000000000e+08
1.216726000000000000e+08
1.206351700000000000e+07
1.503223220000000000e+08
1.292279090000000000e+08
1.499903670000000000e+08
1.416851800000000000e+08
1.501434240000000000e+08
1.223972330000000000e+08
1.496292350000000000e+08
1.503240860000000000e+08
1.019009930000000000e+08
1.273103360000000000e+08
1.117680000000000000e+05
1.501445700000000000e+08
1.254788810000000000e+08
1.499711130000000000e+08
1.502463940000000000e+08
1.214846100000000000e+08
1.254834770000000000e+08
1.075474430000000000e+08
1.276013290000000000e+08
1.119479430000000000e+08
1.405110690000000000e+08
1.495991890000000000e+08
1.158200000000000000e+04
1.421492420000000000e+08
1.420135830000000000e+08
1.214149650000000000e+08
1.076102350000000000e+08
1.417562130000000000e+08
1.419744950000000000e+08
1.504277900000000000e+08
1.211037220000000000e+08
1.501065530000000000e+08
1.270940000000000000e+05
1.416249790000000000e+08
1.219350220000000000e+08
1.420836290000000000e+08
1.494504280000000000e+08
1.487695300000000000e+08
1.073100120000000000e+08
1.277942990000000000e+08
1.501014720000000000e+08
1.500314430000000000e+08
1.076526790000000000e+08
1.480873590000000000e+08
1.019057880000000000e+08
1.419762470000000000e+08
1.058520000000000000e+05
1.504382370000000000e+08
1.211024840000000000e+08
1.273096880000000000e+08
1.405294190000000000e+08
1.500627720000000000e+08
1.499345540000000000e+08
1.491242180000000000e+08
1.418092200000000000e+08
1.481538040000000000e+08
1.499936660000000000e+08
1.493477720000000000e+08
1.221584720000000000e+08
1.504435130000000000e+08
1.254052980000000000e+08
1.480248420000000000e+08
1.491759650000000000e+08
1.418238810000000000e+08
1.410946720000000000e+08
1.493479480000000000e+08
1.421053080000000000e+08
1.414809530000000000e+08
1.412168200000000000e+08
1.415456160000000000e+08
1.073765600000000000e+08
1.499897810000000000e+08
1.275303990000000000e+08
1.279494770000000000e+08
1.076545700000000000e+08
1.484806790000000000e+08
1.493020860000000000e+08
1.415420330000000000e+08
1.288318930000000000e+08
1.419370000000000000e+05
1.503211830000000000e+08
1.117792470000000000e+08
1.502491550000000000e+08
1.019693710000000000e+08
1.120772600000000000e+08
1.236524530000000000e+08
1.413351000000000000e+08
1.121832100000000000e+08
1.494738390000000000e+08
1.257443400000000000e+08
1.501436650000000000e+08
1.419139940000000000e+08
1.410953590000000000e+08
1.407589530000000000e+08
1.409389750000000000e+08
1.544336600000000000e+07
1.417693560000000000e+08
1.408581400000000000e+08
1.245950000000000000e+05
1.484159490000000000e+08
1.259278930000000000e+08
1.121786490000000000e+08
1.406320800000000000e+08
1.494793520000000000e+08
1.499880590000000000e+08
1.225509060000000000e+08
1.416825890000000000e+08
1.503903270000000000e+08
1.418699670000000000e+08
1.276055250000000000e+08
1.411552640000000000e+08
1.120996060000000000e+08
1.501422070000000000e+08
1.486956600000000000e+08
1.503943610000000000e+08
1.493484880000000000e+08
1.491551980000000000e+08
1.502716800000000000e+08
1.419454700000000000e+08
1.499759220000000000e+08
1.284096350000000000e+08
1.504315180000000000e+08
1.420825480000000000e+08
1.500642380000000000e+08
1.214777890000000000e+08
1.420178260000000000e+08
1.287030210000000000e+08
1.420847620000000000e+08
1.314319760000000000e+08
1.393712650000000000e+08
1.121765660000000000e+08
1.417554140000000000e+08
1.072497590000000000e+08
1.501886630000000000e+08
1.223937530000000000e+08
1.494231740000000000e+08
1.074589920000000000e+08
1.281185900000000000e+08
1.113110000000000000e+05
1.499706130000000000e+08
1.121788080000000000e+08
1.121007720000000000e+08
1.218460460000000000e+08
1.479298280000000000e+08
1.492526700000000000e+08
1.484821900000000000e+08
1.120371660000000000e+08
1.412163980000000000e+08
1.492184970000000000e+08
1.495988620000000000e+08
1.194900000000000000e+05
1.217968930000000000e+08
1.479854140000000000e+08
1.421072190000000000e+08
1.490376410000000000e+08
1.210947840000000000e+08
1.313315830000000000e+08
1.119490530000000000e+08
1.414257020000000000e+08
1.489052160000000000e+08
1.414142170000000000e+08
1.407619480000000000e+08
1.280123190000000000e+08
1.211994440000000000e+08
1.274394140000000000e+08
1.246622380000000000e+08
1.254021950000000000e+08
1.482174650000000000e+08
1.124800000000000000e+05
1.416856430000000000e+08
1.503906190000000000e+08
1.222483460000000000e+08
1.276627330000000000e+08
1.224602340000000000e+08
1.076542100000000000e+08
1.291212340000000000e+08
1.257811360000000000e+08
1.229390000000000000e+05
1.408900280000000000e+08
1.504302750000000000e+08
1.490606530000000000e+08
1.491607780000000000e+08
1.103760000000000000e+05
1.222880580000000000e+08
1.416059820000000000e+08
1.276076640000000000e+08
1.270892640000000000e+08
1.483400000000000000e+05
1.416081980000000000e+08
1.504308290000000000e+08
1.410966350000000000e+08
1.072889780000000000e+08
1.503581470000000000e+08
1.411519530000000000e+08
1.419779320000000000e+08
1.413336770000000000e+08
1.421052990000000000e+08
1.216250580000000000e+08
1.406878260000000000e+08
1.496011400000000000e+08
1.408615480000000000e+08
1.216324590000000000e+08
1.027230000000000000e+05
1.421054660000000000e+08
1.018721520000000000e+08
1.503914360000000000e+08
1.494976740000000000e+08
1.411263970000000000e+08
1.501626970000000000e+08
1.499713310000000000e+08
1.484809040000000000e+08
1.213302000000000000e+07
1.420873400000000000e+08
1.481583740000000000e+08
1.416123140000000000e+08
1.419779350000000000e+08
1.254051460000000000e+08
1.492188900000000000e+08
1.503891420000000000e+08
1.019012420000000000e+08
1.213138710000000000e+08
1.408565060000000000e+08
1.419101780000000000e+08
1.494495300000000000e+08
1.419112010000000000e+08
1.294686750000000000e+08
1.416221190000000000e+08
1.421098740000000000e+08
1.213679800000000000e+08
1.491766840000000000e+08
1.406301240000000000e+08
1.257586160000000000e+08
1.224580110000000000e+08
1.132810830000000000e+08
1.499020520000000000e+08
1.417705920000000000e+08
1.416254860000000000e+08
1.501650180000000000e+08
1.499021760000000000e+08
1.491744940000000000e+08
1.286232460000000000e+08
1.120980340000000000e+08
1.420513490000000000e+08
1.418230200000000000e+08
1.501072210000000000e+08
1.406599800000000000e+08
1.405805950000000000e+08
1.276607650000000000e+08
1.496301170000000000e+08
1.191396210000000000e+08
1.414727170000000000e+08
1.282862290000000000e+08
1.491758590000000000e+08
1.216702530000000000e+08
1.499895350000000000e+08
1.419094810000000000e+08
1.417110080000000000e+08
1.494236940000000000e+08
1.272424580000000000e+08
1.414828020000000000e+08
1.419140820000000000e+08
1.257393210000000000e+08
1.411561050000000000e+08
1.294685860000000000e+08
1.270985590000000000e+08
1.271995950000000000e+08
1.405994710000000000e+08
1.493461630000000000e+08
1.419444880000000000e+08
1.405275540000000000e+08
1.501673190000000000e+08
1.273755970000000000e+08
1.023110070000000000e+08
1.259874590000000000e+08
1.493015750000000000e+08
1.411226770000000000e+08
1.416816450000000000e+08
1.501072140000000000e+08
1.420526080000000000e+08
1.288842250000000000e+08
1.501017990000000000e+08
1.419429110000000000e+08
1.281165390000000000e+08
1.416060600000000000e+08
1.200160000000000000e+05
1.286211400000000000e+08
1.420827960000000000e+08
1.405984640000000000e+08
1.492531540000000000e+08
1.073155290000000000e+08
1.503617510000000000e+08
1.254250790000000000e+08
1.501667110000000000e+08
1.416114610000000000e+08
1.499898640000000000e+08
1.416272680000000000e+08
1.502742580000000000e+08
1.501880710000000000e+08
1.496305950000000000e+08
1.416806810000000000e+08
1.491007640000000000e+08
1.392010000000000000e+05
1.254056020000000000e+08
1.075502550000000000e+08
1.218419970000000000e+08
1.416100120000000000e+08
1.416104730000000000e+08
1.492160240000000000e+08
1.499355100000000000e+08
1.416069860000000000e+08
1.494979240000000000e+08
1.499722110000000000e+08
1.503213300000000000e+08
1.276593470000000000e+08
1.257407950000000000e+08
1.258744860000000000e+08
1.405975180000000000e+08
1.274321080000000000e+08
1.502753600000000000e+08
1.482669870000000000e+08
1.412820970000000000e+08
1.491245360000000000e+08
1.409987450000000000e+08
1.420146180000000000e+08
1.075085670000000000e+08
1.393694330000000000e+08
1.412127200000000000e+08
1.204720410000000000e+08
1.273824590000000000e+08
1.504322110000000000e+08
1.216240000000000000e+05
1.495726460000000000e+08
1.136450000000000000e+05
1.416278460000000000e+08
1.499346670000000000e+08
1.501071760000000000e+08
1.417551630000000000e+08
1.492489320000000000e+08
1.406584840000000000e+08
1.406356460000000000e+08
1.417680700000000000e+08
1.503011890000000000e+08
1.494497950000000000e+08
1.313550360000000000e+08
1.412720040000000000e+08
1.501426530000000000e+08
1.499301500000000000e+08
1.223600180000000000e+08
1.491603590000000000e+08
1.415484740000000000e+08
1.415448610000000000e+08
1.490393720000000000e+08
1.259897780000000000e+08
1.417560710000000000e+08
1.417083350000000000e+08
1.409433230000000000e+08
1.417699830000000000e+08
1.254820290000000000e+08
1.418253690000000000e+08
1.503564060000000000e+08
1.414729110000000000e+08
1.075505560000000000e+08
1.257428050000000000e+08
1.218501250000000000e+08
1.494208960000000000e+08
1.121023050000000000e+08
1.075086770000000000e+08
1.415307000000000000e+08
1.501001060000000000e+08
1.072841300000000000e+08
1.493471030000000000e+08
1.419802950000000000e+08
1.421066240000000000e+08
1.405773630000000000e+08
1.503221960000000000e+08
1.494979800000000000e+08
1.493077800000000000e+08
1.207897210000000000e+08
1.213052640000000000e+08
1.019063560000000000e+08
1.501431370000000000e+08
1.222492670000000000e+08
1.275000000000000000e+03
1.288869840000000000e+08
1.504299300000000000e+08
1.217253250000000000e+08
1.408576610000000000e+08
1.217840720000000000e+08
1.279551430000000000e+08
1.492477070000000000e+08
1.407600060000000000e+08
1.405809850000000000e+08
1.417131890000000000e+08
1.500992180000000000e+08
1.405968020000000000e+08
1.503904900000000000e+08
1.420816020000000000e+08
1.504305660000000000e+08
1.411235880000000000e+08
1.499022030000000000e+08
1.120991600000000000e+08
1.502496220000000000e+08
1.213125500000000000e+07
1.500651510000000000e+08
1.413479730000000000e+08
1.499332530000000000e+08
1.499339860000000000e+08
1.536558500000000000e+07
1.121803040000000000e+08
1.499143290000000000e+08
1.020300000000000000e+05
1.502493670000000000e+08
1.217203710000000000e+08
1.494795100000000000e+08
1.495719300000000000e+08
1.218390930000000000e+08
1.121800130000000000e+08
1.501857220000000000e+08
1.501897450000000000e+08
1.500302050000000000e+08
1.072236970000000000e+08
1.281185800000000000e+08
1.503931980000000000e+08
1.416633260000000000e+08
1.223922140000000000e+08
1.292287110000000000e+08
1.408287510000000000e+08
1.120844910000000000e+08
1.409682600000000000e+08
1.207905680000000000e+08
1.417135930000000000e+08
1.504308370000000000e+08
1.500645250000000000e+08
1.415282800000000000e+08
1.503891270000000000e+08
1.023800000000000000e+04
1.285403270000000000e+08
1.284476660000000000e+08
1.483594420000000000e+08
1.277870200000000000e+08
1.411538360000000000e+08
1.405987580000000000e+08
1.493915350000000000e+08
1.414238120000000000e+08
1.504318590000000000e+08
1.254055420000000000e+08
1.410281200000000000e+08
1.418114450000000000e+08
1.260443590000000000e+08
1.418078390000000000e+08
1.434140730000000000e+08
1.415275710000000000e+08
1.421425860000000000e+08
1.411210440000000000e+08
1.419750440000000000e+08
1.407616410000000000e+08
1.416800550000000000e+08
1.219868360000000000e+08
1.073761070000000000e+08
1.290609410000000000e+08
1.407575710000000000e+08
1.414357050000000000e+08
1.418051800000000000e+08
1.421427180000000000e+08
1.411224680000000000e+08
1.415428260000000000e+08
1.500294740000000000e+08
1.491213690000000000e+08
1.499712770000000000e+08
1.500659450000000000e+08
1.406361890000000000e+08
1.502743860000000000e+08
1.214775000000000000e+08
1.504317910000000000e+08
1.074008970000000000e+08
1.428118770000000000e+08
1.410297120000000000e+08
1.282865990000000000e+08
1.494729070000000000e+08
1.408941850000000000e+08
1.414235360000000000e+08
1.118397760000000000e+08
1.503931910000000000e+08
1.501636950000000000e+08
1.496252540000000000e+08
1.421091850000000000e+08
1.486466890000000000e+08
1.257821190000000000e+08
1.211977750000000000e+08
1.499908650000000000e+08
1.495020010000000000e+08
1.421046860000000000e+08
1.492526150000000000e+08
1.406096480000000000e+08
1.502481330000000000e+08
1.503930640000000000e+08
1.416271260000000000e+08
1.421468350000000000e+08
1.502454030000000000e+08
1.406325710000000000e+08
1.491745760000000000e+08
1.411287730000000000e+08
1.419107900000000000e+08
1.503607660000000000e+08
1.491766420000000000e+08
1.217225090000000000e+08
1.412699640000000000e+08
1.406361560000000000e+08
1.258752400000000000e+08
1.491027620000000000e+08
1.409388880000000000e+08
1.417701980000000000e+08
1.075082410000000000e+08
1.314072370000000000e+08
1.503237500000000000e+08
1.501887590000000000e+08
1.491547170000000000e+08
1.501006270000000000e+08
1.119494570000000000e+08
1.215240190000000000e+08
1.496003760000000000e+08
1.490391160000000000e+08
1.501645230000000000e+08
1.258357020000000000e+08
1.415450370000000000e+08
1.419780950000000000e+08
1.420870470000000000e+08
1.396420000000000000e+05
1.417661910000000000e+08
1.408959830000000000e+08
1.313324220000000000e+08
1.406589820000000000e+08
1.414713570000000000e+08
1.408971620000000000e+08
1.215527480000000000e+08
1.494737820000000000e+08
1.492732990000000000e+08
1.191392810000000000e+08
1.491567480000000000e+08
1.501648750000000000e+08
1.499353600000000000e+08
1.213583090000000000e+08
1.222505960000000000e+08
1.502733290000000000e+08
1.223972320000000000e+08
1.495734370000000000e+08
1.411274350000000000e+08
1.406918430000000000e+08
1.273747930000000000e+08
1.282854130000000000e+08
1.314079060000000000e+08
1.405973530000000000e+08
1.405965130000000000e+08
1.213099650000000000e+08
1.503933900000000000e+08
1.484915800000000000e+08
1.503592600000000000e+08
1.420858420000000000e+08
1.118684560000000000e+08
1.499344310000000000e+08
1.120752790000000000e+08
1.412119980000000000e+08
1.219791520000000000e+08
1.258297470000000000e+08
1.491207260000000000e+08
1.420158520000000000e+08
1.501665490000000000e+08
1.501004210000000000e+08
1.500683810000000000e+08
1.119898170000000000e+08
1.407588310000000000e+08
1.479323000000000000e+08
1.408303900000000000e+08
1.501899950000000000e+08
1.258773720000000000e+08
1.504315990000000000e+08
1.405810310000000000e+08
1.409698690000000000e+08
1.417579310000000000e+08
1.414131200000000000e+08
1.218500640000000000e+08
1.492203780000000000e+08
1.501458000000000000e+08
1.421057280000000000e+08
1.376480000000000000e+05
1.075051110000000000e+08
1.418099620000000000e+08
1.420828320000000000e+08
1.501090080000000000e+08
1.072230280000000000e+08
1.492691780000000000e+08
1.493886410000000000e+08
1.419416840000000000e+08
1.499938610000000000e+08
1.499024110000000000e+08
1.142310000000000000e+05
1.494236520000000000e+08
1.407606140000000000e+08
1.406342570000000000e+08
1.294682440000000000e+08
1.502493840000000000e+08
1.291170050000000000e+08
1.499922210000000000e+08
1.414265250000000000e+08
1.490371120000000000e+08
1.412684670000000000e+08
1.277251910000000000e+08
1.501650340000000000e+08
1.073972650000000000e+08
1.493915000000000000e+08
1.076158070000000000e+08
1.495999710000000000e+08
1.219286850000000000e+08
1.418109340000000000e+08
1.492699650000000000e+08
1.018284550000000000e+08
1.018244320000000000e+08
1.502454380000000000e+08
1.075515820000000000e+08
1.502478690000000000e+08
1.254247030000000000e+08
1.503015290000000000e+08
1.414697400000000000e+08
1.500297560000000000e+08
1.417527870000000000e+08
1.421096650000000000e+08
1.076123740000000000e+08
1.204716320000000000e+08
1.502721480000000000e+08
1.407547970000000000e+08
1.503009350000000000e+08
1.493474800000000000e+08
1.075065990000000000e+08
1.118751030000000000e+08
1.408993830000000000e+08
1.406884520000000000e+08
1.072519770000000000e+08
1.246623420000000000e+08
1.420193430000000000e+08
1.417719080000000000e+08
1.419449110000000000e+08
1.217252480000000000e+08
1.247815000000000000e+08
1.412712160000000000e+08
1.223573870000000000e+08
1.259867420000000000e+08
1.407552160000000000e+08
1.494977000000000000e+08
1.491051070000000000e+08
1.299007940000000000e+08
1.420522770000000000e+08
1.504311200000000000e+08
1.219822620000000000e+08
1.494771000000000000e+08
1.210621050000000000e+08
1.482224510000000000e+08
1.503592120000000000e+08
1.213105900000000000e+08
1.408984360000000000e+08
1.277925680000000000e+08
1.501472760000000000e+08
1.412809390000000000e+08
1.407617570000000000e+08
1.501444150000000000e+08
1.298922910000000000e+08
1.414230330000000000e+08
1.492725060000000000e+08
1.257416080000000000e+08
1.410902700000000000e+08
1.269762610000000000e+08
1.313133390000000000e+08
1.502496060000000000e+08
1.504432960000000000e+08
1.502471340000000000e+08
1.215073400000000000e+08
1.500624470000000000e+08
1.407971480000000000e+08
1.493476080000000000e+08
1.222476660000000000e+08
1.179600000000000000e+05
1.499300090000000000e+08
1.076150020000000000e+08
1.254040360000000000e+08
1.500651090000000000e+08
1.421424500000000000e+08
1.219780070000000000e+08
1.414122900000000000e+08
1.483155220000000000e+08
1.499730440000000000e+08
1.492522250000000000e+08
1.494975220000000000e+08
1.499023030000000000e+08
1.119887030000000000e+08
1.034300000000000000e+04
1.414109610000000000e+08
1.018715380000000000e+08
1.480812410000000000e+08
1.537388200000000000e+07
1.121813490000000000e+08
1.393707010000000000e+08
1.415265470000000000e+08
1.491590390000000000e+08
1.018711880000000000e+08
1.295600480000000000e+08
1.411247930000000000e+08
1.018709240000000000e+08
1.415425850000000000e+08
1.314329080000000000e+08
1.490393080000000000e+08
1.491253770000000000e+08
1.019675940000000000e+08
1.018714600000000000e+08
1.417700470000000000e+08
1.409397040000000000e+08
1.314067310000000000e+08
1.421091020000000000e+08
1.074628140000000000e+08
1.502991670000000000e+08
1.405780240000000000e+08
1.296184720000000000e+08
1.273106580000000000e+08
1.409981160000000000e+08
1.499309940000000000e+08
1.421056130000000000e+08
1.443439910000000000e+08
1.409706130000000000e+08
1.213084390000000000e+08
1.416069580000000000e+08
1.406892040000000000e+08
1.417121670000000000e+08
1.501015010000000000e+08
1.418676070000000000e+08
1.502991150000000000e+08
1.421424880000000000e+08
1.499908410000000000e+08
1.501016160000000000e+08
1.491248130000000000e+08
1.494734670000000000e+08
1.276320000000000000e+05
1.275283830000000000e+08
1.502502360000000000e+08
1.020435340000000000e+08
1.406352850000000000e+08
1.417579200000000000e+08
1.296233240000000000e+08
1.276055180000000000e+08
1.417722590000000000e+08
1.405804820000000000e+08
1.414718700000000000e+08
1.406093840000000000e+08
1.503595000000000000e+08
1.072235000000000000e+08
1.500309500000000000e+08
1.120312550000000000e+08
1.501908840000000000e+08
1.499922420000000000e+08
1.493050700000000000e+08
1.415303150000000000e+08
1.504332700000000000e+08
1.503619110000000000e+08
1.418054930000000000e+08
1.482231650000000000e+08
1.417094220000000000e+08
1.132756370000000000e+08
1.307000000000000000e+03
1.499892420000000000e+08
1.073125580000000000e+08
1.270231100000000000e+08
1.259893160000000000e+08
1.072842850000000000e+08
1.499353380000000000e+08
1.218582600000000000e+08
1.119891310000000000e+08
1.299000500000000000e+08
1.254044590000000000e+08
1.269765650000000000e+08
1.494977630000000000e+08
1.120401690000000000e+08
1.407548470000000000e+08
1.121034120000000000e+08
1.501886590000000000e+08
1.075501380000000000e+08
1.410289620000000000e+08
1.412682800000000000e+08
1.073981400000000000e+08
1.219351240000000000e+08
1.495392920000000000e+08
1.490378410000000000e+08
1.501879160000000000e+08
1.073720480000000000e+08
1.217241830000000000e+08
1.502732550000000000e+08
1.364360000000000000e+05
1.213570590000000000e+08
1.280861080000000000e+08
1.019409840000000000e+08
1.416059290000000000e+08
1.405122000000000000e+08
1.417702990000000000e+08
1.416215340000000000e+08
1.502477210000000000e+08
1.489048500000000000e+08
1.222500130000000000e+08
1.280868430000000000e+08
1.496017680000000000e+08
1.405350000000000000e+05
1.408018310000000000e+08
1.495727230000000000e+08
1.222449090000000000e+08
1.503923770000000000e+08
1.414362150000000000e+08
1.495730960000000000e+08
1.236516330000000000e+08
1.503231130000000000e+08
1.258312100000000000e+08
1.219249070000000000e+08
1.412686050000000000e+08
1.412705890000000000e+08
1.416109160000000000e+08
1.416082890000000000e+08
1.270222270000000000e+08
1.207903590000000000e+08
1.219820000000000000e+08
1.421092830000000000e+08
1.481521920000000000e+08
1.297712720000000000e+08
1.419795790000000000e+08
1.502990780000000000e+08
1.500324100000000000e+08
1.120793190000000000e+08
1.406613680000000000e+08
1.258758710000000000e+08
1.493027440000000000e+08
1.417099970000000000e+08
1.501454560000000000e+08
1.274351390000000000e+08
1.503941260000000000e+08
1.421103830000000000e+08
1.494985480000000000e+08
1.417081470000000000e+08
1.504400790000000000e+08
1.411838940000000000e+08
1.501674200000000000e+08
1.297741310000000000e+08
1.411541150000000000e+08
1.410650000000000000e+05
1.503955290000000000e+08
1.270245990000000000e+08
1.499937200000000000e+08
1.076523220000000000e+08
1.501667590000000000e+08
1.418263650000000000e+08
1.405270220000000000e+08
1.411870100000000000e+08
1.491741060000000000e+08
1.500979910000000000e+08
1.499028470000000000e+08
1.494455800000000000e+08
1.023103310000000000e+08
1.407585950000000000e+08
1.414286200000000000e+08
1.479246680000000000e+08
1.217799630000000000e+08
1.492752350000000000e+08
1.481477200000000000e+08
1.220491510000000000e+08
1.158840000000000000e+05
1.490099230000000000e+08
1.286219690000000000e+08
1.414724080000000000e+08
1.482148270000000000e+08
1.259279600000000000e+08
1.482229580000000000e+08
1.499934450000000000e+08
1.419106060000000000e+08
1.393696340000000000e+08
1.314287150000000000e+08
1.493044950000000000e+08
1.072481630000000000e+08
1.407568240000000000e+08
1.117800690000000000e+08
1.121809320000000000e+08
1.503212520000000000e+08
1.019009200000000000e+08
1.414728060000000000e+08
1.487723750000000000e+08
1.217864260000000000e+08
1.501647740000000000e+08
1.419770760000000000e+08
1.408286630000000000e+08
1.495391140000000000e+08
1.408275880000000000e+08
1.496654620000000000e+08
1.411571800000000000e+08
1.416107590000000000e+08
1.277917320000000000e+08
1.415420230000000000e+08
1.284531860000000000e+08
1.499139130000000000e+08
1.215613940000000000e+08
1.414795470000000000e+08
1.503223400000000000e+08
1.502754590000000000e+08
1.405107140000000000e+08
1.417092370000000000e+08
1.411218900000000000e+08
1.420149320000000000e+08
1.415307480000000000e+08
1.414717550000000000e+08
1.257411370000000000e+08
1.118355970000000000e+08
1.493911420000000000e+08
1.220553150000000000e+08
1.502995480000000000e+08
1.118777560000000000e+08
1.216291130000000000e+08
1.405990560000000000e+08
1.500296510000000000e+08
1.499143380000000000e+08
