1.113412330000000000e+08
1.228354750000000000e+08
1.234089880000000000e+08
1.429416240000000000e+08
1.154674230000000000e+08
1.391060960000000000e+08
1.423072460000000000e+08
1.476256610000000000e+08
1.150639260000000000e+08
1.220663080000000000e+08
1.489154960000000000e+08
1.499284790000000000e+08
1.200471470000000000e+08
1.539495110000000000e+08
1.037513580000000000e+08
1.540086270000000000e+08
1.540125590000000000e+08
1.035709080000000000e+08
1.377500980000000000e+08
1.386184510000000000e+08
1.479534090000000000e+08
1.540916780000000000e+08
1.479396110000000000e+08
1.057546800000000000e+08
1.426195790000000000e+08
1.106806850000000000e+08
1.234118880000000000e+08
1.489313220000000000e+08
1.441921300000000000e+07
1.385089280000000000e+08
1.034875960000000000e+08
1.205677260000000000e+08
1.426194210000000000e+08
1.377336030000000000e+08
1.155725370000000000e+08
1.201792880000000000e+08
1.038036290000000000e+08
1.370921640000000000e+08
1.499190480000000000e+08
1.133986600000000000e+07
1.463068900000000000e+07
1.038026910000000000e+08
1.036326710000000000e+08
1.225956240000000000e+08
1.483849400000000000e+07
1.425882320000000000e+08
1.232063180000000000e+08
1.075712000000000000e+07
1.375550510000000000e+08
1.541081880000000000e+08
1.539756890000000000e+08
1.227142670000000000e+08
1.479363050000000000e+08
1.489620680000000000e+08
1.208238350000000000e+08
1.227121150000000000e+08
1.133297420000000000e+08
1.423085610000000000e+08
1.386502250000000000e+08
1.162757900000000000e+07
1.215424930000000000e+08
1.037433170000000000e+08
1.478952310000000000e+08
1.037418300000000000e+08
1.117843560000000000e+08
1.124915310000000000e+08
1.230448740000000000e+08
1.478987010000000000e+08
1.428768240000000000e+08
1.038060850000000000e+08
1.375503120000000000e+08
1.479510300000000000e+08
1.227845010000000000e+08
1.281189800000000000e+07
1.541643890000000000e+08
1.040918600000000000e+08
1.212150120000000000e+08
1.401126559000000000e+09
1.148640450000000000e+08
1.223044940000000000e+08
1.540903260000000000e+08
1.428641550000000000e+08
1.479408540000000000e+08
1.478979640000000000e+08
1.232298110000000000e+08
1.208261580000000000e+08
1.425631150000000000e+08
1.475603900000000000e+08
1.424871720000000000e+08
1.489680640000000000e+08
1.540931240000000000e+08
1.489711180000000000e+08
1.541251770000000000e+08
1.427912530000000000e+08
1.170246060000000000e+08
1.202609990000000000e+08
1.400994843000000000e+09
1.060150070000000000e+08
1.271368020000000000e+09
1.112103140000000000e+08
1.424426570000000000e+08
1.479209880000000000e+08
1.400707369000000000e+09
1.233090240000000000e+08
1.233578640000000000e+08
1.358599030000000000e+08
1.489602760000000000e+08
1.248542700000000000e+07
1.476700790000000000e+08
1.386534340000000000e+08
1.221368610000000000e+08
1.376055350000000000e+08
1.541818280000000000e+08
1.475617320000000000e+08
1.540906630000000000e+08
1.479717610000000000e+08
1.539367920000000000e+08
1.227153240000000000e+08
1.228901440000000000e+08
1.488940320000000000e+08
1.000140760000000000e+08
1.222196600000000000e+08
1.102701578000000000e+09
1.385421370000000000e+08
1.150639280000000000e+08
1.176788120000000000e+08
1.149428600000000000e+08
1.036908340000000000e+08
1.203601820000000000e+08
1.216556200000000000e+08
1.225982390000000000e+08
1.425915150000000000e+08
1.367380970000000000e+08
1.029039380000000000e+08
1.499161480000000000e+08
1.386621260000000000e+08
1.428258770000000000e+08
1.539191150000000000e+08
1.208912060000000000e+08
1.000134600000000000e+08
1.385771210000000000e+08
1.429798080000000000e+08
1.385086920000000000e+08
1.479235610000000000e+08
1.035821730000000000e+08
1.539366600000000000e+08
1.428710490000000000e+08
1.478963800000000000e+08
1.200447870000000000e+08
1.220643880000000000e+08
1.385799760000000000e+08
1.540873900000000000e+08
1.475761070000000000e+08
1.234182950000000000e+08
1.342446900000000000e+07
1.234099940000000000e+08
1.377508280000000000e+08
1.211220160000000000e+08
1.376038010000000000e+08
1.036036850000000000e+08
1.424901150000000000e+08
1.385912010000000000e+08
1.539513070000000000e+08
1.219891140000000000e+08
1.159951700000000000e+08
1.499280230000000000e+08
1.231265670000000000e+08
1.429355700000000000e+08
1.248627600000000000e+07
1.029009910000000000e+08
1.371520730000000000e+08
1.373423440000000000e+08
1.489613720000000000e+08
1.216040420000000000e+08
1.488789790000000000e+08
1.428640430000000000e+08
1.476265000000000000e+08
1.425860790000000000e+08
1.424455050000000000e+08
1.099667940000000000e+08
1.540926720000000000e+08
1.428280240000000000e+08
1.476272640000000000e+08
1.540671690000000000e+08
1.212137900000000000e+08
1.217318340000000000e+08
1.234134330000000000e+08
1.000138270000000000e+08
1.476065840000000000e+08
1.037507100000000000e+08
1.374083170000000000e+08
1.476111850000000000e+08
1.029988290000000000e+08
1.212774450000000000e+08
1.042037410000000000e+08
1.423835360000000000e+08
1.234177620000000000e+08
1.213930920000000000e+08
1.425371760000000000e+08
1.036324020000000000e+08
1.489620540000000000e+08
1.391552120000000000e+08
1.374883170000000000e+08
1.234503730000000000e+08
1.427517240000000000e+08
1.401081862000000000e+09
1.425035140000000000e+08
1.541649920000000000e+08
1.223769960000000000e+08
1.385893210000000000e+08
1.478780620000000000e+08
1.479496130000000000e+08
1.540074020000000000e+08
1.371518560000000000e+08
1.424898990000000000e+08
1.223008950000000000e+08
1.215989410000000000e+08
1.232307650000000000e+08
1.203150820000000000e+08
1.035824780000000000e+08
1.376064690000000000e+08
1.539490680000000000e+08
1.499177970000000000e+08
1.365362480000000000e+08
1.170133430000000000e+08
1.020133630000000000e+08
1.036308850000000000e+08
1.544739940000000000e+08
1.231314580000000000e+08
1.201292734000000000e+09
1.541811870000000000e+08
1.033713240000000000e+08
1.542039880000000000e+08
1.539734350000000000e+08
1.539908580000000000e+08
1.427803470000000000e+08
1.035722130000000000e+08
1.540929100000000000e+08
1.428286710000000000e+08
1.425194880000000000e+08
1.121724860000000000e+08
1.428481830000000000e+08
1.210206260000000000e+08
1.423968240000000000e+08
1.036059680000000000e+08
1.423716320000000000e+08
1.489626730000000000e+08
1.476713960000000000e+08
1.233155560000000000e+08
1.102584065000000000e+09
1.211245760000000000e+08
1.037436670000000000e+08
1.423975120000000000e+08
1.479226240000000000e+08
1.428274660000000000e+08
1.201827070000000000e+08
1.120522500000000000e+07
1.424461200000000000e+08
1.539491930000000000e+08
1.108688270000000000e+08
1.267049700000000000e+07
1.213950820000000000e+08
1.201291460000000000e+09
1.477140220000000000e+08
1.423733540000000000e+08
1.234961500000000000e+08
1.378915570000000000e+08
1.036053990000000000e+08
1.389612910000000000e+08
1.216488440000000000e+08
1.218768310000000000e+08
1.540684080000000000e+08
1.223060960000000000e+08
1.216086050000000000e+08
1.054188060000000000e+08
1.000129630000000000e+08
1.489099540000000000e+08
1.489120180000000000e+08
1.424396940000000000e+08
1.201228154000000000e+09
1.540898460000000000e+08
1.539896480000000000e+08
1.488949420000000000e+08
1.227878850000000000e+08
1.441865500000000000e+07
1.489698880000000000e+08
1.489706400000000000e+08
1.036311040000000000e+08
1.215973420000000000e+08
1.055171140000000000e+08
1.478961590000000000e+08
1.036319170000000000e+08
1.220637080000000000e+08
1.216057280000000000e+08
1.427262210000000000e+08
1.539495890000000000e+08
1.012265000000000000e+07
1.385792490000000000e+08
1.388931450000000000e+08
1.385583870000000000e+08
1.368472000000000000e+07
1.386338530000000000e+08
1.426352740000000000e+08
1.539769930000000000e+08
1.212115230000000000e+08
1.429624460000000000e+08
1.213296240000000000e+08
1.391549710000000000e+08
1.027342410000000000e+08
1.210839550000000000e+08
1.293051900000000000e+07
1.171657900000000000e+07
1.422769450000000000e+08
1.479406380000000000e+08
1.539903440000000000e+08
1.423836420000000000e+08
1.217898330000000000e+08
1.387454800000000000e+07
1.386520160000000000e+08
1.312753000000000000e+07
1.385090550000000000e+08
1.377329810000000000e+08
1.037437550000000000e+08
1.539767120000000000e+08
1.102550101000000000e+09
1.036048340000000000e+08
1.281076100000000000e+07
1.232347470000000000e+08
1.325244600000000000e+07
1.540679190000000000e+08
1.427817500000000000e+08
1.428496830000000000e+08
1.428283810000000000e+08
1.226072110000000000e+08
1.218651310000000000e+08
1.424577610000000000e+08
1.540118660000000000e+08
1.476269110000000000e+08
1.424397700000000000e+08
1.228896400000000000e+08
1.429332000000000000e+08
1.037005570000000000e+08
1.541075310000000000e+08
1.229535360000000000e+08
1.427456980000000000e+08
1.542045950000000000e+08
1.226831960000000000e+08
1.499275820000000000e+08
1.001444020000000000e+09
1.226734960000000000e+08
1.488951520000000000e+08
1.213950390000000000e+08
1.231998900000000000e+08
1.423821260000000000e+08
1.043477170000000000e+08
1.385807170000000000e+08
1.000090420000000000e+08
1.429458070000000000e+08
1.429615450000000000e+08
1.230376620000000000e+08
1.429632100000000000e+08
1.476068670000000000e+08
1.271365948000000000e+09
1.540069880000000000e+08
1.038053870000000000e+08
1.538932000000000000e+07
1.429624810000000000e+08
1.427914570000000000e+08
1.425634060000000000e+08
1.227872620000000000e+08
1.390370470000000000e+08
1.376027270000000000e+08
1.427486470000000000e+08
1.540675100000000000e+08
1.228926910000000000e+08
1.400695475000000000e+09
1.233144710000000000e+08
1.453047700000000000e+07
1.359648980000000000e+08
1.367338140000000000e+08
1.213937800000000000e+08
1.488388940000000000e+08
1.488399730000000000e+08
1.037524400000000000e+08
1.211248310000000000e+08
1.377700920000000000e+08
1.428788950000000000e+08
1.424454450000000000e+08
1.539748820000000000e+08
1.540872990000000000e+08
1.377774290000000000e+08
1.428732060000000000e+08
1.301994200000000000e+07
1.036315010000000000e+08
1.232362280000000000e+08
1.029292480000000000e+08
1.539193790000000000e+08
1.488396640000000000e+08
1.479933290000000000e+08
1.396772700000000000e+07
1.541071590000000000e+08
1.499277150000000000e+08
1.499282060000000000e+08
1.102701768000000000e+09
1.429350230000000000e+08
1.170230070000000000e+08
1.425909560000000000e+08
1.540932170000000000e+08
1.379731570000000000e+08
1.208231850000000000e+08
1.428492460000000000e+08
1.540891690000000000e+08
1.271130540000000000e+09
1.163582570000000000e+08
1.423174520000000000e+08
1.000125750000000000e+08
1.544750060000000000e+08
1.227827010000000000e+08
1.038045640000000000e+08
1.423192440000000000e+08
1.377339370000000000e+08
1.151353560000000000e+08
1.037548880000000000e+08
1.489690830000000000e+08
1.036041760000000000e+08
1.427517980000000000e+08
1.397353900000000000e+07
1.540103790000000000e+08
1.475755740000000000e+08
1.499167450000000000e+08
1.476058580000000000e+08
1.036857360000000000e+08
1.172372840000000000e+08
1.489144030000000000e+08
1.386186480000000000e+08
1.376051770000000000e+08
1.233112020000000000e+08
1.478957250000000000e+08
1.035730240000000000e+08
1.200490710000000000e+08
1.544561900000000000e+08
1.225191630000000000e+08
1.479509380000000000e+08
1.219957270000000000e+08
1.489626170000000000e+08
1.479498950000000000e+08
1.035805690000000000e+08
1.389680890000000000e+08
1.377773870000000000e+08
1.425865510000000000e+08
1.540072460000000000e+08
1.499167420000000000e+08
1.203621280000000000e+08
1.385602720000000000e+08
1.488958170000000000e+08
1.000962450000000000e+08
1.384304380000000000e+08
1.231992130000000000e+08
1.476735520000000000e+08
1.230157390000000000e+08
1.204203690000000000e+08
1.225404500000000000e+07
1.489640200000000000e+08
1.489161650000000000e+08
1.539913890000000000e+08
1.538970880000000000e+08
1.221396600000000000e+08
1.062221370000000000e+08
1.475602730000000000e+08
1.425920700000000000e+08
1.035725460000000000e+08
1.424398830000000000e+08
1.002340050000000000e+08
1.233573760000000000e+08
1.389715700000000000e+08
1.376312800000000000e+08
1.377337380000000000e+08
1.479363610000000000e+08
1.489178090000000000e+08
1.036860380000000000e+08
1.540688810000000000e+08
1.148653240000000000e+08
1.423478790000000000e+08
1.036334340000000000e+08
1.539909230000000000e+08
1.038022940000000000e+08
1.488952020000000000e+08
1.036057780000000000e+08
1.114287220000000000e+08
1.161714200000000000e+07
1.423853590000000000e+08
1.369197400000000000e+07
1.427483420000000000e+08
1.150568770000000000e+08
1.102715777000000000e+09
1.541821440000000000e+08
1.429479960000000000e+08
1.540073570000000000e+08
1.544902010000000000e+08
1.028482320000000000e+08
1.035713880000000000e+08
1.423023550000000000e+08
1.539728760000000000e+08
1.203547140000000000e+08
1.489166260000000000e+08
1.147840730000000000e+08
1.234105020000000000e+08
1.427809440000000000e+08
1.476796720000000000e+08
1.377139810000000000e+08
1.372199480000000000e+08
1.423970060000000000e+08
1.489655930000000000e+08
1.036998160000000000e+08
1.201790090000000000e+08
1.208935420000000000e+08
1.120222450000000000e+08
1.218715900000000000e+08
1.012810900000000000e+07
1.211197580000000000e+08
1.104282690000000000e+08
1.479545420000000000e+08
1.025026610000000000e+08
1.049027650000000000e+08
1.036336000000000000e+08
1.425921530000000000e+08
1.029269820000000000e+08
1.376272240000000000e+08
1.035704460000000000e+08
1.411296570000000000e+08
1.541081460000000000e+08
1.386196680000000000e+08
1.357969430000000000e+08
1.423718880000000000e+08
1.229535760000000000e+08
1.489147260000000000e+08
1.376067260000000000e+08
1.421836300000000000e+07
1.029944630000000000e+08
1.476442230000000000e+08
1.204228000000000000e+08
1.179050200000000000e+08
1.476131280000000000e+08
1.105418200000000000e+08
1.422769790000000000e+08
1.037538670000000000e+08
1.154071570000000000e+08
1.424464330000000000e+08
1.499280000000000000e+08
1.540679250000000000e+08
1.219949970000000000e+08
1.540880160000000000e+08
1.383490370000000000e+08
1.423813640000000000e+08
1.232014060000000000e+08
1.029032580000000000e+08
1.036858130000000000e+08
1.544841320000000000e+08
1.204953380000000000e+08
1.037416600000000000e+08
1.539773530000000000e+08
1.423012490000000000e+08
1.226064630000000000e+08
1.228914770000000000e+08
1.231981560000000000e+08
1.375569460000000000e+08
1.499283650000000000e+08
1.499164150000000000e+08
1.478929820000000000e+08
1.489317840000000000e+08
1.022431700000000000e+07
1.219997000000000000e+08
1.378025520000000000e+08
1.400770435000000000e+09
1.426173790000000000e+08
1.499127380000000000e+08
1.488419590000000000e+08
1.029240490000000000e+08
1.036336720000000000e+08
1.106808030000000000e+08
1.206904510000000000e+08
1.226831090000000000e+08
1.400807589000000000e+09
1.367841240000000000e+08
1.427509210000000000e+08
1.364012240000000000e+08
1.202993200000000000e+07
1.376874870000000000e+08
1.228894900000000000e+08
1.000113510000000000e+08
1.427802350000000000e+08
1.525084100000000000e+07
1.157701850000000000e+08
1.540097000000000000e+08
1.215985620000000000e+08
1.000141310000000000e+08
1.234165150000000000e+08
1.234182270000000000e+08
1.475625280000000000e+08
1.424397390000000000e+08
1.479357430000000000e+08
1.217299700000000000e+08
1.377268100000000000e+08
1.499289420000000000e+08
1.540916150000000000e+08
1.036892530000000000e+08
1.423950570000000000e+08
1.427400060000000000e+08
1.386615150000000000e+08
1.540887690000000000e+08
1.257814500000000000e+07
1.427837460000000000e+08
1.376066770000000000e+08
1.386527840000000000e+08
1.386933100000000000e+07
1.479509030000000000e+08
1.208903820000000000e+08
1.499120350000000000e+08
1.367408290000000000e+08
1.200449740000000000e+08
1.376043110000000000e+08
1.220608040000000000e+08
1.541829880000000000e+08
1.228410010000000000e+08
1.420711800000000000e+07
1.232038220000000000e+08
1.032450150000000000e+08
1.301945400000000000e+07
1.363894060000000000e+08
1.377699620000000000e+08
1.025073790000000000e+08
1.476126450000000000e+08
1.372160270000000000e+08
1.475603880000000000e+08
1.539199190000000000e+08
1.424427170000000000e+08
1.038080230000000000e+08
1.097500680000000000e+08
1.540916300000000000e+08
1.170282410000000000e+08
1.213274520000000000e+08
1.036556600000000000e+08
1.385057540000000000e+08
1.385086050000000000e+08
1.022299400000000000e+08
1.035708640000000000e+08
1.201793980000000000e+08
1.540085040000000000e+08
1.428634260000000000e+08
1.489328230000000000e+08
1.230966980000000000e+08
1.427921480000000000e+08
1.234449760000000000e+08
1.217767840000000000e+08
1.424398790000000000e+08
1.377291540000000000e+08
1.489121900000000000e+08
1.538976150000000000e+08
1.429056560000000000e+08
1.540099640000000000e+08
1.541807620000000000e+08
1.428102070000000000e+08
1.203175900000000000e+08
1.476057580000000000e+08
1.539734410000000000e+08
1.425359490000000000e+08
1.427495290000000000e+08
1.108722680000000000e+08
1.036877770000000000e+08
1.539769920000000000e+08
1.219922770000000000e+08
1.540902430000000000e+08
1.212135010000000000e+08
1.476817190000000000e+08
1.476801590000000000e+08
1.477138910000000000e+08
1.219927980000000000e+08
1.037515390000000000e+08
1.102642384000000000e+09
1.052579500000000000e+08
1.029251260000000000e+08
1.179788000000000000e+07
1.232011680000000000e+08
1.425851180000000000e+08
1.216059130000000000e+08
1.544586160000000000e+08
1.386534720000000000e+08
1.134458700000000000e+08
1.540114030000000000e+08
1.218754740000000000e+08
1.098429100000000000e+08
1.214569020000000000e+08
1.102493238000000000e+09
1.423066060000000000e+08
1.478943330000000000e+08
1.539759750000000000e+08
1.476053930000000000e+08
1.540900770000000000e+08
1.374030180000000000e+08
1.129859110000000000e+08
1.428780960000000000e+08
1.201330483000000000e+09
1.204995280000000000e+08
1.426175720000000000e+08
1.232344960000000000e+08
1.205778670000000000e+08
1.038032070000000000e+08
1.150591460000000000e+08
1.167859900000000000e+08
1.233962100000000000e+07
1.499281730000000000e+08
1.425660230000000000e+08
1.489174250000000000e+08
1.372183890000000000e+08
1.151391120000000000e+08
1.423174420000000000e+08
1.037430970000000000e+08
1.232064540000000000e+08
1.231292410000000000e+08
1.234896140000000000e+08
1.041872070000000000e+08
1.425876920000000000e+08
1.153124250000000000e+08
1.271218438000000000e+09
1.245672500000000000e+07
1.479210990000000000e+08
1.212153430000000000e+08
1.044582270000000000e+08
1.201199133000000000e+09
1.488779840000000000e+08
1.424424500000000000e+08
1.209635870000000000e+08
1.540868640000000000e+08
1.425349830000000000e+08
1.478206070000000000e+08
1.209631370000000000e+08
1.540141600000000000e+08
1.476812840000000000e+08
1.215456400000000000e+08
1.377339270000000000e+08
1.525093200000000000e+07
1.539757460000000000e+08
1.036554260000000000e+08
1.037412870000000000e+08
1.539762320000000000e+08
1.429357390000000000e+08
1.386329110000000000e+08
1.201246763000000000e+09
1.377332230000000000e+08
1.423084780000000000e+08
1.475764760000000000e+08
1.203642360000000000e+08
1.499271500000000000e+08
1.371539570000000000e+08
1.233163410000000000e+08
1.427388210000000000e+08
1.539512170000000000e+08
1.385889690000000000e+08
1.098854900000000000e+07
1.029299270000000000e+08
1.541652820000000000e+08
1.022242430000000000e+08
1.388931360000000000e+08
1.170925000000000000e+07
1.271341297000000000e+09
1.378099600000000000e+08
1.499128710000000000e+08
1.429456890000000000e+08
1.540917660000000000e+08
1.201246764000000000e+09
1.036894870000000000e+08
1.213288040000000000e+08
1.029239590000000000e+08
1.428263760000000000e+08
1.401081864000000000e+09
1.540116940000000000e+08
1.232297960000000000e+08
1.428491970000000000e+08
1.381608860000000000e+08
1.479920960000000000e+08
1.200467900000000000e+08
1.424913000000000000e+08
1.489117810000000000e+08
1.489336020000000000e+08
1.476420570000000000e+08
1.212149760000000000e+08
1.230420920000000000e+08
1.355830100000000000e+07
1.249206900000000000e+07
1.218728040000000000e+08
1.540677970000000000e+08
1.428276680000000000e+08
1.029286190000000000e+08
1.148657550000000000e+08
1.203199300000000000e+08
1.312387700000000000e+07
1.379778040000000000e+08
1.420371200000000000e+07
1.169625000000000000e+07
1.225164840000000000e+08
1.495207400000000000e+07
1.426154350000000000e+08
1.037552490000000000e+08
1.224993500000000000e+07
1.428486170000000000e+08
1.476269460000000000e+08
1.426170770000000000e+08
1.541825490000000000e+08
1.367860460000000000e+08
1.541063260000000000e+08
1.213250570000000000e+08
1.541650550000000000e+08
1.385775410000000000e+08
1.429351590000000000e+08
1.036051970000000000e+08
1.484167300000000000e+07
1.212121350000000000e+08
1.147826280000000000e+08
1.539706780000000000e+08
1.423083960000000000e+08
1.205718420000000000e+08
1.204958250000000000e+08
1.539919210000000000e+08
1.541822430000000000e+08
1.221325770000000000e+08
1.488789310000000000e+08
1.478935560000000000e+08
1.089164000000000000e+07
1.478916620000000000e+08
1.540074310000000000e+08
1.229550900000000000e+08
1.540894720000000000e+08
1.037004230000000000e+08
1.378156960000000000e+08
1.216499330000000000e+08
1.234527050000000000e+08
1.034987900000000000e+08
1.479534010000000000e+08
1.380371410000000000e+08
1.429419350000000000e+08
1.539495650000000000e+08
1.377513440000000000e+08
1.224469600000000000e+08
1.539502370000000000e+08
1.479519080000000000e+08
1.206283210000000000e+08
1.233178650000000000e+08
1.479378600000000000e+08
1.002550550000000000e+08
1.271318147000000000e+09
1.226034550000000000e+08
1.539200970000000000e+08
1.095276780000000000e+08
1.488957500000000000e+08
1.479359670000000000e+08
1.245572100000000000e+07
1.225998800000000000e+07
1.222151770000000000e+08
1.390992350000000000e+08
1.378008450000000000e+08
1.221394380000000000e+08
1.385803260000000000e+08
1.171388600000000000e+07
1.379811140000000000e+08
1.119041620000000000e+08
1.233348600000000000e+07
1.479930670000000000e+08
1.121610240000000000e+08
1.475638750000000000e+08
1.216570880000000000e+08
1.210473070000000000e+08
1.489177090000000000e+08
1.191062600000000000e+07
1.425641110000000000e+08
1.375812980000000000e+08
1.539737640000000000e+08
1.098297900000000000e+07
1.539703480000000000e+08
1.541656720000000000e+08
1.476441870000000000e+08
1.489693120000000000e+08
1.036995250000000000e+08
1.539198560000000000e+08
1.432023500000000000e+07
1.036851340000000000e+08
1.538299800000000000e+07
1.037528170000000000e+08
1.210227670000000000e+08
1.054187810000000000e+08
1.213257540000000000e+08
1.544747490000000000e+08
1.038027650000000000e+08
1.424910570000000000e+08
1.230446480000000000e+08
1.540925580000000000e+08
1.374137300000000000e+08
1.385074840000000000e+08
1.540123760000000000e+08
1.232281910000000000e+08
1.499171290000000000e+08
1.384333850000000000e+08
1.258434400000000000e+07
1.385882560000000000e+08
1.385455520000000000e+08
1.227896190000000000e+08
1.224474800000000000e+08
1.206897750000000000e+08
1.488396340000000000e+08
1.476700710000000000e+08
1.216551880000000000e+08
1.540109090000000000e+08
1.333283700000000000e+07
1.387213240000000000e+08
1.385609210000000000e+08
1.050166220000000000e+08
1.429047550000000000e+08
1.102555267000000000e+09
1.036326770000000000e+08
1.499283720000000000e+08
1.214601040000000000e+08
1.386349340000000000e+08
1.544538750000000000e+08
1.209003200000000000e+08
1.228327140000000000e+08
1.475743640000000000e+08
1.425850720000000000e+08
1.029234480000000000e+08
1.232061800000000000e+08
1.423853960000000000e+08
1.222135060000000000e+08
1.377327340000000000e+08
1.205767220000000000e+08
1.476281630000000000e+08
1.086174200000000000e+07
1.230924640000000000e+08
1.391573390000000000e+08
1.384288970000000000e+08
1.217296140000000000e+08
1.036039530000000000e+08
1.541067580000000000e+08
1.000087120000000000e+08
1.213929310000000000e+08
1.499194940000000000e+08
1.539184200000000000e+08
1.475747680000000000e+08
1.425366390000000000e+08
1.217387490000000000e+08
1.539495010000000000e+08
1.056286170000000000e+08
1.232367810000000000e+08
1.483349300000000000e+07
1.540092380000000000e+08
1.218756640000000000e+08
1.507201500000000000e+07
1.043400220000000000e+08
1.385789060000000000e+08
1.292653200000000000e+07
1.377503320000000000e+08
1.489168140000000000e+08
1.499509200000000000e+08
1.387707400000000000e+07
1.476257550000000000e+08
1.385602990000000000e+08
1.044487890000000000e+08
1.375556680000000000e+08
1.479944690000000000e+08
1.488777390000000000e+08
1.428633080000000000e+08
1.111043180000000000e+08
1.375514610000000000e+08
1.386347180000000000e+08
1.036320480000000000e+08
1.476074990000000000e+08
1.386492160000000000e+08
1.499284150000000000e+08
1.035715780000000000e+08
1.423501210000000000e+08
1.441687500000000000e+07
1.479220280000000000e+08
1.478202370000000000e+08
1.425191300000000000e+08
1.489136010000000000e+08
1.499176320000000000e+08
1.427829680000000000e+08
1.479353890000000000e+08
1.376063340000000000e+08
1.203606910000000000e+08
1.489697620000000000e+08
1.102469580000000000e+09
1.541253260000000000e+08
1.475633120000000000e+08
1.360343020000000000e+08
1.001661677000000000e+09
1.430083120000000000e+08
1.427827520000000000e+08
1.204266080000000000e+08
1.036333360000000000e+08
1.154019830000000000e+08
1.489621200000000000e+08
1.029258980000000000e+08
1.539362180000000000e+08
1.390394560000000000e+08
1.385775590000000000e+08
1.427486730000000000e+08
1.479227880000000000e+08
1.427270220000000000e+08
1.210859120000000000e+08
1.112215740000000000e+08
1.401014375000000000e+09
1.423839140000000000e+08
1.378043180000000000e+08
1.000112080000000000e+08
1.386392530000000000e+08
1.400696306000000000e+09
1.488387140000000000e+08
1.042013530000000000e+08
1.234465040000000000e+08
1.102617332000000000e+09
1.479371480000000000e+08
1.202583150000000000e+08
1.411463620000000000e+08
1.386515800000000000e+08
1.212730320000000000e+08
1.478199450000000000e+08
1.216000280000000000e+08
1.429404120000000000e+08
1.102694587000000000e+09
1.204214300000000000e+08
1.539183510000000000e+08
1.499110020000000000e+08
1.201328516000000000e+09
1.423082090000000000e+08
1.234466610000000000e+08
1.476802630000000000e+08
1.029300170000000000e+08
1.213279290000000000e+08
1.211232200000000000e+08
1.385903200000000000e+08
1.363249030000000000e+08
1.084942800000000000e+07
1.230923670000000000e+08
1.386534580000000000e+08
1.476119650000000000e+08
1.429818070000000000e+08
1.223668510000000000e+08
1.387254700000000000e+08
1.224469710000000000e+08
1.201228104000000000e+09
1.223033280000000000e+08
1.213985340000000000e+08
1.479516000000000000e+08
1.423722490000000000e+08
1.216547010000000000e+08
1.476278660000000000e+08
1.208922200000000000e+08
1.540714000000000000e+08
1.483037000000000000e+07
1.035811550000000000e+08
1.423858270000000000e+08
1.476867430000000000e+08
1.488421080000000000e+08
1.379732080000000000e+08
1.488393150000000000e+08
1.499275120000000000e+08
1.429048850000000000e+08
1.428114160000000000e+08
1.479705570000000000e+08
1.429426770000000000e+08
1.035808770000000000e+08
1.271262829000000000e+09
1.385810980000000000e+08
1.179861700000000000e+07
1.429463080000000000e+08
1.373377160000000000e+08
1.476270720000000000e+08
1.429803160000000000e+08
1.424721080000000000e+08
1.206319330000000000e+08
1.205694170000000000e+08
1.029239010000000000e+08
1.488366010000000000e+08
1.233628190000000000e+08
1.357024450000000000e+08
1.201194272000000000e+09
1.209608120000000000e+08
1.061305270000000000e+08
1.540079760000000000e+08
1.427464710000000000e+08
1.377280340000000000e+08
1.038035200000000000e+08
1.208263000000000000e+08
1.423823820000000000e+08
1.424418300000000000e+08
1.425664130000000000e+08
1.478800890000000000e+08
1.539499010000000000e+08
1.539768310000000000e+08
1.216570900000000000e+08
1.426187970000000000e+08
1.425202240000000000e+08
1.376078570000000000e+08
1.374896620000000000e+08
1.229526750000000000e+08
1.476709880000000000e+08
1.427388790000000000e+08
1.130823910000000000e+08
1.542042080000000000e+08
1.202593960000000000e+08
1.373093440000000000e+08
1.400769906000000000e+09
1.000120360000000000e+08
1.037001940000000000e+08
1.425864080000000000e+08
1.476250640000000000e+08
1.209626390000000000e+08
1.488942890000000000e+08
1.544858870000000000e+08
1.114579000000000000e+07
1.229580100000000000e+08
1.231253140000000000e+08
1.377544940000000000e+08
1.489711460000000000e+08
1.428280480000000000e+08
1.427482830000000000e+08
1.204248560000000000e+08
1.540072470000000000e+08
1.429057110000000000e+08
1.201054050000000000e+08
1.378100620000000000e+08
1.377759850000000000e+08
1.476735530000000000e+08
1.217768820000000000e+08
1.367322830000000000e+08
1.376037900000000000e+08
1.219369040000000000e+08
1.427378660000000000e+08
1.099675080000000000e+08
1.025107420000000000e+08
1.541809910000000000e+08
1.385811890000000000e+08
1.426195830000000000e+08
1.539756740000000000e+08
1.428475720000000000e+08
1.429056980000000000e+08
1.478979460000000000e+08
1.386523720000000000e+08
1.424465240000000000e+08
1.120273060000000000e+08
1.479506200000000000e+08
1.377625970000000000e+08
1.000102260000000000e+08
1.427485580000000000e+08
1.432355800000000000e+07
1.102554583000000000e+09
1.477138580000000000e+08
1.541262080000000000e+08
1.428103470000000000e+08
1.539904460000000000e+08
1.541063790000000000e+08
1.478956070000000000e+08
1.425023950000000000e+08
1.230147800000000000e+08
1.373064630000000000e+08
1.036568740000000000e+08
1.038060030000000000e+08
1.483188200000000000e+07
1.200479040000000000e+08
1.385043920000000000e+08
1.544550520000000000e+08
1.230965970000000000e+08
1.429031210000000000e+08
1.035808940000000000e+08
1.214577320000000000e+08
1.427827150000000000e+08
1.489661210000000000e+08
1.426169710000000000e+08
1.105536610000000000e+08
1.038074700000000000e+08
1.029234190000000000e+08
1.479381880000000000e+08
1.226806080000000000e+08
1.385781550000000000e+08
1.430079230000000000e+08
1.044438110000000000e+08
1.234920810000000000e+08
1.489674760000000000e+08
1.219474050000000000e+08
1.368614800000000000e+07
1.385058290000000000e+08
1.428631070000000000e+08
1.375491830000000000e+08
1.209674880000000000e+08
1.426156880000000000e+08
1.540708290000000000e+08
1.232370060000000000e+08
1.201270568000000000e+09
1.476739280000000000e+08
1.408563200000000000e+07
1.102705218000000000e+09
1.021610040000000000e+08
1.169594800000000000e+07
1.206357080000000000e+08
1.037506510000000000e+08
1.229567570000000000e+08
1.424423450000000000e+08
1.226803920000000000e+08
1.429633490000000000e+08
1.204951430000000000e+08
1.489142880000000000e+08
1.489599280000000000e+08
1.212764320000000000e+08
1.371523010000000000e+08
1.222269900000000000e+08
1.212769640000000000e+08
1.029288090000000000e+08
1.540670540000000000e+08
1.050083170000000000e+08
1.489106020000000000e+08
1.116659600000000000e+08
1.489689780000000000e+08
1.210238480000000000e+08
1.479716120000000000e+08
1.220009460000000000e+08
1.427802010000000000e+08
1.479522170000000000e+08
1.342030900000000000e+07
1.427517970000000000e+08
1.221389560000000000e+08
1.203130850000000000e+08
1.355084000000000000e+07
1.375811060000000000e+08
1.540123840000000000e+08
1.214038080000000000e+08
1.429614600000000000e+08
1.386430150000000000e+08
1.541069570000000000e+08
1.201834120000000000e+08
1.038075260000000000e+08
1.121525900000000000e+07
1.427264630000000000e+08
1.115621470000000000e+08
1.424925000000000000e+08
1.425364430000000000e+08
1.420669900000000000e+07
1.098453100000000000e+07
1.386344460000000000e+08
1.211216220000000000e+08
1.102550100000000000e+09
1.230433590000000000e+08
1.539743800000000000e+08
1.207645360000000000e+08
1.228398940000000000e+08
1.386509030000000000e+08
1.201734500000000000e+08
1.373196640000000000e+08
1.378043870000000000e+08
1.479406450000000000e+08
1.386348990000000000e+08
1.427819100000000000e+08
1.386521330000000000e+08
1.541647670000000000e+08
1.036886140000000000e+08
1.429423090000000000e+08
1.049099090000000000e+08
1.425358000000000000e+08
1.036334720000000000e+08
1.134922600000000000e+07
1.230440390000000000e+08
1.476252880000000000e+08
1.541259480000000000e+08
1.397280900000000000e+07
1.200462870000000000e+08
1.479405630000000000e+08
1.478949340000000000e+08
1.211084970000000000e+08
1.423951760000000000e+08
1.499112320000000000e+08
1.476246670000000000e+08
1.035820310000000000e+08
1.037436900000000000e+08
1.478961040000000000e+08
1.540688270000000000e+08
1.343134600000000000e+07
1.540691020000000000e+08
1.036563990000000000e+08
1.000140100000000000e+08
1.210178060000000000e+08
1.499161520000000000e+08
1.429365120000000000e+08
1.499294030000000000e+08
1.206267640000000000e+08
1.112961400000000000e+07
1.427933980000000000e+08
1.478928750000000000e+08
1.489134360000000000e+08
1.488399950000000000e+08
1.476712450000000000e+08
1.539919460000000000e+08
1.220683890000000000e+08
1.042000290000000000e+08
1.430078430000000000e+08
1.540703150000000000e+08
1.205680120000000000e+08
1.291512400000000000e+07
1.214622590000000000e+08
1.540103910000000000e+08
1.429801530000000000e+08
1.098418880000000000e+08
1.479373030000000000e+08
1.499153570000000000e+08
1.499193300000000000e+08
1.099434200000000000e+07
1.036842890000000000e+08
1.179105510000000000e+08
1.000119080000000000e+08
1.036060330000000000e+08
1.128528010000000000e+08
1.479529220000000000e+08
1.489318980000000000e+08
1.540920740000000000e+08
1.212812630000000000e+08
1.038068530000000000e+08
1.222971480000000000e+08
1.029259150000000000e+08
1.427515440000000000e+08
1.029291610000000000e+08
1.001565755000000000e+09
1.047791610000000000e+08
1.425204070000000000e+08
1.221391660000000000e+08
1.427382280000000000e+08
1.033132200000000000e+07
1.249433200000000000e+07
1.219419090000000000e+08
1.201770900000000000e+08
1.233176430000000000e+08
1.544551980000000000e+08
1.423188970000000000e+08
1.375813760000000000e+08
1.429816420000000000e+08
1.479210140000000000e+08
1.541064930000000000e+08
1.541063340000000000e+08
1.541246070000000000e+08
1.427488380000000000e+08
1.385891330000000000e+08
1.479528740000000000e+08
1.219411680000000000e+08
1.033796900000000000e+07
1.479392110000000000e+08
1.026046450000000000e+08
1.540107280000000000e+08
1.213913200000000000e+07
1.386187270000000000e+08
1.232029640000000000e+08
1.427490450000000000e+08
1.036856880000000000e+08
1.098805700000000000e+07
1.111045470000000000e+08
1.540121880000000000e+08
1.120213550000000000e+08
1.228915240000000000e+08
1.423872200000000000e+08
1.201286482000000000e+09
1.429613840000000000e+08
1.423843350000000000e+08
1.488410650000000000e+08
1.367402790000000000e+08
1.152306330000000000e+08
1.428780150000000000e+08
1.396885800000000000e+07
1.222202630000000000e+08
1.385885400000000000e+08
1.539779040000000000e+08
1.461999700000000000e+07
1.373413540000000000e+08
1.230978990000000000e+08
1.479373760000000000e+08
1.540118580000000000e+08
1.544755080000000000e+08
1.489636350000000000e+08
1.513292700000000000e+07
1.540119000000000000e+08
1.213269950000000000e+08
1.377715800000000000e+08
1.000130150000000000e+08
1.427853980000000000e+08
1.423740600000000000e+08
1.426174030000000000e+08
1.540109120000000000e+08
1.227133550000000000e+08
1.476059370000000000e+08
1.051662150000000000e+08
1.539752890000000000e+08
1.424419100000000000e+08
1.221417220000000000e+08
1.361994800000000000e+08
1.476722060000000000e+08
1.223001840000000000e+08
1.373435250000000000e+08
1.126310390000000000e+08
1.217845670000000000e+08
1.234977710000000000e+08
1.104170790000000000e+08
1.201763040000000000e+08
1.429041840000000000e+08
1.488395710000000000e+08
1.228403970000000000e+08
1.391544900000000000e+08
1.037508610000000000e+08
1.441108300000000000e+07
1.540703830000000000e+08
1.478937390000000000e+08
1.424453920000000000e+08
1.216557250000000000e+08
1.540119350000000000e+08
1.489690500000000000e+08
1.226037190000000000e+08
1.371477830000000000e+08
1.038074730000000000e+08
1.541072300000000000e+08
1.102601958000000000e+09
1.000116510000000000e+08
1.364035990000000000e+08
1.478214340000000000e+08
1.220655440000000000e+08
1.057447310000000000e+08
1.541828430000000000e+08
1.479510180000000000e+08
1.373386830000000000e+08
1.489690570000000000e+08
1.119114380000000000e+08
1.423176640000000000e+08
1.539177250000000000e+08
1.427861790000000000e+08
1.479519850000000000e+08
1.488939540000000000e+08
1.044625900000000000e+07
1.209686380000000000e+08
1.476106230000000000e+08
1.489317170000000000e+08
1.215972070000000000e+08
1.428627920000000000e+08
1.036926700000000000e+08
1.411466180000000000e+08
1.038031770000000000e+08
1.425891640000000000e+08
1.539177590000000000e+08
1.424426760000000000e+08
1.036312720000000000e+08
1.036891010000000000e+08
1.036887410000000000e+08
1.426175150000000000e+08
1.036899120000000000e+08
1.386620240000000000e+08
1.206935060000000000e+08
1.224494400000000000e+08
1.401134542000000000e+09
1.102636440000000000e+09
1.221369640000000000e+08
1.377326940000000000e+08
1.488380530000000000e+08
1.424299890000000000e+08
1.154703130000000000e+08
1.488419690000000000e+08
1.370952220000000000e+08
1.377503780000000000e+08
1.424434250000000000e+08
1.488372360000000000e+08
1.204203190000000000e+08
1.377720650000000000e+08
1.036564700000000000e+08
1.000102860000000000e+08
1.300293200000000000e+07
1.385594210000000000e+08
1.400736595000000000e+09
1.540919960000000000e+08
1.000110760000000000e+08
1.476850960000000000e+08
1.425205160000000000e+08
1.378308290000000000e+08
1.423175010000000000e+08
1.233104320000000000e+08
1.176801150000000000e+08
1.423976110000000000e+08
1.478965570000000000e+08
1.540938400000000000e+08
1.540143480000000000e+08
1.233100530000000000e+08
1.376092770000000000e+08
1.036893910000000000e+08
1.539194040000000000e+08
1.541245570000000000e+08
1.001502903000000000e+09
1.035712380000000000e+08
1.539500560000000000e+08
1.149404650000000000e+08
1.232029230000000000e+08
1.230437960000000000e+08
1.479213430000000000e+08
1.102716939000000000e+09
1.385063110000000000e+08
1.000136000000000000e+08
1.385773410000000000e+08
1.035039260000000000e+08
1.476278220000000000e+08
1.541075340000000000e+08
1.426343870000000000e+08
1.223756720000000000e+08
1.489156840000000000e+08
1.489661810000000000e+08
1.001512783000000000e+09
1.363180840000000000e+08
1.271355422000000000e+09
1.539905130000000000e+08
1.411467980000000000e+08
1.213293090000000000e+08
1.175820510000000000e+08
1.130988120000000000e+08
1.102623645000000000e+09
1.476440290000000000e+08
1.036051680000000000e+08
1.488788960000000000e+08
1.100950460000000000e+08
1.423816640000000000e+08
1.206846040000000000e+08
1.425838580000000000e+08
1.476271150000000000e+08
1.250519300000000000e+07
1.476870630000000000e+08
1.476077120000000000e+08
1.044610050000000000e+08
1.001499579000000000e+09
1.539755150000000000e+08
1.385764480000000000e+08
1.342119700000000000e+07
1.374829940000000000e+08
1.102582998000000000e+09
1.037020880000000000e+08
1.230418170000000000e+08
1.203107010000000000e+08
1.035808250000000000e+08
1.029956160000000000e+08
1.109810240000000000e+08
1.540870680000000000e+08
1.002354880000000000e+08
1.221383640000000000e+08
1.377778480000000000e+08
1.105473690000000000e+08
1.540700260000000000e+08
1.148628040000000000e+08
1.218690660000000000e+08
1.385073120000000000e+08
1.224474600000000000e+08
1.234983880000000000e+08
1.332586600000000000e+07
1.489107480000000000e+08
1.203095160000000000e+08
1.280983400000000000e+07
1.499282670000000000e+08
1.233177440000000000e+08
1.540089720000000000e+08
1.423214140000000000e+08
1.216040980000000000e+08
1.203655240000000000e+08
1.385903750000000000e+08
1.378044490000000000e+08
1.425854590000000000e+08
1.231317950000000000e+08
1.479498590000000000e+08
1.544576950000000000e+08
1.122037900000000000e+07
1.271099623000000000e+09
1.378002260000000000e+08
1.376334740000000000e+08
1.476703500000000000e+08
1.217382570000000000e+08
1.425621390000000000e+08
1.203575930000000000e+08
1.428643580000000000e+08
1.210172050000000000e+08
1.206849770000000000e+08
1.476098590000000000e+08
1.228410270000000000e+08
1.539201210000000000e+08
1.036919960000000000e+08
1.476105570000000000e+08
1.036912920000000000e+08
1.031212570000000000e+08
1.462313800000000000e+07
1.207577180000000000e+08
1.323898500000000000e+07
1.366631820000000000e+08
1.000139730000000000e+08
1.216568150000000000e+08
1.544574770000000000e+08
1.367855760000000000e+08
1.099648730000000000e+08
1.029283640000000000e+08
1.102418286000000000e+09
1.373097450000000000e+08
1.038085650000000000e+08
1.544861300000000000e+08
1.376095100000000000e+08
1.544561200000000000e+08
1.426159290000000000e+08
1.428772280000000000e+08
1.427269550000000000e+08
1.218718360000000000e+08
1.475763030000000000e+08
1.372187410000000000e+08
1.477139690000000000e+08
1.234129090000000000e+08
1.219963180000000000e+08
1.475601420000000000e+08
1.376084540000000000e+08
1.036901990000000000e+08
1.203618900000000000e+08
1.102698835000000000e+09
1.429425470000000000e+08
1.386521820000000000e+08
1.208894290000000000e+08
1.424577000000000000e+08
1.231993580000000000e+08
1.036880260000000000e+08
1.035732040000000000e+08
1.222243590000000000e+08
1.109862690000000000e+08
1.037437340000000000e+08
1.036576320000000000e+08
1.479522700000000000e+08
1.151352660000000000e+08
1.385412260000000000e+08
1.484260800000000000e+07
1.499294520000000000e+08
1.424406440000000000e+08
1.368767920000000000e+08
1.540874000000000000e+08
1.475765510000000000e+08
1.370985390000000000e+08
1.382967830000000000e+08
1.488937030000000000e+08
1.476259460000000000e+08
1.424419990000000000e+08
1.423489560000000000e+08
1.489091300000000000e+08
1.102509698000000000e+09
1.363251590000000000e+08
1.036571920000000000e+08
1.213258750000000000e+08
1.386387800000000000e+08
1.111960000000000000e+07
1.234493550000000000e+08
1.478208940000000000e+08
1.124992230000000000e+08
1.266941200000000000e+07
1.488391010000000000e+08
1.203251300000000000e+07
1.220709180000000000e+08
1.428113470000000000e+08
1.037554870000000000e+08
1.154819000000000000e+08
1.542042850000000000e+08
1.097500620000000000e+08
1.376409240000000000e+08
1.479927980000000000e+08
1.234475920000000000e+08
1.475752110000000000e+08
1.375496360000000000e+08
1.036562970000000000e+08
1.479405350000000000e+08
1.209651510000000000e+08
1.367364530000000000e+08
1.205023780000000000e+08
1.478946070000000000e+08
1.012322800000000000e+07
1.506289200000000000e+07
1.224911700000000000e+07
1.228336280000000000e+08
1.117876520000000000e+08
1.476070320000000000e+08
1.378045560000000000e+08
1.461708900000000000e+07
1.479716960000000000e+08
1.210225590000000000e+08
1.476119770000000000e+08
1.215356340000000000e+08
1.544550090000000000e+08
1.232308370000000000e+08
1.379759070000000000e+08
1.428481190000000000e+08
1.425364110000000000e+08
1.212141850000000000e+08
1.540666900000000000e+08
1.429319080000000000e+08
1.159985540000000000e+08
1.540883120000000000e+08
1.544572190000000000e+08
1.037268620000000000e+08
1.022562100000000000e+07
1.211077180000000000e+08
1.230926300000000000e+08
1.427383140000000000e+08
1.057400250000000000e+08
1.359746370000000000e+08
1.426149750000000000e+08
1.488950880000000000e+08
1.426152180000000000e+08
1.540095830000000000e+08
1.476070490000000000e+08
1.425195310000000000e+08
1.036907820000000000e+08
1.385914510000000000e+08
1.479371530000000000e+08
1.542040290000000000e+08
1.476091550000000000e+08
1.113192300000000000e+07
1.390340880000000000e+08
1.207617780000000000e+08
1.539193240000000000e+08
1.428285560000000000e+08
1.271265755000000000e+09
1.499169590000000000e+08
1.539704480000000000e+08
1.214681540000000000e+08
1.427379190000000000e+08
1.212126910000000000e+08
1.426341340000000000e+08
1.424880050000000000e+08
1.207650340000000000e+08
1.479408510000000000e+08
1.423190560000000000e+08
1.201360406000000000e+09
1.177793750000000000e+08
1.218661540000000000e+08
1.036563500000000000e+08
1.426179920000000000e+08
1.476058050000000000e+08
1.425867950000000000e+08
1.540082360000000000e+08
1.499190950000000000e+08
1.203096410000000000e+08
1.156507970000000000e+08
1.324936300000000000e+07
1.489168080000000000e+08
1.538599700000000000e+07
1.257853700000000000e+07
1.539740610000000000e+08
1.217329640000000000e+08
1.476110490000000000e+08
1.499196180000000000e+08
1.427927500000000000e+08
1.204229930000000000e+08
1.476280950000000000e+08
1.230135960000000000e+08
1.226002400000000000e+08
1.212769440000000000e+08
1.202607020000000000e+08
1.229546700000000000e+08
1.219374150000000000e+08
1.427267530000000000e+08
1.427499110000000000e+08
1.386348130000000000e+08
1.111141520000000000e+08
1.357135040000000000e+08
1.234957030000000000e+08
1.499287100000000000e+08
1.425846310000000000e+08
1.206372320000000000e+08
1.203191830000000000e+08
1.427387000000000000e+08
1.212155830000000000e+08
1.226816340000000000e+08
1.204248030000000000e+08
1.544586270000000000e+08
1.386534430000000000e+08
1.476265450000000000e+08
1.540674690000000000e+08
1.201012950000000000e+08
1.476246710000000000e+08
1.036045950000000000e+08
1.489657100000000000e+08
1.169596800000000000e+07
1.541643210000000000e+08
1.377504870000000000e+08
1.540129840000000000e+08
1.475630100000000000e+08
1.109858950000000000e+08
1.372191410000000000e+08
1.391025900000000000e+08
1.489124350000000000e+08
1.371520310000000000e+08
1.230133120000000000e+08
1.210478000000000000e+08
1.476702970000000000e+08
1.228918160000000000e+08
1.102455399000000000e+09
1.215466980000000000e+08
1.000111710000000000e+08
1.377780380000000000e+08
1.202570970000000000e+08
1.000135330000000000e+08
1.208210070000000000e+08
1.214575540000000000e+08
1.499129160000000000e+08
1.377337220000000000e+08
1.476866070000000000e+08
1.425031300000000000e+08
1.164569120000000000e+08
1.012956700000000000e+07
1.476431220000000000e+08
1.223035660000000000e+08
1.388888940000000000e+08
1.215375720000000000e+08
1.382219660000000000e+08
1.544539550000000000e+08
1.219889570000000000e+08
1.230974880000000000e+08
1.541257290000000000e+08
1.222953320000000000e+08
1.423221550000000000e+08
1.213237320000000000e+08
1.489604540000000000e+08
1.370913460000000000e+08
1.476091050000000000e+08
1.179789300000000000e+07
1.476257650000000000e+08
1.226786600000000000e+08
1.385915880000000000e+08
1.488945590000000000e+08
1.368749440000000000e+08
1.203110090000000000e+08
1.384770240000000000e+08
1.489601340000000000e+08
1.541639540000000000e+08
1.102452862000000000e+09
1.208241520000000000e+08
1.475768620000000000e+08
1.202518150000000000e+08
1.429418390000000000e+08
1.428638910000000000e+08
1.036839640000000000e+08
1.219389370000000000e+08
1.249458200000000000e+07
1.423217130000000000e+08
1.208201680000000000e+08
1.208260840000000000e+08
1.378231420000000000e+08
1.099712070000000000e+08
1.538979640000000000e+08
1.221352590000000000e+08
1.204931580000000000e+08
1.374827140000000000e+08
1.371468560000000000e+08
1.035720910000000000e+08
1.426168250000000000e+08
1.429473580000000000e+08
1.001651081000000000e+09
1.214577800000000000e+07
1.427916670000000000e+08
1.478964750000000000e+08
1.424415580000000000e+08
1.540908770000000000e+08
1.377509220000000000e+08
1.378045010000000000e+08
1.119206850000000000e+08
1.202516820000000000e+08
1.427849460000000000e+08
1.036319050000000000e+08
1.371513350000000000e+08
1.544828510000000000e+08
1.488379330000000000e+08
1.428732700000000000e+08
1.230387680000000000e+08
1.292049500000000000e+07
1.378231940000000000e+08
1.223752690000000000e+08
1.385904140000000000e+08
1.001545355000000000e+09
1.400989060000000000e+09
1.036907780000000000e+08
1.429333270000000000e+08
1.376070010000000000e+08
1.423080040000000000e+08
1.425902240000000000e+08
1.540688680000000000e+08
1.216588410000000000e+08
1.429627920000000000e+08
1.539777030000000000e+08
1.541076250000000000e+08
1.479934840000000000e+08
1.374832380000000000e+08
1.230427280000000000e+08
1.479369790000000000e+08
1.385601680000000000e+08
1.037521010000000000e+08
1.312450200000000000e+07
1.226847610000000000e+08
1.375813300000000000e+08
1.539901740000000000e+08
1.539918510000000000e+08
1.429403280000000000e+08
1.207616770000000000e+08
1.427510980000000000e+08
1.232014940000000000e+08
1.488389650000000000e+08
1.311876800000000000e+07
1.230970140000000000e+08
1.376310280000000000e+08
1.224460760000000000e+08
1.209651460000000000e+08
1.036878730000000000e+08
1.425920460000000000e+08
1.228343950000000000e+08
1.115648650000000000e+08
1.043773100000000000e+07
1.020113290000000000e+08
1.370967880000000000e+08
1.475602940000000000e+08
1.540672100000000000e+08
1.427258810000000000e+08
1.400921376000000000e+09
1.206367320000000000e+08
1.489325140000000000e+08
1.226827760000000000e+08
1.036888590000000000e+08
1.538981850000000000e+08
1.217412380000000000e+08
1.489139210000000000e+08
1.489317160000000000e+08
1.384296500000000000e+08
1.489093680000000000e+08
1.427260720000000000e+08
1.386347210000000000e+08
1.234957850000000000e+08
1.214620570000000000e+08
1.206354140000000000e+08
1.489639630000000000e+08
1.539907850000000000e+08
1.476111970000000000e+08
1.539720820000000000e+08
1.390982060000000000e+08
1.036572430000000000e+08
1.111416800000000000e+07
1.425195680000000000e+08
1.377994490000000000e+08
1.170852700000000000e+07
1.230394630000000000e+08
1.386516040000000000e+08
1.385586730000000000e+08
1.488393590000000000e+08
1.036332570000000000e+08
1.377276000000000000e+08
1.424890490000000000e+08
1.489164890000000000e+08
1.539769590000000000e+08
1.373382980000000000e+08
1.424434800000000000e+08
1.489311920000000000e+08
1.096582130000000000e+08
1.425867660000000000e+08
1.037022080000000000e+08
1.219369010000000000e+08
1.489616220000000000e+08
1.479700220000000000e+08
1.191913700000000000e+07
1.476858200000000000e+08
1.385594550000000000e+08
1.354929900000000000e+07
1.210165780000000000e+08
1.036051670000000000e+08
1.214658340000000000e+08
1.085638500000000000e+07
1.228851270000000000e+08
1.037018650000000000e+08
1.541072310000000000e+08
1.476258720000000000e+08
1.489698930000000000e+08
1.230457870000000000e+08
1.038066820000000000e+08
1.020144700000000000e+08
1.425372080000000000e+08
1.375809770000000000e+08
1.489154690000000000e+08
1.036326240000000000e+08
1.233570500000000000e+08
1.479360470000000000e+08
1.428717630000000000e+08
1.368777460000000000e+08
1.385608870000000000e+08
1.478914700000000000e+08
1.223038670000000000e+08
1.539759680000000000e+08
1.476715400000000000e+08
1.234165630000000000e+08
1.233579520000000000e+08
1.124979460000000000e+08
1.376038140000000000e+08
1.369363600000000000e+07
1.271268578000000000e+09
1.479499510000000000e+08
1.388915290000000000e+08
1.201756440000000000e+08
1.377291070000000000e+08
1.427273390000000000e+08
1.036871760000000000e+08
1.541260700000000000e+08
1.385086870000000000e+08
1.220002070000000000e+08
1.061075170000000000e+08
1.361338720000000000e+08
1.036860400000000000e+08
1.037433770000000000e+08
1.206383880000000000e+08
1.387255870000000000e+08
1.479701330000000000e+08
1.475638660000000000e+08
1.112093100000000000e+07
1.233111240000000000e+08
1.233556680000000000e+08
1.378003100000000000e+07
1.429056050000000000e+08
1.424297580000000000e+08
1.476129560000000000e+08
1.479521390000000000e+08
1.219392660000000000e+08
1.488959020000000000e+08
1.206891410000000000e+08
1.385909020000000000e+08
1.128574530000000000e+08
1.385589580000000000e+08
1.218689680000000000e+08
1.230088740000000000e+08
1.386334740000000000e+08
1.423195030000000000e+08
1.540921230000000000e+08
1.428285970000000000e+08
1.489685340000000000e+08
1.499119420000000000e+08
1.385778040000000000e+08
1.425203020000000000e+08
1.499123530000000000e+08
1.400714115000000000e+09
1.191417000000000000e+07
1.372116730000000000e+08
1.385896950000000000e+08
1.205720730000000000e+08
1.364641950000000000e+08
1.222248040000000000e+08
1.427269700000000000e+08
1.369702350000000000e+08
1.489079390000000000e+08
1.476434020000000000e+08
1.476734910000000000e+08
1.475752330000000000e+08
1.044493270000000000e+08
1.203270200000000000e+07
1.232310210000000000e+08
1.231280410000000000e+08
1.384857740000000000e+08
1.334259300000000000e+07
1.386347140000000000e+08
1.385920110000000000e+08
1.220011790000000000e+08
1.229562810000000000e+08
1.423815320000000000e+08
1.225139380000000000e+08
1.037544660000000000e+08
1.428629360000000000e+08
1.035809800000000000e+08
1.225138600000000000e+08
1.489169910000000000e+08
1.366601350000000000e+08
1.382134480000000000e+08
1.425035340000000000e+08
1.429630600000000000e+08
1.234452480000000000e+08
1.489106320000000000e+08
1.219394410000000000e+08
1.423175980000000000e+08
1.476104560000000000e+08
1.203146900000000000e+08
1.134426400000000000e+07
1.386376730000000000e+08
1.411465980000000000e+08
1.209609970000000000e+08
1.427272140000000000e+08
1.478931870000000000e+08
1.385799160000000000e+08
1.428491120000000000e+08
1.385050040000000000e+08
1.029275940000000000e+08
1.075902900000000000e+07
1.218757420000000000e+08
1.341725400000000000e+07
1.373475170000000000e+08
1.479541290000000000e+08
1.203095480000000000e+08
1.489144960000000000e+08
1.374089620000000000e+08
1.167862550000000000e+08
1.476417440000000000e+08
1.206344900000000000e+08
1.367763090000000000e+08
1.203134790000000000e+08
1.476130060000000000e+08
1.539909520000000000e+08
1.540088740000000000e+08
1.158300500000000000e+07
1.036178580000000000e+08
1.102810200000000000e+07
1.499285990000000000e+08
1.206898780000000000e+08
1.425837750000000000e+08
1.384331730000000000e+08
1.429636470000000000e+08
1.216505780000000000e+08
1.541242120000000000e+08
1.380984610000000000e+08
1.424127040000000000e+08
1.386350050000000000e+08
1.147821950000000000e+08
1.376035300000000000e+08
1.489123820000000000e+08
1.476125870000000000e+08
1.479496460000000000e+08
1.378104900000000000e+08
1.422762700000000000e+08
1.001405934000000000e+09
1.540677150000000000e+08
1.425022880000000000e+08
1.378074900000000000e+07
1.230919060000000000e+08
1.036320310000000000e+08
1.000083760000000000e+08
1.150576830000000000e+08
1.476704040000000000e+08
1.202581890000000000e+08
1.374084330000000000e+08
1.387261740000000000e+08
1.478205380000000000e+08
1.387062800000000000e+07
1.423954320000000000e+08
1.479505750000000000e+08
1.475639300000000000e+08
1.385767060000000000e+08
1.539768970000000000e+08
1.386425180000000000e+08
1.245490200000000000e+07
1.233155600000000000e+08
1.386512990000000000e+08
1.212771430000000000e+08
1.385893190000000000e+08
1.369582590000000000e+08
1.377716580000000000e+08
1.249432500000000000e+07
1.037421980000000000e+08
1.291519900000000000e+07
1.049031390000000000e+08
1.489090830000000000e+08
1.029996940000000000e+08
1.423078620000000000e+08
1.426166910000000000e+08
1.544574950000000000e+08
1.540930710000000000e+08
1.367246120000000000e+08
1.203618000000000000e+08
1.428112880000000000e+08
1.095276740000000000e+08
1.479212930000000000e+08
1.539897210000000000e+08
1.364504610000000000e+08
1.539500080000000000e+08
1.033993400000000000e+07
1.376082470000000000e+08
1.489695420000000000e+08
1.540128770000000000e+08
1.102503442000000000e+09
1.029293450000000000e+08
1.230398400000000000e+08
1.423733620000000000e+08
1.375547360000000000e+08
1.542044400000000000e+08
1.479938780000000000e+08
1.441771600000000000e+07
1.411466990000000000e+08
1.427853860000000000e+08
1.488399540000000000e+08
1.225978450000000000e+08
1.061117350000000000e+08
1.214631300000000000e+08
1.385809760000000000e+08
1.267279200000000000e+07
1.217855590000000000e+08
1.049068210000000000e+08
1.424474460000000000e+08
1.222164080000000000e+08
1.343430500000000000e+07
1.036994040000000000e+08
1.389601080000000000e+08
1.232340160000000000e+08
1.099586230000000000e+08
1.000137060000000000e+08
1.031258050000000000e+08
1.038030780000000000e+08
1.374880920000000000e+08
1.401120538000000000e+09
1.386527470000000000e+08
1.370992600000000000e+08
1.476817520000000000e+08
1.476436830000000000e+08
1.221423170000000000e+08
1.424410420000000000e+08
1.539912550000000000e+08
1.231300680000000000e+08
1.429796440000000000e+08
1.541807550000000000e+08
1.217822890000000000e+08
1.540699060000000000e+08
1.423818070000000000e+08
1.424439870000000000e+08
1.540867430000000000e+08
1.224521550000000000e+08
1.232009250000000000e+08
1.225196400000000000e+08
1.424400810000000000e+08
1.111146590000000000e+08
1.378309280000000000e+08
1.214639890000000000e+08
1.204232840000000000e+08
1.124938910000000000e+08
1.400801643000000000e+09
1.478946970000000000e+08
1.036846550000000000e+08
1.397261200000000000e+07
1.376372850000000000e+08
1.212744420000000000e+08
1.234963200000000000e+08
1.301701100000000000e+07
1.424923060000000000e+08
1.540699740000000000e+08
1.540668060000000000e+08
1.215406580000000000e+08
1.147758200000000000e+07
1.219454070000000000e+08
1.385807420000000000e+08
1.428498460000000000e+08
1.225079780000000000e+08
1.423175560000000000e+08
1.227058480000000000e+08
1.222216000000000000e+08
1.038718780000000000e+08
1.428087310000000000e+08
1.312531400000000000e+07
1.429417710000000000e+08
1.424588070000000000e+08
1.376057020000000000e+08
1.037418460000000000e+08
1.036876160000000000e+08
1.489688730000000000e+08
1.386519940000000000e+08
1.424454170000000000e+08
1.221382010000000000e+08
1.385772350000000000e+08
1.035806250000000000e+08
1.207648480000000000e+08
1.374039110000000000e+08
1.539494380000000000e+08
1.373105140000000000e+08
1.036570280000000000e+08
1.161849200000000000e+07
1.002467000000000000e+08
1.000103890000000000e+08
1.023643200000000000e+07
1.204953230000000000e+08
1.540918480000000000e+08
1.171350400000000000e+07
1.219471610000000000e+08
1.371510740000000000e+08
1.540109790000000000e+08
1.369566720000000000e+08
1.205026090000000000e+08
1.479358900000000000e+08
1.152296000000000000e+08
1.499157530000000000e+08
1.479515780000000000e+08
1.271359291000000000e+09
1.539774390000000000e+08
1.384297860000000000e+08
1.116674900000000000e+08
1.476422850000000000e+08
1.427465410000000000e+08
1.425192900000000000e+08
1.154057480000000000e+08
1.223038430000000000e+08
1.386183510000000000e+08
1.478908990000000000e+08
1.479705920000000000e+08
1.539745810000000000e+08
1.374836080000000000e+08
1.484133300000000000e+07
1.479706850000000000e+08
1.038083920000000000e+08
1.223684900000000000e+08
1.376086610000000000e+08
1.379754190000000000e+08
1.478971900000000000e+08
1.499151990000000000e+08
1.121930000000000000e+07
1.386508410000000000e+08
1.226042470000000000e+08
1.217919460000000000e+08
1.424896760000000000e+08
1.544544320000000000e+08
1.214609290000000000e+08
1.148648120000000000e+08
1.400611049000000000e+09
1.377698140000000000e+08
1.540143800000000000e+08
1.037555730000000000e+08
1.227140100000000000e+08
1.427926980000000000e+08
1.377775110000000000e+08
1.476423450000000000e+08
1.429354810000000000e+08
1.214924500000000000e+07
1.292108200000000000e+07
1.235510060000000000e+08
1.538977460000000000e+08
1.540679020000000000e+08
1.489629670000000000e+08
1.423818470000000000e+08
1.424442190000000000e+08
1.377998510000000000e+08
1.427856840000000000e+08
1.539730570000000000e+08
1.300258800000000000e+07
1.147236700000000000e+07
1.367745840000000000e+08
1.341558100000000000e+07
1.478986610000000000e+08
1.037533950000000000e+08
1.232279470000000000e+08
1.424296240000000000e+08
1.215461790000000000e+08
1.217376130000000000e+08
1.038026030000000000e+08
1.489609920000000000e+08
1.375532380000000000e+08
1.377700890000000000e+08
1.038021750000000000e+08
1.544745380000000000e+08
1.369569880000000000e+08
1.203171810000000000e+08
1.540088220000000000e+08
1.230991190000000000e+08
1.171256560000000000e+08
1.424142090000000000e+08
1.427839830000000000e+08
1.489616990000000000e+08
1.541822080000000000e+08
1.000111300000000000e+08
1.230142000000000000e+08
1.234501950000000000e+08
1.212722910000000000e+08
1.211082440000000000e+08
1.367284060000000000e+08
1.424453540000000000e+08
1.489161770000000000e+08
1.426192370000000000e+08
1.249790800000000000e+07
1.128576920000000000e+08
1.210192320000000000e+08
1.038058490000000000e+08
1.540940970000000000e+08
1.383627580000000000e+08
1.227077470000000000e+08
1.219943460000000000e+08
1.476441680000000000e+08
1.213274500000000000e+08
1.205782140000000000e+08
1.411196960000000000e+08
1.400934613000000000e+09
1.201228157000000000e+09
1.376081620000000000e+08
1.426192450000000000e+08
1.377503680000000000e+08
1.231296570000000000e+08
1.425888230000000000e+08
1.489600060000000000e+08
1.479698710000000000e+08
1.476813060000000000e+08
1.102591398000000000e+09
1.234469570000000000e+08
1.162606300000000000e+07
1.134858000000000000e+07
1.228902170000000000e+08
1.385603360000000000e+08
1.425862960000000000e+08
1.001491819000000000e+09
1.117904910000000000e+08
1.233577930000000000e+08
1.476105560000000000e+08
1.499275900000000000e+08
1.046752960000000000e+08
1.222260620000000000e+08
1.401045351000000000e+09
1.427392630000000000e+08
1.037005450000000000e+08
1.364021220000000000e+08
1.158763220000000000e+08
1.212120850000000000e+08
1.472697100000000000e+07
1.061299250000000000e+08
1.062335060000000000e+08
1.200486800000000000e+08
1.051744230000000000e+08
1.499196570000000000e+08
1.429482470000000000e+08
1.206298720000000000e+08
1.215443670000000000e+08
1.373415510000000000e+08
1.112702700000000000e+07
1.226744880000000000e+08
1.463175800000000000e+07
1.169819000000000000e+07
1.000090860000000000e+08
1.429055440000000000e+08
1.429809190000000000e+08
1.397109200000000000e+07
1.147355500000000000e+07
1.428633290000000000e+08
1.476083350000000000e+08
1.488396780000000000e+08
1.035730920000000000e+08
1.428096470000000000e+08
1.478802380000000000e+08
1.224916400000000000e+07
1.216083440000000000e+08
1.382972760000000000e+08
1.228870920000000000e+08
1.228366460000000000e+08
1.384326330000000000e+08
1.388918550000000000e+08
1.425909360000000000e+08
1.429817360000000000e+08
1.479404620000000000e+08
1.539353860000000000e+08
1.411196400000000000e+08
1.489671520000000000e+08
1.205762570000000000e+08
1.428712450000000000e+08
1.228329650000000000e+08
1.539908550000000000e+08
1.423214150000000000e+08
1.377291510000000000e+08
1.479694040000000000e+08
1.506508500000000000e+07
1.427264770000000000e+08
1.489168980000000000e+08
