1.495363960000000000e+08
1.164836150000000000e+08
1.495835040000000000e+08
1.102432419000000000e+09
1.002844939000000000e+09
1.382366940000000000e+08
1.418176340000000000e+08
1.413368270000000000e+08
1.495777480000000000e+08
1.271050704000000000e+09
1.495835780000000000e+08
1.382060290000000000e+08
1.271046655000000000e+09
1.150713160000000000e+08
1.378415510000000000e+08
1.495657070000000000e+08
1.351542010000000000e+08
1.445680000000000000e+07
1.003054351000000000e+09
1.165194400000000000e+08
1.000181881000000000e+09
1.487814970000000000e+08
1.495791880000000000e+08
1.164386980000000000e+08
1.307121750000000000e+08
1.382943780000000000e+08
1.000500007800000000e+10
1.391259420000000000e+08
1.400994843000000000e+09
1.444385470000000000e+08
1.413300580000000000e+08
1.351557890000000000e+08
1.101460688000000000e+09
1.201123373000000000e+09
1.504106710000000000e+08
1.487860220000000000e+08
1.381269060000000000e+08
1.378317830000000000e+08
1.381285300000000000e+08
1.400707369000000000e+09
1.001099006000000000e+09
1.165416300000000000e+08
1.351708960000000000e+08
1.391293020000000000e+08
1.165207820000000000e+08
1.000388660000000000e+09
1.002944240000000000e+09
1.495061950000000000e+08
1.165429180000000000e+08
1.413317960000000000e+08
1.495351370000000000e+08
1.163615500000000000e+08
1.418217450000000000e+08
1.000306599000000000e+09
1.382335740000000000e+08
1.165427880000000000e+08
1.163062780000000000e+08
1.391263850000000000e+08
1.487845430000000000e+08
1.165011970000000000e+08
1.382945800000000000e+08
1.150830120000000000e+08
1.164872400000000000e+08
1.165430410000000000e+08
1.413315080000000000e+08
1.056156610000000000e+08
1.382944910000000000e+08
1.504125770000000000e+08
1.000296609000000000e+09
1.543819870000000000e+08
1.495354470000000000e+08
1.102043869000000000e+09
1.496206730000000000e+08
1.445750400000000000e+07
1.150184970000000000e+08
1.499685940000000000e+08
1.151040890000000000e+08
1.381268100000000000e+08
1.542574060000000000e+08
1.002963877000000000e+09
1.163785410000000000e+08
1.056430080000000000e+08
1.382367260000000000e+08
1.164860540000000000e+08
1.165040040000000000e+08
1.164161670000000000e+08
1.382548320000000000e+08
1.056199800000000000e+08
1.271070698000000000e+09
1.151176570000000000e+08
1.401081862000000000e+09
1.002937577000000000e+09
1.504126670000000000e+08
1.000553754000000000e+09
1.056177850000000000e+08
1.381339700000000000e+08
1.165206390000000000e+08
1.495697270000000000e+08
1.055799910000000000e+08
1.444413510000000000e+08
1.495792750000000000e+08
1.201292734000000000e+09
1.165202890000000000e+08
1.201050893000000000e+09
1.382528590000000000e+08
1.351548680000000000e+08
1.165025870000000000e+08
1.382561850000000000e+08
1.151170770000000000e+08
1.151048420000000000e+08
1.495775350000000000e+08
1.101900758000000000e+09
1.102165168000000000e+09
1.163802260000000000e+08
1.418723930000000000e+08
1.495669420000000000e+08
1.101493353000000000e+09
1.418753980000000000e+08
1.201291460000000000e+09
1.165029580000000000e+08
1.151100000000000000e+08
1.542566520000000000e+08
1.163849180000000000e+08
1.001291726000000000e+09
1.001184605000000000e+09
1.418617790000000000e+08
1.542716700000000000e+08
1.382530580000000000e+08
1.101845703000000000e+09
1.056155360000000000e+08
1.000394650000000000e+09
1.382536710000000000e+08
1.418221610000000000e+08
1.418628870000000000e+08
1.487814740000000000e+08
1.381349720000000000e+08
1.056564580000000000e+08
1.487647190000000000e+08
1.163862380000000000e+08
1.401020353000000000e+09
1.543594920000000000e+08
1.074790800000000000e+07
1.002945911000000000e+09
1.381859880000000000e+08
1.151102480000000000e+08
1.056817280000000000e+08
1.495688590000000000e+08
1.164160360000000000e+08
1.151175980000000000e+08
1.351698980000000000e+08
1.381727470000000000e+08
1.401013102000000000e+09
1.151102590000000000e+08
1.000376190000000000e+09
1.072938500000000000e+07
1.381284450000000000e+08
1.352231440000000000e+08
1.495768670000000000e+08
1.351674030000000000e+08
1.056206210000000000e+08
1.002533896000000000e+09
1.412785620000000000e+08
1.418195430000000000e+08
1.057355010000000000e+08
1.381728590000000000e+08
1.072945900000000000e+07
1.271365948000000000e+09
1.056173870000000000e+08
1.391265570000000000e+08
1.001115459000000000e+09
1.495788890000000000e+08
1.102359033000000000e+09
1.382352360000000000e+08
1.056833000000000000e+08
1.162789240000000000e+08
1.543833310000000000e+08
1.056567590000000000e+08
1.201218604000000000e+09
1.542708910000000000e+08
1.271130540000000000e+09
1.543594270000000000e+08
1.000445821000000000e+09
1.200951312000000000e+09
1.150108030000000000e+08
1.351811040000000000e+08
1.382557280000000000e+08
1.201307286000000000e+09
1.382553980000000000e+08
1.378344490000000000e+08
1.151102500000000000e+08
1.495780450000000000e+08
1.487647010000000000e+08
1.382520290000000000e+08
1.489713860000000000e+08
1.499687670000000000e+08
1.542584410000000000e+08
1.381281720000000000e+08
1.163823390000000000e+08
1.165017300000000000e+08
1.162815550000000000e+08
1.543590900000000000e+08
1.163064720000000000e+08
1.351822880000000000e+08
1.102339958000000000e+09
1.495670360000000000e+08
1.201167571000000000e+09
1.351550440000000000e+08
1.445686400000000000e+07
1.381867030000000000e+08
1.057154300000000000e+08
1.102093577000000000e+09
1.381835640000000000e+08
1.001095070000000000e+09
1.163794820000000000e+08
1.165020420000000000e+08
1.495837280000000000e+08
1.002982594000000000e+09
1.504366860000000000e+08
1.413299260000000000e+08
1.351718430000000000e+08
1.057158390000000000e+08
1.102033254000000000e+09
1.102386116000000000e+09
1.165222230000000000e+08
1.164392570000000000e+08
1.056150590000000000e+08
1.490137590000000000e+08
1.444990600000000000e+07
1.000609960000000000e+09
1.002764043000000000e+09
1.487828140000000000e+08
1.351565450000000000e+08
1.163821360000000000e+08
1.057150240000000000e+08
1.000494238000000000e+09
1.151169760000000000e+08
1.444411480000000000e+08
1.381339260000000000e+08
1.351810670000000000e+08
1.164866570000000000e+08
1.165025720000000000e+08
1.391296230000000000e+08
1.418648100000000000e+08
1.056422780000000000e+08
1.163851410000000000e+08
1.163798540000000000e+08
1.400807589000000000e+09
1.487813210000000000e+08
1.351668800000000000e+08
1.164835140000000000e+08
1.381865450000000000e+08
1.400770435000000000e+09
1.164884270000000000e+08
1.542939960000000000e+08
1.412854430000000000e+08
1.378316120000000000e+08
1.499512680000000000e+08
1.151117470000000000e+08
1.419159100000000000e+08
1.351677210000000000e+08
1.382936520000000000e+08
1.495769530000000000e+08
1.307117860000000000e+08
1.351814890000000000e+08
1.503980150000000000e+08
1.504123870000000000e+08
1.418745730000000000e+08
1.163617590000000000e+08
1.391243310000000000e+08
1.381358390000000000e+08
1.495818450000000000e+08
1.444245760000000000e+08
1.056157030000000000e+08
1.162805250000000000e+08
1.495061020000000000e+08
1.391234300000000000e+08
1.151042180000000000e+08
1.271088706000000000e+09
1.102493238000000000e+09
1.150788690000000000e+08
1.163050960000000000e+08
1.102418525000000000e+09
1.418744810000000000e+08
1.163066240000000000e+08
1.495837040000000000e+08
1.495821950000000000e+08
1.351673620000000000e+08
1.488355840000000000e+08
1.164411740000000000e+08
1.165431890000000000e+08
1.418722670000000000e+08
1.495672840000000000e+08
1.391294980000000000e+08
1.382800040000000000e+08
1.001291727000000000e+09
1.102274128000000000e+09
1.401020355000000000e+09
1.164415690000000000e+08
1.201330483000000000e+09
1.542579890000000000e+08
1.163636570000000000e+08
1.201199133000000000e+09
1.162826180000000000e+08
1.102571593000000000e+09
1.102119371000000000e+09
1.382954850000000000e+08
1.151049150000000000e+08
1.102334293000000000e+09
1.542720600000000000e+08
1.201246763000000000e+09
1.487843220000000000e+08
1.351810300000000000e+08
1.542718930000000000e+08
1.352229200000000000e+08
1.495689750000000000e+08
1.382529720000000000e+08
1.381261210000000000e+08
1.000748924000000000e+09
1.444414260000000000e+08
1.201246764000000000e+09
1.056809080000000000e+08
1.163857430000000000e+08
1.150081690000000000e+08
1.102326166000000000e+09
1.271341297000000000e+09
1.000153574000000000e+09
1.351685130000000000e+08
1.351717780000000000e+08
1.165191950000000000e+08
1.413304760000000000e+08
1.352204830000000000e+08
1.165011720000000000e+08
1.401081864000000000e+09
1.201119969000000000e+09
1.001099007000000000e+09
1.000808336000000000e+09
1.164390730000000000e+08
1.307180550000000000e+08
1.164140530000000000e+08
1.413292980000000000e+08
1.351681960000000000e+08
1.504366470000000000e+08
1.351704480000000000e+08
1.504365810000000000e+08
1.057132170000000000e+08
1.164158830000000000e+08
1.056152010000000000e+08
1.165426000000000000e+08
1.163808400000000000e+08
1.271318147000000000e+09
1.495048870000000000e+08
1.382527060000000000e+08
1.381268230000000000e+08
1.151169680000000000e+08
1.413305600000000000e+08
1.391246480000000000e+08
1.418737770000000000e+08
1.056549100000000000e+08
1.151171150000000000e+08
1.000179963000000000e+09
1.163853100000000000e+08
1.382956520000000000e+08
1.418763420000000000e+08
1.490129660000000000e+08
1.163858140000000000e+08
1.445729000000000000e+07
1.000640531000000000e+09
1.413304440000000000e+08
1.002969029000000000e+09
1.413311130000000000e+08
1.445640100000000000e+07
1.487672220000000000e+08
1.444245440000000000e+08
1.102317433000000000e+09
1.165013010000000000e+08
1.307172450000000000e+08
1.165418790000000000e+08
1.504363770000000000e+08
1.057355240000000000e+08
1.499687370000000000e+08
1.162796760000000000e+08
1.542728990000000000e+08
1.542584110000000000e+08
1.382355190000000000e+08
1.151108270000000000e+08
1.201055908000000000e+09
1.543849920000000000e+08
1.495050880000000000e+08
1.444374460000000000e+08
1.057355580000000000e+08
1.151039880000000000e+08
1.056594410000000000e+08
1.163781610000000000e+08
1.164876840000000000e+08
1.352220570000000000e+08
1.351572360000000000e+08
1.378323760000000000e+08
1.413313550000000000e+08
1.000128624900000000e+10
1.150183760000000000e+08
1.504103910000000000e+08
1.002853765000000000e+09
1.149593330000000000e+08
1.165413060000000000e+08
1.151041460000000000e+08
1.382551870000000000e+08
1.150181390000000000e+08
1.001173087000000000e+09
1.495652380000000000e+08
1.000946479000000000e+09
1.378329870000000000e+08
1.072886700000000000e+07
1.055799010000000000e+08
1.102555267000000000e+09
1.150103970000000000e+08
1.487661310000000000e+08
1.056152620000000000e+08
1.488174890000000000e+08
1.162812650000000000e+08
1.163847070000000000e+08
1.382352050000000000e+08
1.150107270000000000e+08
1.542248500000000000e+08
1.151103350000000000e+08
1.351695860000000000e+08
1.495060020000000000e+08
1.382538150000000000e+08
1.201093741000000000e+09
1.150718050000000000e+08
1.101883453000000000e+09
1.056156780000000000e+08
1.382936850000000000e+08
1.163621650000000000e+08
1.162818930000000000e+08
1.102469580000000000e+09
1.102166561000000000e+09
1.056163700000000000e+08
1.151049430000000000e+08
1.101888831000000000e+09
1.418198260000000000e+08
1.378318290000000000e+08
1.149823880000000000e+08
1.495773420000000000e+08
1.401014375000000000e+09
1.000440917000000000e+09
1.102048099000000000e+09
1.391229590000000000e+08
1.162807470000000000e+08
1.378345590000000000e+08
1.487863590000000000e+08
1.418608250000000000e+08
1.201328516000000000e+09
1.351583200000000000e+08
1.495069400000000000e+08
1.165024880000000000e+08
1.381286370000000000e+08
1.162833170000000000e+08
1.381734030000000000e+08
1.164842660000000000e+08
1.001274460000000000e+09
1.165010750000000000e+08
1.382566750000000000e+08
1.391196690000000000e+08
1.351558560000000000e+08
1.000331435000000000e+09
1.149823500000000000e+08
1.000651254000000000e+09
1.057355400000000000e+08
1.495677410000000000e+08
1.201194272000000000e+09
1.412855140000000000e+08
1.056194250000000000e+08
1.151099430000000000e+08
1.271262829000000000e+09
1.056570000000000000e+08
1.444235570000000000e+08
1.056563790000000000e+08
1.307263290000000000e+08
1.162657730000000000e+08
1.000749017000000000e+09
1.382326850000000000e+08
1.495775500000000000e+08
1.001069523000000000e+09
1.495060390000000000e+08
1.400769906000000000e+09
1.163074610000000000e+08
1.543837580000000000e+08
1.164841920000000000e+08
1.444385650000000000e+08
1.101868327000000000e+09
1.542716150000000000e+08
1.102400359000000000e+09
1.352219070000000000e+08
1.503964820000000000e+08
1.102332935000000000e+09
1.000578292000000000e+09
1.495660100000000000e+08
1.351575160000000000e+08
1.057155200000000000e+08
1.495080010000000000e+08
1.542726890000000000e+08
1.382371710000000000e+08
1.382802280000000000e+08
1.542571280000000000e+08
1.351695170000000000e+08
1.000256741000000000e+09
1.382519830000000000e+08
1.002169441000000000e+09
1.381260140000000000e+08
1.102554583000000000e+09
1.378324800000000000e+08
1.056177380000000000e+08
1.074775000000000000e+07
1.495683440000000000e+08
1.495775860000000000e+08
1.000295125000000000e+09
1.504363210000000000e+08
1.495767760000000000e+08
1.056820760000000000e+08
1.056568330000000000e+08
1.307144700000000000e+08
1.164159840000000000e+08
1.495682120000000000e+08
1.351535880000000000e+08
1.495354220000000000e+08
1.487643130000000000e+08
1.307180040000000000e+08
1.151174060000000000e+08
1.056212280000000000e+08
1.504110660000000000e+08
1.543461810000000000e+08
1.306920720000000000e+08
1.101449855000000000e+09
1.000733211000000000e+09
1.543850420000000000e+08
1.056152810000000000e+08
1.496199020000000000e+08
1.418758210000000000e+08
1.381262290000000000e+08
1.150715610000000000e+08
1.101885630000000000e+09
1.271077945000000000e+09
1.381730880000000000e+08
1.381341760000000000e+08
1.413310610000000000e+08
1.000296610000000000e+09
1.351679820000000000e+08
1.378437640000000000e+08
1.418611470000000000e+08
1.002155701000000000e+09
1.271282343000000000e+09
1.164883650000000000e+08
1.271028034000000000e+09
1.056590030000000000e+08
1.543827380000000000e+08
1.382077680000000000e+08
1.495668710000000000e+08
1.412856440000000000e+08
1.381340550000000000e+08
1.495657250000000000e+08
1.351682060000000000e+08
1.163630610000000000e+08
1.003051907000000000e+09
1.000604870000000000e+09
1.444431580000000000e+08
1.543579410000000000e+08
1.164148160000000000e+08
1.000446416000000000e+09
1.543462910000000000e+08
1.495659180000000000e+08
1.164861120000000000e+08
1.102311836000000000e+09
1.391304360000000000e+08
1.351542120000000000e+08
1.102210459000000000e+09
1.495669640000000000e+08
1.162810520000000000e+08
1.543583060000000000e+08
1.543843710000000000e+08
1.306919420000000000e+08
1.102129242000000000e+09
1.382077250000000000e+08
1.351711040000000000e+08
1.307257730000000000e+08
1.391244670000000000e+08
1.495831710000000000e+08
1.495799590000000000e+08
1.382079640000000000e+08
1.381361630000000000e+08
1.003066571000000000e+09
1.164820900000000000e+08
1.418632940000000000e+08
1.382526390000000000e+08
1.495839650000000000e+08
1.351709020000000000e+08
1.165204590000000000e+08
1.102311567000000000e+09
1.001164217000000000e+09
1.444233740000000000e+08
1.542564910000000000e+08
1.495069360000000000e+08
1.307253690000000000e+08
1.201093742000000000e+09
1.163825520000000000e+08
1.057142000000000000e+08
1.056548820000000000e+08
1.499688350000000000e+08
1.413303270000000000e+08
1.381282830000000000e+08
1.487815040000000000e+08
1.162828790000000000e+08
1.495070610000000000e+08
1.151174940000000000e+08
1.201141235000000000e+09
1.056176800000000000e+08
1.495373480000000000e+08
1.201286482000000000e+09
1.382063230000000000e+08
1.001253214000000000e+09
1.163807300000000000e+08
1.001166180000000000e+09
1.413294090000000000e+08
1.381869400000000000e+08
1.412858900000000000e+08
1.150179600000000000e+08
1.391296530000000000e+08
1.001255617000000000e+09
1.164408780000000000e+08
1.165421630000000000e+08
1.162815650000000000e+08
1.418216090000000000e+08
1.381731450000000000e+08
1.495351230000000000e+08
1.381353130000000000e+08
1.057156060000000000e+08
1.495796320000000000e+08
1.000613091000000000e+09
1.445795700000000000e+07
1.382369460000000000e+08
1.391185140000000000e+08
1.056583450000000000e+08
1.163786420000000000e+08
1.504120260000000000e+08
1.149597000000000000e+08
1.056563990000000000e+08
1.503979130000000000e+08
1.002819611000000000e+09
1.382062490000000000e+08
1.383281400000000000e+08
1.418719320000000000e+08
1.163618270000000000e+08
1.413366490000000000e+08
1.418609370000000000e+08
1.056167290000000000e+08
1.496217510000000000e+08
1.391170320000000000e+08
1.056177960000000000e+08
1.495664090000000000e+08
1.543591600000000000e+08
1.352222310000000000e+08
1.418200070000000000e+08
1.378412740000000000e+08
1.164151420000000000e+08
1.391181470000000000e+08
1.164839580000000000e+08
1.102325400000000000e+09
1.382065950000000000e+08
1.306916670000000000e+08
1.165425300000000000e+08
1.381834770000000000e+08
1.056582820000000000e+08
1.150829110000000000e+08
1.150785890000000000e+08
1.504345850000000000e+08
1.381353210000000000e+08
1.488199720000000000e+08
1.391242090000000000e+08
1.487838440000000000e+08
1.056830600000000000e+08
1.150789580000000000e+08
1.351808560000000000e+08
1.382560640000000000e+08
1.495081280000000000e+08
1.495665890000000000e+08
1.163820220000000000e+08
1.495057730000000000e+08
1.074831100000000000e+07
1.503981230000000000e+08
1.351694450000000000e+08
1.495077500000000000e+08
1.542945750000000000e+08
1.543579420000000000e+08
1.201134218000000000e+09
1.487655860000000000e+08
1.542710360000000000e+08
1.149829480000000000e+08
1.056173530000000000e+08
1.381338980000000000e+08
1.149827720000000000e+08
1.056832260000000000e+08
1.271355422000000000e+09
1.162833820000000000e+08
1.165201520000000000e+08
1.002971859000000000e+09
1.162807030000000000e+08
1.164844700000000000e+08
1.487646550000000000e+08
1.002783493000000000e+09
1.381341750000000000e+08
1.074705700000000000e+07
1.056809130000000000e+08
1.487826620000000000e+08
1.056817400000000000e+08
1.165216270000000000e+08
1.271027077000000000e+09
1.495683580000000000e+08
1.487663220000000000e+08
1.496220090000000000e+08
1.165220950000000000e+08
1.307144100000000000e+08
1.382954880000000000e+08
1.162812390000000000e+08
1.391233420000000000e+08
1.419164870000000000e+08
1.000492034000000000e+09
1.101948707000000000e+09
1.001244695000000000e+09
1.201190723000000000e+09
1.351681780000000000e+08
1.307258320000000000e+08
1.352226480000000000e+08
1.383285450000000000e+08
1.418607120000000000e+08
1.002783322000000000e+09
1.001045429000000000e+09
1.056428050000000000e+08
1.150108650000000000e+08
1.271099623000000000e+09
1.165015620000000000e+08
1.495673090000000000e+08
1.496199170000000000e+08
1.381730300000000000e+08
1.102418286000000000e+09
1.201085955000000000e+09
1.163783630000000000e+08
1.056178970000000000e+08
1.149851410000000000e+08
1.504343650000000000e+08
1.495061010000000000e+08
1.495077900000000000e+08
1.378343880000000000e+08
1.543591760000000000e+08
1.001278855000000000e+09
1.495673070000000000e+08
1.002829300000000000e+09
1.378345790000000000e+08
1.495777710000000000e+08
1.002743977000000000e+09
1.057354430000000000e+08
1.351679340000000000e+08
1.056431830000000000e+08
1.495834190000000000e+08
1.056415100000000000e+08
1.151171240000000000e+08
1.056164850000000000e+08
1.163844450000000000e+08
1.418762860000000000e+08
1.504108000000000000e+08
1.001005855000000000e+09
1.307262870000000000e+08
1.495793820000000000e+08
1.000355808000000000e+09
1.165204080000000000e+08
1.381362220000000000e+08
1.164834180000000000e+08
1.102509698000000000e+09
1.504124870000000000e+08
1.102346472000000000e+09
1.504354080000000000e+08
1.542730710000000000e+08
1.163785380000000000e+08
1.351549910000000000e+08
1.378435370000000000e+08
1.542939680000000000e+08
1.056586890000000000e+08
1.165031290000000000e+08
1.542587420000000000e+08
1.487837020000000000e+08
1.164417620000000000e+08
1.074817300000000000e+07
1.055789650000000000e+08
1.542718080000000000e+08
1.382524120000000000e+08
1.418768390000000000e+08
1.504116610000000000e+08
1.055791180000000000e+08
1.391259400000000000e+08
1.351694680000000000e+08
1.413314290000000000e+08
1.151174530000000000e+08
1.149852160000000000e+08
1.000767898000000000e+09
1.165207560000000000e+08
1.101515529000000000e+09
1.150182240000000000e+08
1.000526314000000000e+09
1.542579600000000000e+08
1.164386300000000000e+08
1.351583490000000000e+08
1.543461020000000000e+08
1.271265755000000000e+09
1.164157480000000000e+08
1.055796150000000000e+08
1.495689440000000000e+08
1.151113470000000000e+08
1.056423970000000000e+08
1.271325892000000000e+09
1.307175390000000000e+08
1.150791730000000000e+08
1.101567361000000000e+09
1.150796050000000000e+08
1.164405950000000000e+08
1.056423460000000000e+08
1.201360406000000000e+09
1.165201030000000000e+08
1.382567950000000000e+08
1.496210780000000000e+08
1.001008685000000000e+09
1.378354080000000000e+08
1.201189881000000000e+09
1.381865800000000000e+08
1.487826410000000000e+08
1.487654570000000000e+08
1.056562900000000000e+08
1.000428883000000000e+09
1.381842780000000000e+08
1.418740000000000000e+08
1.487843610000000000e+08
1.490129100000000000e+08
1.150190700000000000e+08
1.150708790000000000e+08
1.495776120000000000e+08
1.445647700000000000e+07
1.056816960000000000e+08
1.201247611000000000e+09
1.163061640000000000e+08
1.164865820000000000e+08
1.163803980000000000e+08
1.162806030000000000e+08
1.165200520000000000e+08
1.102455399000000000e+09
1.057158240000000000e+08
1.164837340000000000e+08
1.495776150000000000e+08
1.163817460000000000e+08
1.503969860000000000e+08
1.162788260000000000e+08
1.543848180000000000e+08
1.543834610000000000e+08
1.382800320000000000e+08
1.163862080000000000e+08
1.383281160000000000e+08
1.381342460000000000e+08
1.382955480000000000e+08
1.495371630000000000e+08
1.495655360000000000e+08
1.164154870000000000e+08
1.413312090000000000e+08
1.543835390000000000e+08
1.000911683000000000e+09
1.543832160000000000e+08
1.102452862000000000e+09
1.351566640000000000e+08
1.164875180000000000e+08
1.381262570000000000e+08
1.056162630000000000e+08
1.382561970000000000e+08
1.378354560000000000e+08
1.150824330000000000e+08
1.162829600000000000e+08
1.150106330000000000e+08
1.351562790000000000e+08
1.543594870000000000e+08
1.165417460000000000e+08
1.151100120000000000e+08
1.151108010000000000e+08
1.352208460000000000e+08
1.163795480000000000e+08
1.542572480000000000e+08
1.164843000000000000e+08
1.101571177000000000e+09
1.400989060000000000e+09
1.102055409000000000e+09
1.495078990000000000e+08
1.164161000000000000e+08
1.164146550000000000e+08
1.495816170000000000e+08
1.351808860000000000e+08
1.382059740000000000e+08
1.378344920000000000e+08
1.504098460000000000e+08
1.101860872000000000e+09
1.495076750000000000e+08
1.382804710000000000e+08
1.164878980000000000e+08
1.056223950000000000e+08
1.163819250000000000e+08
1.504344030000000000e+08
1.072916400000000000e+07
1.487669690000000000e+08
1.352202610000000000e+08
1.381354890000000000e+08
1.162819580000000000e+08
1.164837640000000000e+08
1.055799550000000000e+08
1.400921376000000000e+09
1.487823820000000000e+08
1.495366860000000000e+08
1.165191570000000000e+08
1.418608690000000000e+08
1.307175600000000000e+08
1.351712830000000000e+08
1.149596220000000000e+08
1.378354230000000000e+08
1.002549141000000000e+09
1.307255010000000000e+08
1.495070290000000000e+08
1.382525680000000000e+08
1.418198640000000000e+08
1.307261800000000000e+08
1.351572620000000000e+08
1.444411770000000000e+08
1.000612061000000000e+09
1.164832210000000000e+08
1.382955180000000000e+08
1.000445822000000000e+09
1.543594240000000000e+08
1.201218607000000000e+09
1.351662980000000000e+08
1.163068040000000000e+08
1.352219020000000000e+08
1.307180080000000000e+08
1.495695060000000000e+08
1.413304620000000000e+08
1.382364890000000000e+08
1.150720190000000000e+08
1.382962580000000000e+08
1.418609360000000000e+08
1.056177460000000000e+08
1.162788380000000000e+08
1.382055460000000000e+08
1.382529280000000000e+08
1.057150290000000000e+08
1.487658910000000000e+08
1.271268578000000000e+09
1.102143084000000000e+09
1.378343090000000000e+08
1.495082020000000000e+08
1.495058570000000000e+08
1.503966500000000000e+08
1.418614960000000000e+08
1.162818320000000000e+08
1.382956410000000000e+08
1.074755300000000000e+07
1.164825700000000000e+08
1.165015980000000000e+08
1.444421730000000000e+08
1.149851160000000000e+08
1.400714115000000000e+09
1.001264924000000000e+09
1.001100501000000000e+09
1.418215180000000000e+08
1.001420991000000000e+09
1.056816880000000000e+08
1.163072040000000000e+08
1.391187210000000000e+08
1.001115868000000000e+09
1.351697680000000000e+08
1.000372950000000000e+09
1.002920413000000000e+09
1.381346930000000000e+08
1.487829460000000000e+08
1.151049460000000000e+08
1.351717500000000000e+08
1.000701860000000000e+09
1.391259250000000000e+08
1.418765760000000000e+08
1.378437540000000000e+08
1.495056630000000000e+08
1.102311566000000000e+09
1.495793030000000000e+08
1.150178370000000000e+08
1.150080650000000000e+08
1.496218750000000000e+08
1.056194550000000000e+08
1.542726610000000000e+08
1.163816090000000000e+08
1.001200319000000000e+09
1.444233720000000000e+08
1.057145700000000000e+08
1.102311837000000000e+09
1.391233670000000000e+08
1.164887480000000000e+08
1.163842470000000000e+08
1.151169750000000000e+08
1.151173960000000000e+08
1.543842850000000000e+08
1.418745520000000000e+08
1.163793530000000000e+08
1.164395500000000000e+08
1.382552840000000000e+08
1.164875800000000000e+08
1.056171820000000000e+08
1.381265680000000000e+08
1.163771890000000000e+08
1.000860661000000000e+09
1.000277743000000000e+09
1.391242990000000000e+08
1.351814790000000000e+08
1.163627350000000000e+08
1.163776920000000000e+08
1.056436190000000000e+08
1.055793890000000000e+08
1.487663160000000000e+08
1.000372314000000000e+09
1.056217370000000000e+08
1.391304260000000000e+08
1.413295480000000000e+08
1.001195877000000000e+09
1.378427500000000000e+08
1.495047430000000000e+08
1.351664310000000000e+08
1.164835060000000000e+08
1.495044850000000000e+08
1.382937630000000000e+08
1.495058990000000000e+08
1.102503442000000000e+09
1.382560460000000000e+08
1.543849410000000000e+08
1.382560970000000000e+08
1.163852440000000000e+08
1.056565310000000000e+08
1.151108220000000000e+08
1.382934730000000000e+08
1.162797570000000000e+08
1.057353730000000000e+08
1.378350680000000000e+08
1.382524660000000000e+08
1.352223420000000000e+08
1.378418030000000000e+08
1.002549794000000000e+09
1.495788780000000000e+08
1.400801643000000000e+09
1.056553290000000000e+08
1.382935860000000000e+08
1.401023908000000000e+09
1.542583620000000000e+08
1.150708780000000000e+08
1.381341590000000000e+08
1.418649530000000000e+08
1.543595230000000000e+08
1.487823770000000000e+08
1.056217420000000000e+08
1.001006749000000000e+09
1.056826050000000000e+08
1.381260350000000000e+08
1.495667910000000000e+08
1.150823680000000000e+08
1.391296950000000000e+08
1.351574680000000000e+08
1.418758720000000000e+08
1.495820220000000000e+08
1.057139110000000000e+08
1.056183830000000000e+08
1.165430420000000000e+08
1.487837030000000000e+08
1.351551750000000000e+08
1.271359291000000000e+09
1.495651240000000000e+08
1.383278040000000000e+08
1.495683620000000000e+08
1.495672100000000000e+08
1.382356020000000000e+08
1.495832040000000000e+08
1.000364775000000000e+09
1.162831370000000000e+08
1.495076580000000000e+08
1.351806960000000000e+08
1.381847350000000000e+08
1.382074190000000000e+08
1.164414410000000000e+08
1.351548650000000000e+08
1.150109490000000000e+08
1.351676570000000000e+08
1.543820280000000000e+08
1.444245010000000000e+08
1.382066440000000000e+08
1.001067205000000000e+09
1.056177860000000000e+08
1.503982800000000000e+08
1.444421500000000000e+08
1.445672100000000000e+07
1.000748926000000000e+09
1.495671980000000000e+08
1.163799220000000000e+08
1.419155370000000000e+08
1.352209060000000000e+08
1.000729430000000000e+09
1.378345780000000000e+08
1.412783500000000000e+08
1.164858090000000000e+08
1.056569030000000000e+08
1.543578040000000000e+08
1.418719880000000000e+08
1.164142570000000000e+08
1.351557690000000000e+08
1.163854580000000000e+08
1.352220600000000000e+08
1.150106880000000000e+08
1.002848442000000000e+09
1.378438150000000000e+08
1.495358380000000000e+08
1.000940791000000000e+09
1.101876681000000000e+09
1.382364910000000000e+08
1.400934613000000000e+09
1.351805100000000000e+08
1.382349350000000000e+08
1.391185950000000000e+08
1.383281880000000000e+08
1.000841721000000000e+09
1.495061000000000000e+08
1.352225250000000000e+08
1.401045351000000000e+09
1.271314855000000000e+09
1.000371937000000000e+09
1.164419620000000000e+08
1.391185920000000000e+08
1.418767660000000000e+08
1.351813860000000000e+08
1.165423070000000000e+08
1.201200652000000000e+09
1.381258570000000000e+08
1.351571110000000000e+08
1.164129920000000000e+08
1.495651630000000000e+08
1.164418410000000000e+08
1.542948340000000000e+08
1.001285596000000000e+09
1.490128070000000000e+08
1.162819400000000000e+08
1.201190722000000000e+09
1.391259060000000000e+08
1.163859750000000000e+08
