1.274201340000000000e+08
1.254453410000000000e+08
1.156185710000000000e+08
1.382447300000000000e+07
1.543482570000000000e+08
1.102555267000000000e+09
1.396075100000000000e+07
1.155463990000000000e+08
1.182443870000000000e+08
1.388826800000000000e+07
1.136550220000000000e+08
1.391832800000000000e+07
1.269993340000000000e+08
1.274240800000000000e+08
1.154812140000000000e+08
1.509508030000000000e+08
1.542066060000000000e+08
1.155959320000000000e+08
1.269981690000000000e+08
1.274220480000000000e+08
1.509897940000000000e+08
1.274269940000000000e+08
1.274255080000000000e+08
1.279030600000000000e+07
1.157185770000000000e+08
1.275024010000000000e+08
1.182512440000000000e+08
1.382553000000000000e+07
1.269972260000000000e+08
1.400788100000000000e+07
1.271318147000000000e+09
1.399706000000000000e+07
1.255212700000000000e+08
1.400032300000000000e+07
1.545582170000000000e+08
1.395905800000000000e+07
1.181863440000000000e+08
1.155921230000000000e+08
1.182476810000000000e+08
1.182677210000000000e+08
1.400663286000000000e+09
1.158638080000000000e+08
1.254894590000000000e+08
1.155928140000000000e+08
1.269981550000000000e+08
1.259940890000000000e+08
1.401081864000000000e+09
1.137097170000000000e+08
1.252816200000000000e+08
1.201246764000000000e+09
1.271341297000000000e+09
1.400695400000000000e+07
1.269964540000000000e+08
1.269992810000000000e+08
1.201246763000000000e+09
1.386290000000000000e+07
1.269994790000000000e+08
1.509908920000000000e+08
1.510560190000000000e+08
1.201199133000000000e+09
1.382820600000000000e+07
1.271218438000000000e+09
1.400544800000000000e+07
1.401020355000000000e+09
1.201330483000000000e+09
1.399778000000000000e+07
1.102493238000000000e+09
1.399682600000000000e+07
1.154154880000000000e+08
1.155119460000000000e+08
1.252994810000000000e+08
1.155148310000000000e+08
1.286809800000000000e+07
1.270017010000000000e+08
1.269971710000000000e+08
1.270001500000000000e+08
1.400532600000000000e+07
1.274266030000000000e+08
1.155147940000000000e+08
1.274214470000000000e+08
1.182513310000000000e+08
1.154164790000000000e+08
1.510562490000000000e+08
1.156597730000000000e+08
1.275026640000000000e+08
1.271282343000000000e+09
1.136702480000000000e+08
1.540630970000000000e+08
1.155916350000000000e+08
1.136547620000000000e+08
1.302964700000000000e+07
1.386342700000000000e+07
1.509896390000000000e+08
1.509082920000000000e+08
1.400866300000000000e+07
1.400722800000000000e+07
1.270179560000000000e+08
1.155164040000000000e+08
1.254864810000000000e+08
1.156601220000000000e+08
1.382461100000000000e+07
1.155946140000000000e+08
1.181827470000000000e+08
1.296169500000000000e+07
1.337957600000000000e+07
1.273360650000000000e+08
1.396053400000000000e+07
1.181895180000000000e+08
1.400769906000000000e+09
1.157459710000000000e+08
1.269969260000000000e+08
1.154156470000000000e+08
1.310486900000000000e+07
1.254449100000000000e+08
1.271262829000000000e+09
1.154743420000000000e+08
1.270017500000000000e+08
1.259914320000000000e+08
1.201228104000000000e+09
1.255254090000000000e+08
1.201328516000000000e+09
1.269843350000000000e+08
1.157842150000000000e+08
1.509885090000000000e+08
1.388780800000000000e+07
1.400696306000000000e+09
1.401014375000000000e+09
1.102469580000000000e+09
1.544790740000000000e+08
1.338753000000000000e+07
1.254458850000000000e+08
1.391884600000000000e+07
1.509739840000000000e+08
1.181945410000000000e+08
1.155111820000000000e+08
1.155855180000000000e+08
1.269842410000000000e+08
1.182456980000000000e+08
1.136723580000000000e+08
1.509780860000000000e+08
1.540601950000000000e+08
1.270209060000000000e+08
1.259910030000000000e+08
1.201228154000000000e+09
1.401020353000000000e+09
1.158537150000000000e+08
1.154750100000000000e+08
1.182510310000000000e+08
1.201291460000000000e+09
1.509861090000000000e+08
1.254866010000000000e+08
1.321110900000000000e+07
1.270180840000000000e+08
1.182675820000000000e+08
1.136709200000000000e+08
1.158507230000000000e+08
1.270005260000000000e+08
1.181837420000000000e+08
1.158623800000000000e+08
1.254437040000000000e+08
1.278931600000000000e+07
1.155915400000000000e+08
1.201292734000000000e+09
1.182423720000000000e+08
1.270015970000000000e+08
1.155507660000000000e+08
1.201246068000000000e+09
1.382288800000000000e+07
1.395913300000000000e+07
1.401081862000000000e+09
1.136765390000000000e+08
1.137109080000000000e+08
1.255251120000000000e+08
1.155499780000000000e+08
1.269998710000000000e+08
1.382203100000000000e+07
1.159134030000000000e+08
1.259945840000000000e+08
1.382452400000000000e+07
1.182483420000000000e+08
1.259910440000000000e+08
1.255200570000000000e+08
1.400663287000000000e+09
1.157181100000000000e+08
1.400038800000000000e+07
1.269988560000000000e+08
1.260231110000000000e+08
1.542083740000000000e+08
1.400707369000000000e+09
1.179555370000000000e+08
1.158659330000000000e+08
1.382452300000000000e+07
1.382603900000000000e+07
1.400994843000000000e+09
1.510563970000000000e+08
1.269982030000000000e+08
1.269840910000000000e+08
1.509887560000000000e+08
1.295803700000000000e+07
1.383035200000000000e+07
1.156602620000000000e+08
1.136705670000000000e+08
1.182466360000000000e+08
1.509763360000000000e+08
1.270001720000000000e+08
1.155959340000000000e+08
1.542679220000000000e+08
1.271050704000000000e+09
1.321342100000000000e+07
1.278843200000000000e+07
1.391967900000000000e+07
1.259941460000000000e+08
1.157471230000000000e+08
1.270943600000000000e+07
1.136716080000000000e+08
1.155932950000000000e+08
1.274237960000000000e+08
1.182477160000000000e+08
1.136707930000000000e+08
1.157796420000000000e+08
1.182686310000000000e+08
1.509872820000000000e+08
1.269970700000000000e+08
1.399942700000000000e+07
1.274224940000000000e+08
1.400807589000000000e+09
1.137097470000000000e+08
1.400770435000000000e+09
1.155513920000000000e+08
1.254905400000000000e+08
1.509911310000000000e+08
1.157195090000000000e+08
1.181912170000000000e+08
1.270178460000000000e+08
1.388755100000000000e+07
1.542657230000000000e+08
1.156566910000000000e+08
1.181840600000000000e+08
1.271640500000000000e+07
1.382993200000000000e+07
1.399802100000000000e+07
1.252821770000000000e+08
1.544248430000000000e+08
1.269984000000000000e+08
1.158640350000000000e+08
1.274229820000000000e+08
1.391959500000000000e+07
1.158674190000000000e+08
1.155912270000000000e+08
1.382233000000000000e+07
1.182446920000000000e+08
1.509740280000000000e+08
1.509913450000000000e+08
1.271130540000000000e+09
1.303255800000000000e+07
1.395986900000000000e+07
1.201307286000000000e+09
1.252532190000000000e+08
1.274295360000000000e+08
1.270194370000000000e+08
1.156199330000000000e+08
1.400695475000000000e+09
1.275016850000000000e+08
1.271365948000000000e+09
1.270188860000000000e+08
1.386226600000000000e+07
1.155111420000000000e+08
1.136742740000000000e+08
1.252820210000000000e+08
1.382427800000000000e+07
1.136728310000000000e+08
1.253050220000000000e+08
1.155453200000000000e+08
1.321127400000000000e+07
1.303753400000000000e+07
1.382656000000000000e+07
1.154750370000000000e+08
1.253029820000000000e+08
1.181881550000000000e+08
1.252981210000000000e+08
1.159127280000000000e+08
1.509865340000000000e+08
1.155931810000000000e+08
1.156174100000000000e+08
1.136773570000000000e+08
1.388890300000000000e+07
1.338619000000000000e+07
1.327941800000000000e+07
1.386368700000000000e+07
1.154793320000000000e+08
1.270012100000000000e+08
1.544815590000000000e+08
1.269980860000000000e+08
1.388861400000000000e+07
1.543486860000000000e+08
1.386160900000000000e+07
1.269996170000000000e+08
1.400714115000000000e+09
1.157806390000000000e+08
1.509789490000000000e+08
1.396323800000000000e+07
1.155947070000000000e+08
1.159145770000000000e+08
1.393717900000000000e+07
1.156617290000000000e+08
1.259948160000000000e+08
1.396172500000000000e+07
1.158664970000000000e+08
1.154750390000000000e+08
1.509925100000000000e+08
1.396160100000000000e+07
1.271268578000000000e+09
1.137109660000000000e+08
1.253028300000000000e+08
1.388577700000000000e+07
1.382575900000000000e+07
1.252831610000000000e+08
1.269996590000000000e+08
1.271237667000000000e+09
1.155953460000000000e+08
1.386244500000000000e+07
1.182513460000000000e+08
1.274273580000000000e+08
1.270206030000000000e+08
1.400921376000000000e+09
1.254875630000000000e+08
1.509886830000000000e+08
1.182472190000000000e+08
1.274308320000000000e+08
1.000500000100000000e+10
1.509925810000000000e+08
1.157492570000000000e+08
1.399825600000000000e+07
1.155469320000000000e+08
1.400989060000000000e+09
1.303610900000000000e+07
1.158637420000000000e+08
1.274204500000000000e+08
1.509683420000000000e+08
1.270206760000000000e+08
1.539804090000000000e+08
1.102452862000000000e+09
1.509756650000000000e+08
1.157182550000000000e+08
1.136767070000000000e+08
1.544826830000000000e+08
1.155473160000000000e+08
1.393628700000000000e+07
1.386372300000000000e+07
1.274286820000000000e+08
1.158538080000000000e+08
1.182466070000000000e+08
1.401045351000000000e+09
1.271314855000000000e+09
1.269983160000000000e+08
1.269995560000000000e+08
1.255207190000000000e+08
1.396030700000000000e+07
1.201228157000000000e+09
1.400934613000000000e+09
1.182677160000000000e+08
1.136716210000000000e+08
1.156207640000000000e+08
1.182449330000000000e+08
1.137124790000000000e+08
1.274222450000000000e+08
1.156608010000000000e+08
1.155916820000000000e+08
1.156584100000000000e+08
1.252998520000000000e+08
1.269967460000000000e+08
1.255261270000000000e+08
1.154789230000000000e+08
1.396071300000000000e+07
1.253049600000000000e+08
1.156169790000000000e+08
1.399650000000000000e+07
1.182693340000000000e+08
1.274267080000000000e+08
1.136715780000000000e+08
1.270200720000000000e+08
1.509783030000000000e+08
1.155511100000000000e+08
1.271359291000000000e+09
1.269989760000000000e+08
1.327648700000000000e+07
1.269820850000000000e+08
1.540621580000000000e+08
1.159149680000000000e+08
1.182686800000000000e+08
1.255210970000000000e+08
1.263377200000000000e+07
1.400801643000000000e+09
1.545592720000000000e+08
1.401023908000000000e+09
1.382971300000000000e+07
1.399827200000000000e+07
1.509872460000000000e+08
1.102503442000000000e+09
1.393716600000000000e+07
1.155458040000000000e+08
1.156617360000000000e+08
1.338905900000000000e+07
1.158537890000000000e+08
1.269971410000000000e+08
1.346832300000000000e+07
1.154824500000000000e+08
1.396062900000000000e+07
1.137114800000000000e+08
1.255242710000000000e+08
1.271355422000000000e+09
1.156596540000000000e+08
1.181935070000000000e+08
1.391757700000000000e+07
1.399887000000000000e+07
1.386342400000000000e+07
1.253036170000000000e+08
1.154179450000000000e+08
1.302515200000000000e+07
1.181819460000000000e+08
1.252534910000000000e+08
1.274309170000000000e+08
1.542673240000000000e+08
1.388760400000000000e+07
1.400646200000000000e+07
1.509785010000000000e+08
1.400769200000000000e+07
1.544774690000000000e+08
1.156629160000000000e+08
1.259909470000000000e+08
1.252825140000000000e+08
1.182682150000000000e+08
1.275001470000000000e+08
1.156597050000000000e+08
1.181843910000000000e+08
1.509774010000000000e+08
1.254436990000000000e+08
1.254449260000000000e+08
1.181903110000000000e+08
1.155148800000000000e+08
1.252820560000000000e+08
1.136705330000000000e+08
1.254865770000000000e+08
1.155482060000000000e+08
1.509761800000000000e+08
1.259947720000000000e+08
1.156193870000000000e+08
1.254430540000000000e+08
1.156623040000000000e+08
1.302623400000000000e+07
1.396042100000000000e+07
1.544251560000000000e+08
1.399793900000000000e+07
1.509787090000000000e+08
1.201286482000000000e+09
1.269993530000000000e+08
1.253002000000000000e+08
1.137096680000000000e+08
1.396151000000000000e+07
1.154821290000000000e+08
1.509891700000000000e+08
1.295601500000000000e+07
1.136753070000000000e+08
1.253028030000000000e+08
1.154805170000000000e+08
1.278873800000000000e+07
1.509689510000000000e+08
1.346802300000000000e+07
1.399927000000000000e+07
1.270193710000000000e+08
1.275021230000000000e+08
1.154801780000000000e+08
1.400791300000000000e+07
1.509745820000000000e+08
1.154807800000000000e+08
1.270197170000000000e+08
1.382761800000000000e+07
1.542685120000000000e+08
1.509774900000000000e+08
1.275026520000000000e+08
1.155115130000000000e+08
1.509893360000000000e+08
1.137099690000000000e+08
1.395978900000000000e+07
1.156607880000000000e+08
1.136760940000000000e+08
1.154715890000000000e+08
1.509746830000000000e+08
1.278872000000000000e+07
1.269997560000000000e+08
1.137094430000000000e+08
1.137124380000000000e+08
1.201247611000000000e+09
1.338527000000000000e+07
1.295496200000000000e+07
1.279483200000000000e+07
1.154171720000000000e+08
1.328408800000000000e+07
1.155951590000000000e+08
1.386476700000000000e+07
1.273650160000000000e+08
1.382749000000000000e+07
1.271325892000000000e+09
1.181895430000000000e+08
1.542081930000000000e+08
1.201360406000000000e+09
1.271265755000000000e+09
1.182481730000000000e+08
1.136701760000000000e+08
1.393863500000000000e+07
1.136548830000000000e+08
1.509764300000000000e+08
1.382627400000000000e+07
1.321283600000000000e+07
1.270197740000000000e+08
1.181837400000000000e+08
1.382410900000000000e+07
1.310991800000000000e+07
1.155128220000000000e+08
1.382653700000000000e+07
1.252992730000000000e+08
1.509750550000000000e+08
1.157841570000000000e+08
1.102509698000000000e+09
1.382266600000000000e+07
1.181829680000000000e+08
1.270182110000000000e+08
1.274296980000000000e+08
1.136551940000000000e+08
1.137101620000000000e+08
1.259927460000000000e+08
1.155476840000000000e+08
1.296216300000000000e+07
1.274277270000000000e+08
1.274195120000000000e+08
1.382654200000000000e+07
1.157207640000000000e+08
1.311348300000000000e+07
1.271099623000000000e+09
1.393671500000000000e+07
1.271173100000000000e+07
1.271027077000000000e+09
1.543052130000000000e+08
