1.518934500000000000e+08
1.492203780000000000e+08
1.181937020000000000e+08
1.501458000000000000e+08
1.186639860000000000e+08
1.018176000000000000e+08
1.421057280000000000e+08
1.501899950000000000e+08
1.504315990000000000e+08
1.414131200000000000e+08
1.405810310000000000e+08
1.409698690000000000e+08
1.409691220000000000e+08
1.501090080000000000e+08
1.136452170000000000e+08
1.290817070000000000e+08
1.418099620000000000e+08
1.127611690000000000e+08
1.420828320000000000e+08
1.492516110000000000e+08
1.189788080000000000e+08
1.499938610000000000e+08
1.135010260000000000e+08
1.499024110000000000e+08
1.501687390000000000e+08
1.493886410000000000e+08
1.200362920000000000e+08
1.492691780000000000e+08
1.131257870000000000e+08
1.190866630000000000e+08
1.419416840000000000e+08
1.199480810000000000e+08
1.137696370000000000e+08
1.406342570000000000e+08
1.494236520000000000e+08
1.407606140000000000e+08
1.501103910000000000e+08
1.503933900000000000e+08
1.288438650000000000e+08
1.122394070000000000e+08
1.288007310000000000e+08
1.188386410000000000e+08
1.405965130000000000e+08
1.405973530000000000e+08
1.500294480000000000e+08
1.499344310000000000e+08
1.491206020000000000e+08
1.412119980000000000e+08
1.503592600000000000e+08
1.017811040000000000e+08
1.420858420000000000e+08
1.436977440000000000e+08
1.015437450000000000e+08
1.491207260000000000e+08
1.197693080000000000e+08
1.493942570000000000e+08
1.407588310000000000e+08
1.408303900000000000e+08
1.146801940000000000e+08
1.015449730000000000e+08
1.134966670000000000e+08
1.286821340000000000e+08
1.503574040000000000e+08
1.420193430000000000e+08
1.434597420000000000e+08
1.419449110000000000e+08
1.202769790000000000e+08
1.408993830000000000e+08
1.197320160000000000e+08
1.018175620000000000e+08
1.406884520000000000e+08
1.127073630000000000e+08
1.407552160000000000e+08
1.201210160000000000e+08
1.494977000000000000e+08
1.491772710000000000e+08
1.191511740000000000e+08
1.412712160000000000e+08
1.192267860000000000e+08
1.504311200000000000e+08
1.196769680000000000e+08
1.496266440000000000e+08
1.201239020000000000e+08
1.183953440000000000e+08
1.131683370000000000e+08
1.494771000000000000e+08
1.136821790000000000e+08
1.502457540000000000e+08
1.491051070000000000e+08
1.126102540000000000e+08
1.420522770000000000e+08
1.407617570000000000e+08
1.128266610000000000e+08
1.495421190000000000e+08
1.503592120000000000e+08
1.408984360000000000e+08
1.434124390000000000e+08
1.412809390000000000e+08
1.501472760000000000e+08
1.432945260000000000e+08
1.491749920000000000e+08
1.414265250000000000e+08
1.017757200000000000e+08
1.013100420000000000e+08
1.502493840000000000e+08
1.493915000000000000e+08
1.433474810000000000e+08
1.495999710000000000e+08
1.490371120000000000e+08
1.014295270000000000e+08
1.501650340000000000e+08
1.502478690000000000e+08
1.503015290000000000e+08
1.418109340000000000e+08
1.143958220000000000e+08
1.492699650000000000e+08
1.502454380000000000e+08
1.287082200000000000e+08
1.502721480000000000e+08
1.407547970000000000e+08
1.503009350000000000e+08
1.195698320000000000e+08
1.493474800000000000e+08
1.500297560000000000e+08
1.187300470000000000e+08
1.499135930000000000e+08
1.421096650000000000e+08
1.417527870000000000e+08
1.190931890000000000e+08
1.015089540000000000e+08
1.409682600000000000e+08
1.417135930000000000e+08
1.433491180000000000e+08
1.504308370000000000e+08
1.125459650000000000e+08
1.129174920000000000e+08
1.504318590000000000e+08
1.183201850000000000e+08
1.123345650000000000e+08
1.503891270000000000e+08
1.415282800000000000e+08
1.405987580000000000e+08
1.492743120000000000e+08
1.493915350000000000e+08
1.418078390000000000e+08
1.419750440000000000e+08
1.421425860000000000e+08
1.407616410000000000e+08
1.287059180000000000e+08
1.406080060000000000e+08
1.418114450000000000e+08
1.410281200000000000e+08
1.290390830000000000e+08
1.491213690000000000e+08
1.499712770000000000e+08
1.504392890000000000e+08
1.406361890000000000e+08
1.502743860000000000e+08
1.502507880000000000e+08
1.504317910000000000e+08
1.288809370000000000e+08
1.407575710000000000e+08
1.418051800000000000e+08
1.421427180000000000e+08
1.414357050000000000e+08
1.415428260000000000e+08
1.500294740000000000e+08
1.411224680000000000e+08
1.492477070000000000e+08
1.408576610000000000e+08
1.194385200000000000e+08
1.407600060000000000e+08
1.405809850000000000e+08
1.011743430000000000e+08
1.189250450000000000e+08
1.123952280000000000e+08
1.502496220000000000e+08
1.411533490000000000e+08
1.503904900000000000e+08
1.405968020000000000e+08
1.420816020000000000e+08
1.504305660000000000e+08
1.411235880000000000e+08
1.499022030000000000e+08
1.494795100000000000e+08
1.495719300000000000e+08
1.288437470000000000e+08
1.139171080000000000e+08
1.419805170000000000e+08
1.499339860000000000e+08
1.499143290000000000e+08
1.500670870000000000e+08
1.502493670000000000e+08
1.202441420000000000e+08
1.504427480000000000e+08
1.408287510000000000e+08
1.184003640000000000e+08
1.287233730000000000e+08
1.501857220000000000e+08
1.501897450000000000e+08
1.500302050000000000e+08
1.013988940000000000e+08
1.503931980000000000e+08
1.123950690000000000e+08
1.193421220000000000e+08
1.012760410000000000e+08
1.434632000000000000e+08
1.437661070000000000e+08
1.287266100000000000e+08
1.196245690000000000e+08
1.503237500000000000e+08
1.501887590000000000e+08
1.491547170000000000e+08
1.139070980000000000e+08
1.408959830000000000e+08
1.287930820000000000e+08
1.406589820000000000e+08
1.416071080000000000e+08
1.017339440000000000e+08
1.198832980000000000e+08
1.490599500000000000e+08
1.408971620000000000e+08
1.496003760000000000e+08
1.501645230000000000e+08
1.415450370000000000e+08
1.420870470000000000e+08
1.419780950000000000e+08
1.503911180000000000e+08
1.417661910000000000e+08
1.492743670000000000e+08
1.287058490000000000e+08
1.491567480000000000e+08
1.288799340000000000e+08
1.501648750000000000e+08
1.011796010000000000e+08
1.133532310000000000e+08
1.499353600000000000e+08
1.494737820000000000e+08
1.492732990000000000e+08
1.140529720000000000e+08
1.180548870000000000e+08
1.180595750000000000e+08
1.436088520000000000e+08
1.493937810000000000e+08
1.495734370000000000e+08
1.018822170000000000e+08
1.411274350000000000e+08
1.406918430000000000e+08
1.180608830000000000e+08
1.491759110000000000e+08
1.196748280000000000e+08
1.136354350000000000e+08
1.135323700000000000e+08
1.126792720000000000e+08
1.494729070000000000e+08
1.408941850000000000e+08
1.018799410000000000e+08
1.188024000000000000e+08
1.496252540000000000e+08
1.421091850000000000e+08
1.503931400000000000e+08
1.495020010000000000e+08
1.141416940000000000e+08
1.200692370000000000e+08
1.503931910000000000e+08
1.501636950000000000e+08
1.411287730000000000e+08
1.502454030000000000e+08
1.406325710000000000e+08
1.491745760000000000e+08
1.123306970000000000e+08
1.419107900000000000e+08
1.194968690000000000e+08
1.491766420000000000e+08
1.503607660000000000e+08
1.421046860000000000e+08
1.492526150000000000e+08
1.502481330000000000e+08
1.503930640000000000e+08
1.406096480000000000e+08
1.012780020000000000e+08
1.416271260000000000e+08
1.421468350000000000e+08
1.409388880000000000e+08
1.130595060000000000e+08
1.417701980000000000e+08
1.494231110000000000e+08
1.199837040000000000e+08
1.412699640000000000e+08
1.406361560000000000e+08
1.495425380000000000e+08
1.016215670000000000e+08
1.421092830000000000e+08
1.419795790000000000e+08
1.417099970000000000e+08
1.198241110000000000e+08
1.502990780000000000e+08
1.406613680000000000e+08
1.493027440000000000e+08
1.139873330000000000e+08
1.002285340000000000e+08
1.501674200000000000e+08
1.503941260000000000e+08
1.143951920000000000e+08
1.421103830000000000e+08
1.494985480000000000e+08
1.504400790000000000e+08
1.417081470000000000e+08
1.411838940000000000e+08
1.002670270000000000e+08
1.499028470000000000e+08
1.287977750000000000e+08
1.417716910000000000e+08
1.407585950000000000e+08
1.494455800000000000e+08
1.012763400000000000e+08
1.492529610000000000e+08
1.128267680000000000e+08
1.503955290000000000e+08
1.189810350000000000e+08
1.418263650000000000e+08
1.182714040000000000e+08
1.501667590000000000e+08
1.491741060000000000e+08
1.411870100000000000e+08
1.134626910000000000e+08
1.416059290000000000e+08
1.405122000000000000e+08
1.417702990000000000e+08
1.416215340000000000e+08
1.434588630000000000e+08
1.289150530000000000e+08
1.496017680000000000e+08
1.408018310000000000e+08
1.495727230000000000e+08
1.503202350000000000e+08
1.147321080000000000e+08
1.502477210000000000e+08
1.407616590000000000e+08
1.495730960000000000e+08
1.414362150000000000e+08
1.195062400000000000e+08
1.181949170000000000e+08
1.503231130000000000e+08
1.503923770000000000e+08
1.416082890000000000e+08
1.192777780000000000e+08
1.415420230000000000e+08
1.179353030000000000e+08
1.416107590000000000e+08
1.414795470000000000e+08
1.503223400000000000e+08
1.499139130000000000e+08
1.014520130000000000e+08
1.123311460000000000e+08
1.408275880000000000e+08
1.496654620000000000e+08
1.411571800000000000e+08
1.405107140000000000e+08
1.417092370000000000e+08
1.411218900000000000e+08
1.415307480000000000e+08
1.420149320000000000e+08
1.495757260000000000e+08
1.185259270000000000e+08
1.502754590000000000e+08
1.493911420000000000e+08
1.502995480000000000e+08
1.203965720000000000e+08
1.503576130000000000e+08
1.414717550000000000e+08
1.184396900000000000e+08
1.290304160000000000e+08
1.499143380000000000e+08
1.500296510000000000e+08
1.405990560000000000e+08
1.014334350000000000e+08
1.201242290000000000e+08
1.133545820000000000e+08
1.198213780000000000e+08
1.495764070000000000e+08
1.519430780000000000e+08
1.492752350000000000e+08
1.130559700000000000e+08
1.504430460000000000e+08
1.414724080000000000e+08
1.193783490000000000e+08
1.015894060000000000e+08
1.133460250000000000e+08
1.191597580000000000e+08
1.405988810000000000e+08
1.202008590000000000e+08
1.393696340000000000e+08
1.133544700000000000e+08
1.419106060000000000e+08
1.493044950000000000e+08
1.002734650000000000e+08
1.407568240000000000e+08
1.501647740000000000e+08
1.419770760000000000e+08
1.408286630000000000e+08
1.495391140000000000e+08
1.414728060000000000e+08
1.196242070000000000e+08
1.415265470000000000e+08
1.201271410000000000e+08
1.143183450000000000e+08
1.393707010000000000e+08
1.417700470000000000e+08
1.409397040000000000e+08
1.411247930000000000e+08
1.188373360000000000e+08
1.491765030000000000e+08
1.491253770000000000e+08
1.415425850000000000e+08
1.494796240000000000e+08
1.405780240000000000e+08
1.421056130000000000e+08
1.409981160000000000e+08
1.499309940000000000e+08
1.421091020000000000e+08
1.432898030000000000e+08
1.011809430000000000e+08
1.502991670000000000e+08
1.499882250000000000e+08
1.409706130000000000e+08
1.416069580000000000e+08
1.012335010000000000e+08
1.406892040000000000e+08
1.015828800000000000e+08
1.199824860000000000e+08
1.410902700000000000e+08
1.288002170000000000e+08
1.504432960000000000e+08
1.132448280000000000e+08
1.502496060000000000e+08
1.492725060000000000e+08
1.011809440000000000e+08
1.407971480000000000e+08
1.493476080000000000e+08
1.499300090000000000e+08
1.181437760000000000e+08
1.408265020000000000e+08
1.434086720000000000e+08
1.012756080000000000e+08
1.395063000000000000e+06
1.421424500000000000e+08
1.132488330000000000e+08
1.198183960000000000e+08
1.202503040000000000e+08
1.013596980000000000e+08
1.499023030000000000e+08
1.198761190000000000e+08
1.491075850000000000e+08
1.499730440000000000e+08
1.193409440000000000e+08
1.492522250000000000e+08
1.190858770000000000e+08
1.494975220000000000e+08
1.013111620000000000e+08
1.135859990000000000e+08
1.146786460000000000e+08
1.499892420000000000e+08
1.433949430000000000e+08
1.499146970000000000e+08
1.417094220000000000e+08
1.194309590000000000e+08
1.286798960000000000e+08
1.520394750000000000e+08
1.499353380000000000e+08
1.437693460000000000e+08
1.133570600000000000e+08
1.195608190000000000e+08
1.501886590000000000e+08
1.018822330000000000e+08
1.122395320000000000e+08
1.502756800000000000e+08
1.290817110000000000e+08
1.494977630000000000e+08
1.520369090000000000e+08
1.407548470000000000e+08
1.501879160000000000e+08
1.128943210000000000e+08
1.136317910000000000e+08
1.502732550000000000e+08
1.188019950000000000e+08
1.410289620000000000e+08
1.180142830000000000e+08
1.495392920000000000e+08
1.139073060000000000e+08
1.490378410000000000e+08
1.014333780000000000e+08
1.132445700000000000e+08
1.017353220000000000e+08
1.502456140000000000e+08
1.491248130000000000e+08
1.417121670000000000e+08
1.418676070000000000e+08
1.421424880000000000e+08
1.502991150000000000e+08
1.502502360000000000e+08
1.200328340000000000e+08
1.417579200000000000e+08
1.406352850000000000e+08
1.494734670000000000e+08
1.185262830000000000e+08
1.491561390000000000e+08
1.496003840000000000e+08
1.494232220000000000e+08
1.199834370000000000e+08
1.417722590000000000e+08
1.405804820000000000e+08
1.287909760000000000e+08
1.406093840000000000e+08
1.414718700000000000e+08
1.503595000000000000e+08
1.434105260000000000e+08
1.503619110000000000e+08
1.287935490000000000e+08
1.418054930000000000e+08
1.195655600000000000e+08
1.132412550000000000e+08
1.495439000000000000e+08
1.136360970000000000e+08
1.493050700000000000e+08
1.415303150000000000e+08
1.141804960000000000e+08
1.504332700000000000e+08
1.016541000000000000e+08
1.496306770000000000e+08
1.134179890000000000e+08
1.182783800000000000e+08
1.405981790000000000e+08
1.183227870000000000e+08
1.437977040000000000e+08
1.405110690000000000e+08
1.495991890000000000e+08
1.202422380000000000e+08
1.189831220000000000e+08
1.499711130000000000e+08
1.502463940000000000e+08
1.128939850000000000e+08
1.421492420000000000e+08
1.139144080000000000e+08
1.420135830000000000e+08
1.013123300000000000e+08
1.139101770000000000e+08
1.287986170000000000e+08
1.136341180000000000e+08
1.416249790000000000e+08
1.420836290000000000e+08
1.203344420000000000e+08
1.417562130000000000e+08
1.419744950000000000e+08
1.504277900000000000e+08
1.415275790000000000e+08
1.503902600000000000e+08
1.494976620000000000e+08
1.195699570000000000e+08
1.495732640000000000e+08
1.504304310000000000e+08
1.135329510000000000e+08
1.504378990000000000e+08
1.419436940000000000e+08
1.421078210000000000e+08
1.493475340000000000e+08
1.501887580000000000e+08
1.196754490000000000e+08
1.410960710000000000e+08
1.494506120000000000e+08
1.496307540000000000e+08
1.493067690000000000e+08
1.496011560000000000e+08
1.410269030000000000e+08
1.503569060000000000e+08
1.415444940000000000e+08
1.494205960000000000e+08
1.416122210000000000e+08
1.197327260000000000e+08
1.503011090000000000e+08
1.496292350000000000e+08
1.192221790000000000e+08
1.416851800000000000e+08
1.527355300000000000e+08
1.499897810000000000e+08
1.493020860000000000e+08
1.418238810000000000e+08
1.410946720000000000e+08
1.193787920000000000e+08
1.290365960000000000e+08
1.202021260000000000e+08
1.421053080000000000e+08
1.501391820000000000e+08
1.493479480000000000e+08
1.415456160000000000e+08
1.503207120000000000e+08
1.016514640000000000e+08
1.203970980000000000e+08
1.503950090000000000e+08
1.502491550000000000e+08
1.410953590000000000e+08
1.407589530000000000e+08
1.182718130000000000e+08
1.409389750000000000e+08
1.492197290000000000e+08
1.013088280000000000e+08
1.202859940000000000e+08
1.184091650000000000e+08
1.494738390000000000e+08
1.182000810000000000e+08
1.419139940000000000e+08
1.520390920000000000e+08
1.197290880000000000e+08
1.408581400000000000e+08
1.417693560000000000e+08
1.192851550000000000e+08
1.134677550000000000e+08
1.494504280000000000e+08
1.288804600000000000e+08
1.135657050000000000e+08
1.018809380000000000e+08
1.011742610000000000e+08
1.185298730000000000e+08
1.491073890000000000e+08
1.433591720000000000e+08
1.014315880000000000e+08
1.499345540000000000e+08
1.419762470000000000e+08
1.015121530000000000e+08
1.125524830000000000e+08
1.504435130000000000e+08
1.496255800000000000e+08
1.288813040000000000e+08
1.130544890000000000e+08
1.491759650000000000e+08
1.136889270000000000e+08
1.291394410000000000e+08
1.418092200000000000e+08
1.495031440000000000e+08
1.493477720000000000e+08
1.504401760000000000e+08
1.182734700000000000e+08
1.408030800000000000e+08
1.503616160000000000e+08
1.418264950000000000e+08
1.184442350000000000e+08
1.432891240000000000e+08
1.501418980000000000e+08
1.501873820000000000e+08
1.134204000000000000e+08
1.201956410000000000e+08
1.288782630000000000e+08
1.495381230000000000e+08
1.406089050000000000e+08
1.501664650000000000e+08
1.492173420000000000e+08
1.433582930000000000e+08
1.018176730000000000e+08
1.159914000000000000e+06
1.433968210000000000e+08
1.532415150000000000e+08
1.015446620000000000e+08
1.418241220000000000e+08
1.405796740000000000e+08
1.502709790000000000e+08
1.015880500000000000e+08
1.492534090000000000e+08
1.135675270000000000e+08
1.504426580000000000e+08
1.122438460000000000e+08
1.126070060000000000e+08
1.501676430000000000e+08
1.503570640000000000e+08
1.416255590000000000e+08
1.433455510000000000e+08
1.193842110000000000e+08
1.491760800000000000e+08
1.492507530000000000e+08
1.501036500000000000e+08
1.190466100000000000e+08
1.013573580000000000e+08
1.409978600000000000e+08
1.416075530000000000e+08
1.495730100000000000e+08
1.202840550000000000e+08
1.493467520000000000e+08
1.501879080000000000e+08
1.502469250000000000e+08
1.015405990000000000e+08
1.504421520000000000e+08
1.494443410000000000e+08
1.503231380000000000e+08
1.420191710000000000e+08
1.135784930000000000e+08
1.502717800000000000e+08
1.501866030000000000e+08
1.414137060000000000e+08
1.015435050000000000e+08
1.137786460000000000e+08
1.421065810000000000e+08
1.014533900000000000e+08
1.499722070000000000e+08
1.502509590000000000e+08
1.420855690000000000e+08
1.203401310000000000e+08
1.405961730000000000e+08
1.411272530000000000e+08
1.504304040000000000e+08
1.503226520000000000e+08
1.410936930000000000e+08
1.414223390000000000e+08
1.288414350000000000e+08
1.502454300000000000e+08
1.203429010000000000e+08
1.408943540000000000e+08
1.407601640000000000e+08
1.491213850000000000e+08
1.408598220000000000e+08
1.131206200000000000e+08
1.416220650000000000e+08
1.499026580000000000e+08
1.012325760000000000e+08
1.496008460000000000e+08
1.418708310000000000e+08
1.433453710000000000e+08
1.499761870000000000e+08
1.188076280000000000e+08
1.202475280000000000e+08
1.499350430000000000e+08
1.406088540000000000e+08
1.500304110000000000e+08
1.288398240000000000e+08
1.406579310000000000e+08
1.502720640000000000e+08
1.408998250000000000e+08
1.185349750000000000e+08
1.491254180000000000e+08
1.501855860000000000e+08
1.504316590000000000e+08
1.410923690000000000e+08
1.018179630000000000e+08
1.503216630000000000e+08
1.405991250000000000e+08
1.501918810000000000e+08
1.417133800000000000e+08
1.288822510000000000e+08
1.408264380000000000e+08
1.011764570000000000e+08
1.436104590000000000e+08
1.501855810000000000e+08
1.414253490000000000e+08
1.414139320000000000e+08
1.410962700000000000e+08
1.501087110000000000e+08
1.198754740000000000e+08
1.194991400000000000e+08
1.136471220000000000e+08
1.504419050000000000e+08
1.136456770000000000e+08
1.201276290000000000e+08
1.195693940000000000e+08
1.405771340000000000e+08
1.419102300000000000e+08
1.409462370000000000e+08
1.408016830000000000e+08
1.131184770000000000e+08
1.405766500000000000e+08
1.406334730000000000e+08
1.124056980000000000e+08
1.499032500000000000e+08
1.188397710000000000e+08
1.181471070000000000e+08
1.135660790000000000e+08
1.405798470000000000e+08
1.499023660000000000e+08
1.141823020000000000e+08
1.418658750000000000e+08
1.416267830000000000e+08
1.127060120000000000e+08
1.406361620000000000e+08
1.493025520000000000e+08
1.502709770000000000e+08
1.201972710000000000e+08
1.492744220000000000e+08
1.405984640000000000e+08
1.185321150000000000e+08
1.420827960000000000e+08
1.503617510000000000e+08
1.492531540000000000e+08
1.419429110000000000e+08
1.416060600000000000e+08
1.015454200000000000e+08
1.499898640000000000e+08
1.416272680000000000e+08
1.501667110000000000e+08
1.416114610000000000e+08
1.186612600000000000e+08
1.501880710000000000e+08
1.015098980000000000e+08
1.496305950000000000e+08
1.519439090000000000e+08
1.014575430000000000e+08
1.147257090000000000e+08
1.183215700000000000e+08
1.015439130000000000e+08
1.416100120000000000e+08
1.196248610000000000e+08
1.492160240000000000e+08
1.132463070000000000e+08
1.416104730000000000e+08
1.491007640000000000e+08
1.416806810000000000e+08
1.181431500000000000e+08
1.290823470000000000e+08
1.290820810000000000e+08
1.503213300000000000e+08
1.016524040000000000e+08
1.416069860000000000e+08
1.289178810000000000e+08
1.494979240000000000e+08
1.499722110000000000e+08
1.520686420000000000e+08
1.136854290000000000e+08
1.419140820000000000e+08
1.419094810000000000e+08
1.499895350000000000e+08
1.417110080000000000e+08
1.494236940000000000e+08
1.503611040000000000e+08
1.200405790000000000e+08
1.405994710000000000e+08
1.015443430000000000e+08
1.411561050000000000e+08
1.501673190000000000e+08
1.419444880000000000e+08
1.493461630000000000e+08
1.132410600000000000e+08
1.420526080000000000e+08
1.016172050000000000e+08
1.493015750000000000e+08
1.411226770000000000e+08
1.491603590000000000e+08
1.128321560000000000e+08
1.203932640000000000e+08
1.012340350000000000e+08
1.494497950000000000e+08
1.412720040000000000e+08
1.492519110000000000e+08
1.499301500000000000e+08
1.501426530000000000e+08
1.417083350000000000e+08
1.409433230000000000e+08
1.290284140000000000e+08
1.415484740000000000e+08
1.415448610000000000e+08
1.194383570000000000e+08
1.287918340000000000e+08
1.291381490000000000e+08
1.494208960000000000e+08
1.130517380000000000e+08
1.418253690000000000e+08
1.503564060000000000e+08
1.414729110000000000e+08
1.405773630000000000e+08
1.503221960000000000e+08
1.493077800000000000e+08
1.494979800000000000e+08
1.181960940000000000e+08
1.415307000000000000e+08
1.493471030000000000e+08
1.501034720000000000e+08
1.421066240000000000e+08
1.419802950000000000e+08
1.127113060000000000e+08
1.405975180000000000e+08
1.432955890000000000e+08
1.503572900000000000e+08
1.203348660000000000e+08
1.181959950000000000e+08
1.409987450000000000e+08
1.502711690000000000e+08
1.420146180000000000e+08
1.393694330000000000e+08
1.291084350000000000e+08
1.502753600000000000e+08
1.433409610000000000e+08
1.411275410000000000e+08
1.493036480000000000e+08
1.495726460000000000e+08
1.130514540000000000e+08
1.139119200000000000e+08
1.127972400000000000e+08
1.412127200000000000e+08
1.184097140000000000e+08
1.504322110000000000e+08
1.192267400000000000e+08
1.417680700000000000e+08
1.503011890000000000e+08
1.286775210000000000e+08
1.499346670000000000e+08
1.012738560000000000e+08
1.417551630000000000e+08
1.406584840000000000e+08
1.406356460000000000e+08
1.142712910000000000e+08
1.519495420000000000e+08
1.490376410000000000e+08
1.421072190000000000e+08
1.012754080000000000e+08
1.180106480000000000e+08
1.479793000000000000e+06
1.128273140000000000e+08
1.432917640000000000e+08
1.196256750000000000e+08
1.492184970000000000e+08
1.495988620000000000e+08
1.185854880000000000e+08
1.119785460000000000e+08
1.503206200000000000e+08
1.414142170000000000e+08
1.407619480000000000e+08
1.011747490000000000e+08
1.437988540000000000e+08
1.414257020000000000e+08
1.137712370000000000e+08
1.416856430000000000e+08
1.495418410000000000e+08
1.139886820000000000e+08
1.408900280000000000e+08
1.126804480000000000e+08
1.503906190000000000e+08
1.193825260000000000e+08
1.503903270000000000e+08
1.504428410000000000e+08
1.418699670000000000e+08
1.501422070000000000e+08
1.287894940000000000e+08
1.411552640000000000e+08
1.406320800000000000e+08
1.494793520000000000e+08
1.499880590000000000e+08
1.420825480000000000e+08
1.019128360000000000e+08
1.504315180000000000e+08
1.134315020000000000e+08
1.420178260000000000e+08
1.420847620000000000e+08
1.503943610000000000e+08
1.491551980000000000e+08
1.493484880000000000e+08
1.289139720000000000e+08
1.419454700000000000e+08
1.502716800000000000e+08
1.490597730000000000e+08
1.203972170000000000e+08
1.494231740000000000e+08
1.202437770000000000e+08
1.203348540000000000e+08
1.393712650000000000e+08
1.417554140000000000e+08
1.501886630000000000e+08
1.492526700000000000e+08
1.519489590000000000e+08
1.412163980000000000e+08
1.437988530000000000e+08
1.499706130000000000e+08
1.017789360000000000e+08
1.015456820000000000e+08
1.503891420000000000e+08
1.195057490000000000e+08
1.123999550000000000e+08
1.408565060000000000e+08
1.013121690000000000e+08
1.416123140000000000e+08
1.420873400000000000e+08
1.419779350000000000e+08
1.188427000000000000e+08
1.492188900000000000e+08
1.491766840000000000e+08
1.406301240000000000e+08
1.499020520000000000e+08
1.131735980000000000e+08
1.419112010000000000e+08
1.494495300000000000e+08
1.416221190000000000e+08
1.421098740000000000e+08
1.197775500000000000e+08
1.410307210000000000e+08
1.495417800000000000e+08
1.140483860000000000e+08
1.416254860000000000e+08
1.417705920000000000e+08
1.499021760000000000e+08
1.494445450000000000e+08
1.192827680000000000e+08
1.491744940000000000e+08
1.496301170000000000e+08
1.016921080000000000e+08
1.414727170000000000e+08
1.491758590000000000e+08
1.135896700000000000e+08
1.420513490000000000e+08
1.418230200000000000e+08
1.406599800000000000e+08
1.405805950000000000e+08
1.131272150000000000e+08
1.504302750000000000e+08
1.490606530000000000e+08
1.504424970000000000e+08
1.012739490000000000e+08
1.491607780000000000e+08
1.416059820000000000e+08
1.503581470000000000e+08
1.200378280000000000e+08
1.501855740000000000e+08
1.411519530000000000e+08
1.493926710000000000e+08
1.290311490000000000e+08
1.195001340000000000e+08
1.410966350000000000e+08
1.416081980000000000e+08
1.504308290000000000e+08
1.421052990000000000e+08
1.126120680000000000e+08
1.406878260000000000e+08
1.289721530000000000e+08
1.013550410000000000e+08
1.496011400000000000e+08
1.408615480000000000e+08
1.200364990000000000e+08
1.413336770000000000e+08
1.419779320000000000e+08
1.203957040000000000e+08
1.499713310000000000e+08
1.501626970000000000e+08
1.437979850000000000e+08
1.503914360000000000e+08
1.494976740000000000e+08
1.181394600000000000e+08
1.421054660000000000e+08
1.411263970000000000e+08
1.416112370000000000e+08
1.493037660000000000e+08
1.135373020000000000e+08
1.433993140000000000e+08
1.180118890000000000e+08
1.124666440000000000e+08
1.136315710000000000e+08
1.416215030000000000e+08
1.123292220000000000e+08
1.421094300000000000e+08
1.136485000000000000e+08
1.290401540000000000e+08
1.499721020000000000e+08
1.181467520000000000e+08
1.405986530000000000e+08
1.419412200000000000e+08
1.500292750000000000e+08
1.415479790000000000e+08
1.185808400000000000e+08
1.393693330000000000e+08
1.393717180000000000e+08
1.417718310000000000e+08
1.501500950000000000e+08
1.421079220000000000e+08
1.287252660000000000e+08
1.493083170000000000e+08
1.287922280000000000e+08
1.496312890000000000e+08
1.494493850000000000e+08
1.014039640000000000e+08
1.409388040000000000e+08
1.014547450000000000e+08
1.414736170000000000e+08
1.290303590000000000e+08
1.143966340000000000e+08
1.193881010000000000e+08
1.495745420000000000e+08
1.287285190000000000e+08
1.496023080000000000e+08
1.496280340000000000e+08
1.290817140000000000e+08
1.501512620000000000e+08
1.419090980000000000e+08
1.417528830000000000e+08
1.502447200000000000e+08
1.502995760000000000e+08
1.393691070000000000e+08
1.420169530000000000e+08
1.495736590000000000e+08
1.407604340000000000e+08
1.201953640000000000e+08
1.499885230000000000e+08
1.183235810000000000e+08
1.496030710000000000e+08
1.420490250000000000e+08
1.200699690000000000e+08
1.502734020000000000e+08
1.143143520000000000e+08
1.014000190000000000e+08
1.410948610000000000e+08
1.438192250000000000e+08
1.199501800000000000e+08
1.146773810000000000e+08
1.420819990000000000e+08
1.421093900000000000e+08
1.405786060000000000e+08
1.126082780000000000e+08
1.503008700000000000e+08
1.290819840000000000e+08
1.418678950000000000e+08
1.495703800000000000e+08
1.500292720000000000e+08
1.501887780000000000e+08
1.138540410000000000e+08
1.519444250000000000e+08
1.494498880000000000e+08
1.520674510000000000e+08
1.494223640000000000e+08
1.131639130000000000e+08
1.503615130000000000e+08
1.200678070000000000e+08
1.492514430000000000e+08
1.491548210000000000e+08
1.287941530000000000e+08
1.496266500000000000e+08
1.499880680000000000e+08
1.405992840000000000e+08
1.137707870000000000e+08
1.414861050000000000e+08
1.491545770000000000e+08
1.494980990000000000e+08
1.198208590000000000e+08
1.409718420000000000e+08
1.141468270000000000e+08
1.123282450000000000e+08
1.433440130000000000e+08
1.503927530000000000e+08
1.410247990000000000e+08
1.136854240000000000e+08
1.408937220000000000e+08
1.420535000000000000e+08
1.491792260000000000e+08
1.420520860000000000e+08
1.125426870000000000e+08
1.291387180000000000e+08
1.501647950000000000e+08
1.186623030000000000e+08
1.393705370000000000e+08
1.501469730000000000e+08
1.420868120000000000e+08
1.503593250000000000e+08
1.126167670000000000e+08
1.418115400000000000e+08
1.502726560000000000e+08
1.500633210000000000e+08
1.015458890000000000e+08
1.502733010000000000e+08
1.414357580000000000e+08
1.433614080000000000e+08
1.405278730000000000e+08
1.504319200000000000e+08
1.501048080000000000e+08
1.138584320000000000e+08
1.495391580000000000e+08
1.503905430000000000e+08
1.142761240000000000e+08
1.185778980000000000e+08
1.017378470000000000e+08
1.287093370000000000e+08
1.189842880000000000e+08
1.015446930000000000e+08
1.130610460000000000e+08
1.410262670000000000e+08
1.499345900000000000e+08
1.434113890000000000e+08
1.417141910000000000e+08
1.500295380000000000e+08
1.188004450000000000e+08
1.494459280000000000e+08
1.133431810000000000e+08
1.496307340000000000e+08
1.408929380000000000e+08
1.416108930000000000e+08
1.203344250000000000e+08
1.414845090000000000e+08
1.016518780000000000e+08
1.501479850000000000e+08
1.501873730000000000e+08
1.503925840000000000e+08
1.421455340000000000e+08
1.141421640000000000e+08
1.416252740000000000e+08
1.495029500000000000e+08
1.018819920000000000e+08
1.418229080000000000e+08
1.502965600000000000e+08
1.496258120000000000e+08
1.197748460000000000e+08
1.406630570000000000e+08
1.203937170000000000e+08
1.405761740000000000e+08
1.501641240000000000e+08
1.421423160000000000e+08
1.406873820000000000e+08
1.492152620000000000e+08
1.493025070000000000e+08
1.016942700000000000e+08
1.393716000000000000e+08
1.408024790000000000e+08
1.134232440000000000e+08
1.199814800000000000e+08
1.499879400000000000e+08
1.406868390000000000e+08
1.414793100000000000e+08
1.184359460000000000e+08
1.420829420000000000e+08
1.002293780000000000e+08
1.496014080000000000e+08
1.405783040000000000e+08
1.504403620000000000e+08
1.420500460000000000e+08
1.016220630000000000e+08
1.405791250000000000e+08
1.409683570000000000e+08
1.200699830000000000e+08
1.411852700000000000e+08
1.017354110000000000e+08
1.434610760000000000e+08
1.420528760000000000e+08
1.412119660000000000e+08
1.192195510000000000e+08
1.493478050000000000e+08
1.012337790000000000e+08
1.417126540000000000e+08
1.420819730000000000e+08
1.133434120000000000e+08
1.437654690000000000e+08
1.434574300000000000e+08
1.414071590000000000e+08
1.492181000000000000e+08
1.132446250000000000e+08
1.412710780000000000e+08
1.012777310000000000e+08
1.491796070000000000e+08
1.406615950000000000e+08
1.131570670000000000e+08
1.287097230000000000e+08
1.003592630000000000e+08
1.183192820000000000e+08
1.412151410000000000e+08
1.273900340000000000e+08
1.135395260000000000e+08
1.519544750000000000e+08
1.130590500000000000e+08
1.434624280000000000e+08
1.419153670000000000e+08
1.016952100000000000e+08
1.291816760000000000e+08
1.288777250000000000e+08
1.492179370000000000e+08
1.417574410000000000e+08
1.496308240000000000e+08
1.502722770000000000e+08
1.420180150000000000e+08
1.193867250000000000e+08
1.415268280000000000e+08
1.197244560000000000e+08
1.015443720000000000e+08
1.132720220000000000e+08
1.409431850000000000e+08
1.416231740000000000e+08
1.016551070000000000e+08
1.434575610000000000e+08
1.289722400000000000e+08
1.421078330000000000e+08
1.407968540000000000e+08
1.494743870000000000e+08
1.410919230000000000e+08
1.499717540000000000e+08
1.012341840000000000e+08
1.405809490000000000e+08
1.420517860000000000e+08
1.405966220000000000e+08
1.188036980000000000e+08
1.421077560000000000e+08
1.143903210000000000e+08
1.288812960000000000e+08
1.014039510000000000e+08
1.185301070000000000e+08
1.499317540000000000e+08
1.417701210000000000e+08
1.410303920000000000e+08
1.288400610000000000e+08
1.501887360000000000e+08
1.017802270000000000e+08
1.433980240000000000e+08
1.503557640000000000e+08
1.492190920000000000e+08
1.417092960000000000e+08
1.181934340000000000e+08
1.016545740000000000e+08
1.409999290000000000e+08
1.415279650000000000e+08
1.418117340000000000e+08
1.280368150000000000e+08
1.287075930000000000e+08
1.495014850000000000e+08
1.504418100000000000e+08
1.187306860000000000e+08
1.494979040000000000e+08
1.185324700000000000e+08
1.503599820000000000e+08
1.421482280000000000e+08
1.406612890000000000e+08
1.495398940000000000e+08
1.409715450000000000e+08
1.135886700000000000e+08
1.406889410000000000e+08
1.408947030000000000e+08
1.490373630000000000e+08
1.011752050000000000e+08
1.408977320000000000e+08
1.419115190000000000e+08
1.491610750000000000e+08
1.186714050000000000e+08
1.011755730000000000e+08
1.418114320000000000e+08
1.421445940000000000e+08
1.289140830000000000e+08
1.405987820000000000e+08
1.018825630000000000e+08
1.502744870000000000e+08
1.493925740000000000e+08
1.433972570000000000e+08
1.501660910000000000e+08
1.018172870000000000e+08
1.420860810000000000e+08
1.495427090000000000e+08
1.503897050000000000e+08
1.496026150000000000e+08
1.013099140000000000e+08
1.132445510000000000e+08
1.289712670000000000e+08
1.121843490000000000e+08
1.411241440000000000e+08
1.492531730000000000e+08
1.131184410000000000e+08
1.287089610000000000e+08
1.418688360000000000e+08
1.012742540000000000e+08
1.491763050000000000e+08
1.200349820000000000e+08
1.494992920000000000e+08
1.204140580000000000e+08
1.492204450000000000e+08
1.133561770000000000e+08
1.503233340000000000e+08
1.502497710000000000e+08
1.125531080000000000e+08
1.492183500000000000e+08
1.417573260000000000e+08
1.495398420000000000e+08
1.018445060000000000e+08
1.421076180000000000e+08
1.130613490000000000e+08
1.406874460000000000e+08
1.493081750000000000e+08
1.406306350000000000e+08
1.418705890000000000e+08
1.493882650000000000e+08
1.287235580000000000e+08
1.415264390000000000e+08
1.180104150000000000e+08
1.491039410000000000e+08
1.493920920000000000e+08
1.135398130000000000e+08
1.405808750000000000e+08
1.499343050000000000e+08
1.420874510000000000e+08
1.187984620000000000e+08
1.490595840000000000e+08
1.419454650000000000e+08
1.493476290000000000e+08
1.408932380000000000e+08
1.406904280000000000e+08
1.405806340000000000e+08
1.417091340000000000e+08
1.016184820000000000e+08
1.494733940000000000e+08
1.410301680000000000e+08
1.412125480000000000e+08
1.131227640000000000e+08
1.504320790000000000e+08
1.490378120000000000e+08
1.419092810000000000e+08
1.182826220000000000e+08
1.494238510000000000e+08
1.189859220000000000e+08
1.416218030000000000e+08
1.405108620000000000e+08
1.500303230000000000e+08
1.438025790000000000e+08
1.418238820000000000e+08
1.414727770000000000e+08
1.131196150000000000e+08
1.495390580000000000e+08
1.016927460000000000e+08
1.131693120000000000e+08
1.136874230000000000e+08
1.125490300000000000e+08
1.405999720000000000e+08
1.411553520000000000e+08
1.124704820000000000e+08
1.496290770000000000e+08
1.416854650000000000e+08
1.419765980000000000e+08
1.016937540000000000e+08
1.421460510000000000e+08
1.406335680000000000e+08
1.134704260000000000e+08
1.417658360000000000e+08
1.494731710000000000e+08
1.417577320000000000e+08
1.495764130000000000e+08
1.187280900000000000e+08
1.421104930000000000e+08
1.412104480000000000e+08
1.405807170000000000e+08
1.416834000000000000e+08
1.406082300000000000e+08
1.490374520000000000e+08
1.127116560000000000e+08
1.188370980000000000e+08
1.414801760000000000e+08
1.410250900000000000e+08
1.291821600000000000e+08
1.128975230000000000e+08
1.015106370000000000e+08
1.502753090000000000e+08
1.434636580000000000e+08
1.013543160000000000e+08
1.419770860000000000e+08
1.141788370000000000e+08
1.410970270000000000e+08
1.520655910000000000e+08
1.412128810000000000e+08
1.493466750000000000e+08
1.129980430000000000e+08
1.499708750000000000e+08
1.417722920000000000e+08
1.495405250000000000e+08
1.017760620000000000e+08
1.407575900000000000e+08
1.015445710000000000e+08
1.493043130000000000e+08
1.409382470000000000e+08
1.503199680000000000e+08
1.288804510000000000e+08
1.416094300000000000e+08
1.420826040000000000e+08
1.420817110000000000e+08
1.406912260000000000e+08
1.135728310000000000e+08
1.196232510000000000e+08
1.018833180000000000e+08
1.420854910000000000e+08
1.502721310000000000e+08
1.128258130000000000e+08
1.419740660000000000e+08
1.501022270000000000e+08
1.287922300000000000e+08
1.143959040000000000e+08
1.501657400000000000e+08
1.201283370000000000e+08
1.133396390000000000e+08
1.126162340000000000e+08
1.499025390000000000e+08
1.128887870000000000e+08
1.495390160000000000e+08
1.409978180000000000e+08
1.414804340000000000e+08
1.138502860000000000e+08
1.417572940000000000e+08
1.417091010000000000e+08
1.406083260000000000e+08
1.499140720000000000e+08
1.420540240000000000e+08
1.499705890000000000e+08
1.492186830000000000e+08
1.493482570000000000e+08
1.421072420000000000e+08
1.420183280000000000e+08
1.189205640000000000e+08
1.013102730000000000e+08
1.408298640000000000e+08
1.134635640000000000e+08
1.139144930000000000e+08
1.288775320000000000e+08
1.012323200000000000e+08
1.491770490000000000e+08
1.495986760000000000e+08
1.495758100000000000e+08
1.491073600000000000e+08
1.504407550000000000e+08
1.409723680000000000e+08
1.415318100000000000e+08
1.437958740000000000e+08
1.434623060000000000e+08
1.503944390000000000e+08
1.186681870000000000e+08
1.135903310000000000e+08
1.195056310000000000e+08
1.127544440000000000e+08
1.411233490000000000e+08
1.496282160000000000e+08
1.496644230000000000e+08
1.143964110000000000e+08
1.405803360000000000e+08
1.012777690000000000e+08
1.289714000000000000e+08
1.417094360000000000e+08
1.501627390000000000e+08
1.190493090000000000e+08
1.492180720000000000e+08
1.420484470000000000e+08
1.135365540000000000e+08
1.133583980000000000e+08
1.018178920000000000e+08
1.494975430000000000e+08
1.502505280000000000e+08
1.013119100000000000e+08
1.129935180000000000e+08
1.361403240000000000e+08
1.433964590000000000e+08
1.409411530000000000e+08
1.184125960000000000e+08
1.200637400000000000e+08
1.415478300000000000e+08
1.499135980000000000e+08
1.491012260000000000e+08
1.419417080000000000e+08
1.287907230000000000e+08
1.493905650000000000e+08
1.519552160000000000e+08
1.132465910000000000e+08
1.136415220000000000e+08
1.203940400000000000e+08
1.417572300000000000e+08
1.493894190000000000e+08
1.187269750000000000e+08
1.503201780000000000e+08
1.421426020000000000e+08
1.501401660000000000e+08
1.491561800000000000e+08
1.417714830000000000e+08
1.014308220000000000e+08
1.407990350000000000e+08
1.503236430000000000e+08
1.197289440000000000e+08
1.434596330000000000e+08
1.418100800000000000e+08
1.287976290000000000e+08
1.495727200000000000e+08
1.181964610000000000e+08
1.013107660000000000e+08
1.290304670000000000e+08
1.412839210000000000e+08
1.493918780000000000e+08
1.504418000000000000e+08
1.414794120000000000e+08
1.017778340000000000e+08
1.288448980000000000e+08
1.495761480000000000e+08
1.502698560000000000e+08
1.503936230000000000e+08
1.405284110000000000e+08
1.287295920000000000e+08
1.499337760000000000e+08
1.136369910000000000e+08
1.200647120000000000e+08
1.494242640000000000e+08
1.192240860000000000e+08
1.286799550000000000e+08
1.493028250000000000e+08
1.492165510000000000e+08
1.504287030000000000e+08
1.002293700000000000e+08
1.501667210000000000e+08
1.287911970000000000e+08
1.011776860000000000e+08
1.491268060000000000e+08
1.290834140000000000e+08
1.134253760000000000e+08
1.405795370000000000e+08
1.015458650000000000e+08
1.503618030000000000e+08
1.416079720000000000e+08
1.504306160000000000e+08
1.496642540000000000e+08
1.138542970000000000e+08
1.420824670000000000e+08
1.147275520000000000e+08
1.127108550000000000e+08
1.501880970000000000e+08
1.420186970000000000e+08
1.018815390000000000e+08
1.499763950000000000e+08
1.490373740000000000e+08
1.135363230000000000e+08
1.408018980000000000e+08
1.493910100000000000e+08
1.420860910000000000e+08
1.494729150000000000e+08
1.432910620000000000e+08
1.273921320000000000e+08
1.185829080000000000e+08
1.494231030000000000e+08
1.433458540000000000e+08
1.203344510000000000e+08
1.416829210000000000e+08
1.504318390000000000e+08
1.015128050000000000e+08
1.409681170000000000e+08
1.504300440000000000e+08
1.414084450000000000e+08
1.503950610000000000e+08
1.494220960000000000e+08
1.417694340000000000e+08
1.532508600000000000e+08
1.503617680000000000e+08
1.416112760000000000e+08
1.187280560000000000e+08
1.493484200000000000e+08
1.012315680000000000e+08
1.500288060000000000e+08
1.011414360000000000e+08
1.504422640000000000e+08
1.412788880000000000e+08
1.409964210000000000e+08
1.016222800000000000e+08
1.407977860000000000e+08
1.420541590000000000e+08
1.140569820000000000e+08
1.420175090000000000e+08
1.501418130000000000e+08
1.418652010000000000e+08
1.503574240000000000e+08
1.421089490000000000e+08
1.419124690000000000e+08
1.499881040000000000e+08
1.012307350000000000e+08
1.496301600000000000e+08
1.182743860000000000e+08
1.406629080000000000e+08
1.187286040000000000e+08
1.136856580000000000e+08
1.406896530000000000e+08
1.493464180000000000e+08
1.193389160000000000e+08
1.500298130000000000e+08
1.134659230000000000e+08
1.491260600000000000e+08
1.416211580000000000e+08
1.135007100000000000e+08
1.405295550000000000e+08
1.015446920000000000e+08
1.504408600000000000e+08
1.405980470000000000e+08
1.503897600000000000e+08
1.494234330000000000e+08
1.417680400000000000e+08
1.421077590000000000e+08
1.501912580000000000e+08
1.405291990000000000e+08
1.014000580000000000e+08
1.185770270000000000e+08
1.411560180000000000e+08
1.416100500000000000e+08
1.146758360000000000e+08
1.013112920000000000e+08
1.494788460000000000e+08
1.418697240000000000e+08
1.414132190000000000e+08
1.419439410000000000e+08
1.410281980000000000e+08
1.288815420000000000e+08
1.499316030000000000e+08
1.415437440000000000e+08
1.503912260000000000e+08
1.491217280000000000e+08
1.124032570000000000e+08
1.288420040000000000e+08
1.421087460000000000e+08
1.418226250000000000e+08
1.418093590000000000e+08
1.417083370000000000e+08
1.184017300000000000e+08
1.197759380000000000e+08
1.420868130000000000e+08
1.147285380000000000e+08
1.419457500000000000e+08
1.502496790000000000e+08
1.503246560000000000e+08
1.015403750000000000e+08
1.287069090000000000e+08
1.414107890000000000e+08
1.393694360000000000e+08
1.500666310000000000e+08
1.289177930000000000e+08
1.502746320000000000e+08
1.197763550000000000e+08
1.503206100000000000e+08
1.411870820000000000e+08
1.015862330000000000e+08
1.405993770000000000e+08
1.414072010000000000e+08
1.411529270000000000e+08
1.128974100000000000e+08
1.503919880000000000e+08
1.410964920000000000e+08
1.432568460000000000e+08
1.406310500000000000e+08
1.432567230000000000e+08
1.500288330000000000e+08
1.191533710000000000e+08
1.503937960000000000e+08
1.134747840000000000e+08
1.418086750000000000e+08
1.091668690000000000e+08
1.136364870000000000e+08
1.188402890000000000e+08
1.202858910000000000e+08
1.134242070000000000e+08
1.184346050000000000e+08
1.499136470000000000e+08
1.406914630000000000e+08
1.503215120000000000e+08
1.492523050000000000e+08
1.416868040000000000e+08
1.018224940000000000e+08
1.408316710000000000e+08
1.499309460000000000e+08
1.491014110000000000e+08
1.519530880000000000e+08
1.014543500000000000e+08
1.499705990000000000e+08
1.502746490000000000e+08
1.412788100000000000e+08
1.180555400000000000e+08
1.503199030000000000e+08
1.501507340000000000e+08
1.131697230000000000e+08
1.408280090000000000e+08
1.421449150000000000e+08
1.415436200000000000e+08
1.124012010000000000e+08
1.503204560000000000e+08
1.409388020000000000e+08
1.494755590000000000e+08
1.192227760000000000e+08
1.124643240000000000e+08
1.405986290000000000e+08
1.502497280000000000e+08
1.421105360000000000e+08
1.408985750000000000e+08
1.503581700000000000e+08
1.499709480000000000e+08
1.136436010000000000e+08
1.180153600000000000e+08
1.410289660000000000e+08
1.509906970000000000e+08
1.434069250000000000e+08
1.406591720000000000e+08
1.420145030000000000e+08
1.419777950000000000e+08
1.405121260000000000e+08
1.132734190000000000e+08
1.126123480000000000e+08
1.413336400000000000e+08
1.014554970000000000e+08
1.491210860000000000e+08
1.503579350000000000e+08
1.438045300000000000e+08
1.421449690000000000e+08
1.197731470000000000e+08
1.502714200000000000e+08
1.499309480000000000e+08
1.421051680000000000e+08
1.491202760000000000e+08
1.419759260000000000e+08
1.190897030000000000e+08
1.436981290000000000e+08
1.129954320000000000e+08
1.416853430000000000e+08
1.182713950000000000e+08
1.130616840000000000e+08
1.142726290000000000e+08
1.408915970000000000e+08
1.409685430000000000e+08
1.183990820000000000e+08
1.405985420000000000e+08
1.501407230000000000e+08
1.181954190000000000e+08
1.146749960000000000e+08
1.503896030000000000e+08
1.190908940000000000e+08
1.433990020000000000e+08
1.500302500000000000e+08
1.407975240000000000e+08
1.289131580000000000e+08
1.500295020000000000e+08
1.184441440000000000e+08
1.411230490000000000e+08
1.419129030000000000e+08
1.499306560000000000e+08
1.496287950000000000e+08
1.491759360000000000e+08
1.128333070000000000e+08
1.287940030000000000e+08
1.014335550000000000e+08
1.412109490000000000e+08
1.495396210000000000e+08
1.416251590000000000e+08
1.128886170000000000e+08
1.190917320000000000e+08
1.416218850000000000e+08
1.493913350000000000e+08
1.505131940000000000e+08
1.191551520000000000e+08
1.502985730000000000e+08
1.134155450000000000e+08
1.014290680000000000e+08
1.495400130000000000e+08
1.087338650000000000e+08
1.289142840000000000e+08
1.405794300000000000e+08
1.408280630000000000e+08
1.202811550000000000e+08
1.499765350000000000e+08
1.499899540000000000e+08
1.405804970000000000e+08
1.434583910000000000e+08
1.291381280000000000e+08
1.434626390000000000e+08
1.409716660000000000e+08
1.416238660000000000e+08
1.493504470000000000e+08
1.186624170000000000e+08
1.501891530000000000e+08
1.018456300000000000e+08
1.143978770000000000e+08
1.503598920000000000e+08
1.491227060000000000e+08
1.416280190000000000e+08
1.503898530000000000e+08
1.192758190000000000e+08
1.405959530000000000e+08
1.414849810000000000e+08
1.406623050000000000e+08
1.201202970000000000e+08
1.406357780000000000e+08
1.492531400000000000e+08
1.494445630000000000e+08
1.420528260000000000e+08
1.490367580000000000e+08
1.419134870000000000e+08
1.495417770000000000e+08
1.015125770000000000e+08
1.410281640000000000e+08
1.136843590000000000e+08
1.492193760000000000e+08
1.144274160000000000e+08
1.433432350000000000e+08
1.491267960000000000e+08
1.127566550000000000e+08
1.421051050000000000e+08
1.502983260000000000e+08
1.414791740000000000e+08
1.143930250000000000e+08
1.503919970000000000e+08
1.406001470000000000e+08
1.437968440000000000e+08
1.405982250000000000e+08
1.504380410000000000e+08
1.406593500000000000e+08
1.200403920000000000e+08
1.419094440000000000e+08
1.492191450000000000e+08
1.015801250000000000e+08
1.493033100000000000e+08
1.501890700000000000e+08
1.496035240000000000e+08
1.417706090000000000e+08
1.502497370000000000e+08
1.500296710000000000e+08
1.197693020000000000e+08
1.494783610000000000e+08
1.503229910000000000e+08
1.503600850000000000e+08
1.416246590000000000e+08
1.288465110000000000e+08
1.419796960000000000e+08
1.411534720000000000e+08
1.002673650000000000e+08
1.433592830000000000e+08
1.180535990000000000e+08
1.419756200000000000e+08
1.136335370000000000e+08
1.122434310000000000e+08
1.188016970000000000e+08
1.505135910000000000e+08
1.495395520000000000e+08
1.143949170000000000e+08
1.499881200000000000e+08
1.499134190000000000e+08
1.496014510000000000e+08
1.504370650000000000e+08
1.189157400000000000e+08
1.119773180000000000e+08
1.016557050000000000e+08
1.129907120000000000e+08
1.496657550000000000e+08
1.407974640000000000e+08
1.419102910000000000e+08
1.133392250000000000e+08
1.129951140000000000e+08
1.411851420000000000e+08
1.405787910000000000e+08
1.136385270000000000e+08
1.124722110000000000e+08
1.016188120000000000e+08
1.141410280000000000e+08
1.012738930000000000e+08
1.418097290000000000e+08
1.418081690000000000e+08
1.132498330000000000e+08
1.123955680000000000e+08
1.421441620000000000e+08
1.016227370000000000e+08
1.503617370000000000e+08
1.502740710000000000e+08
1.503006540000000000e+08
1.503208910000000000e+08
1.202774420000000000e+08
1.490402340000000000e+08
1.405774060000000000e+08
1.199756430000000000e+08
1.496290430000000000e+08
1.018820600000000000e+08
1.190471760000000000e+08
1.015882660000000000e+08
1.409972420000000000e+08
1.494979930000000000e+08
1.125734880000000000e+08
1.197707910000000000e+08
1.432918200000000000e+08
1.494231520000000000e+08
1.504294810000000000e+08
1.136885190000000000e+08
1.421431150000000000e+08
1.410247240000000000e+08
1.491612000000000000e+08
1.289709300000000000e+08
1.502726460000000000e+08
1.411529310000000000e+08
1.014019590000000000e+08
1.420148310000000000e+08
1.016178440000000000e+08
1.501656570000000000e+08
1.503247870000000000e+08
1.406351110000000000e+08
1.433455660000000000e+08
1.418117560000000000e+08
1.418230410000000000e+08
1.500332370000000000e+08
1.122430620000000000e+08
1.492165320000000000e+08
1.495391010000000000e+08
1.411811360000000000e+08
1.406356670000000000e+08
1.494975790000000000e+08
1.416864550000000000e+08
1.012778310000000000e+08
1.416266340000000000e+08
1.410308250000000000e+08
1.499732810000000000e+08
1.201222220000000000e+08
1.504399890000000000e+08
1.491549270000000000e+08
1.499731960000000000e+08
1.081784620000000000e+08
1.503196390000000000e+08
1.420521870000000000e+08
1.493906480000000000e+08
1.491794510000000000e+08
1.416256050000000000e+08
1.414856600000000000e+08
1.406638850000000000e+08
1.492168640000000000e+08
1.002291200000000000e+08
1.012732860000000000e+08
1.414358180000000000e+08
1.124673950000000000e+08
1.408283330000000000e+08
1.018190550000000000e+08
1.505138240000000000e+08
1.123983060000000000e+08
1.409404930000000000e+08
1.418235040000000000e+08
1.416834010000000000e+08
1.016552720000000000e+08
1.493907100000000000e+08
1.203986330000000000e+08
1.201967640000000000e+08
1.496006390000000000e+08
1.494744940000000000e+08
1.288433220000000000e+08
1.503933020000000000e+08
1.288425620000000000e+08
1.016519370000000000e+08
1.491753960000000000e+08
1.499300840000000000e+08
1.503917400000000000e+08
1.408923730000000000e+08
1.184409400000000000e+08
1.419143170000000000e+08
1.417085460000000000e+08
1.500633030000000000e+08
1.434124080000000000e+08
1.504281350000000000e+08
1.203424690000000000e+08
1.417542910000000000e+08
1.494981980000000000e+08
1.494220870000000000e+08
1.405120850000000000e+08
1.414071490000000000e+08
1.499718280000000000e+08
1.502724470000000000e+08
1.411839010000000000e+08
1.492194960000000000e+08
1.203951370000000000e+08
1.182767040000000000e+08
1.405111410000000000e+08
1.495384800000000000e+08
1.500635800000000000e+08
1.287972500000000000e+08
1.491057640000000000e+08
1.432937280000000000e+08
1.495429470000000000e+08
1.409978810000000000e+08
1.496310350000000000e+08
1.191552660000000000e+08
1.287274980000000000e+08
1.503569030000000000e+08
1.416808370000000000e+08
1.202427030000000000e+08
1.203418890000000000e+08
1.135655970000000000e+08
1.436993810000000000e+08
1.490605860000000000e+08
1.143913240000000000e+08
1.437691550000000000e+08
1.436503640000000000e+08
1.491553600000000000e+08
1.502487620000000000e+08
1.406320370000000000e+08
1.408308740000000000e+08
1.420161190000000000e+08
1.493479920000000000e+08
1.013575480000000000e+08
1.143115710000000000e+08
1.493472960000000000e+08
1.414840550000000000e+08
1.420184640000000000e+08
1.490599540000000000e+08
1.287902550000000000e+08
1.417661440000000000e+08
1.126154110000000000e+08
1.192815020000000000e+08
1.493710280000000000e+08
1.420856490000000000e+08
1.420826420000000000e+08
1.012342520000000000e+08
1.018456790000000000e+08
1.411842070000000000e+08
1.194373290000000000e+08
1.017790720000000000e+08
1.412844110000000000e+08
1.499762760000000000e+08
1.418112610000000000e+08
1.124661170000000000e+08
1.013097530000000000e+08
1.503919080000000000e+08
1.191597430000000000e+08
1.189227490000000000e+08
1.089178300000000000e+08
1.503589910000000000e+08
1.135040430000000000e+08
1.420851920000000000e+08
1.503248410000000000e+08
1.130558330000000000e+08
1.414813110000000000e+08
1.129923100000000000e+08
1.089173340000000000e+08
1.190438910000000000e+08
1.505132760000000000e+08
1.503605510000000000e+08
1.016915370000000000e+08
1.493481010000000000e+08
1.521895400000000000e+08
1.406922800000000000e+08
1.289666600000000000e+08
1.129960410000000000e+08
1.494989820000000000e+08
1.493490370000000000e+08
1.491268100000000000e+08
1.418676270000000000e+08
1.288403660000000000e+08
1.288814050000000000e+08
1.124062290000000000e+08
