1.496900010000000000e+08
1.151806830000000000e+08
1.154507000000000000e+08
1.430089890000000000e+08
1.419478330000000000e+08
1.408047610000000000e+08
1.373982990000000000e+08
1.419477870000000000e+08
1.481609860000000000e+08
1.019256810000000000e+08
1.271268578000000000e+09
1.151872950000000000e+08
1.035747600000000000e+07
1.154463130000000000e+08
1.154188950000000000e+08
1.155095180000000000e+08
1.153236060000000000e+08
1.027820660000000000e+08
1.034404120000000000e+08
1.035066370000000000e+08
1.155175370000000000e+08
1.155829060000000000e+08
1.419810450000000000e+08
1.017672660000000000e+08
1.480753910000000000e+08
1.408337530000000000e+08
1.421003890000000000e+08
1.030960680000000000e+08
1.326025700000000000e+07
1.420472040000000000e+08
1.151722520000000000e+08
1.547025190000000000e+08
1.400714115000000000e+09
1.409156480000000000e+08
1.232548600000000000e+07
1.035662780000000000e+08
1.200926232000000000e+09
1.154185150000000000e+08
1.155836710000000000e+08
1.477512710000000000e+08
1.374188450000000000e+08
1.199872770000000000e+08
1.155829080000000000e+08
1.018783710000000000e+08
1.352640180000000000e+08
1.039349300000000000e+07
1.370572540000000000e+08
1.028765300000000000e+07
1.383544240000000000e+08
1.507174451000000000e+09
1.155101850000000000e+08
1.497326240000000000e+08
1.274568700000000000e+07
1.032202930000000000e+08
1.420434620000000000e+08
1.034451760000000000e+08
1.079065500000000000e+07
1.162461390000000000e+08
1.352651830000000000e+08
1.431005710000000000e+08
1.154200900000000000e+08
1.270699597000000000e+09
1.155081620000000000e+08
1.133377500000000000e+07
1.506435520000000000e+08
1.156111790000000000e+08
1.383306030000000000e+08
1.545730320000000000e+08
1.050674800000000000e+07
1.271179778000000000e+09
1.017213520000000000e+08
1.033076090000000000e+08
1.153538770000000000e+08
1.152634990000000000e+08
1.407392610000000000e+08
1.042619100000000000e+07
1.018334100000000000e+08
1.430630580000000000e+08
1.505970300000000000e+08
1.290636300000000000e+07
1.154100310000000000e+08
1.352718060000000000e+08
1.026699500000000000e+07
1.026076820000000000e+08
1.154220500000000000e+08
1.506472570000000000e+08
1.421040490000000000e+08
1.151806150000000000e+08
1.352322170000000000e+08
1.371218120000000000e+08
1.308820656000000000e+09
1.370862180000000000e+08
1.001674175000000000e+09
1.154190020000000000e+08
1.409354690000000000e+08
1.030682610000000000e+08
1.373322240000000000e+08
1.154188780000000000e+08
1.200831510000000000e+09
1.371181530000000000e+08
1.407786200000000000e+08
1.383320400000000000e+08
1.152653690000000000e+08
1.018046580000000000e+08
1.031961040000000000e+08
1.058407190000000000e+08
1.205012279000000000e+09
1.035690260000000000e+08
1.400989060000000000e+09
1.546646040000000000e+08
1.154484130000000000e+08
1.420900650000000000e+08
1.431021740000000000e+08
1.030693590000000000e+08
1.152801830000000000e+08
1.153537520000000000e+08
1.030981410000000000e+08
1.155808990000000000e+08
1.419866550000000000e+08
1.481153530000000000e+08
1.155218080000000000e+08
1.155186440000000000e+08
1.431142110000000000e+08
1.431656200000000000e+08
1.039518800000000000e+07
1.155097190000000000e+08
1.480763440000000000e+08
1.031938690000000000e+08
1.200882082000000000e+09
1.400921376000000000e+09
1.308971466000000000e+09
1.032250650000000000e+08
1.151723950000000000e+08
1.346036300000000000e+07
1.408071370000000000e+08
1.034429520000000000e+08
1.427142410000000000e+08
1.431138900000000000e+08
1.039469700000000000e+07
1.151870420000000000e+08
1.152812810000000000e+08
1.029869800000000000e+08
1.505566050000000000e+08
1.371257430000000000e+08
1.200316639000000000e+09
1.034527780000000000e+08
1.200296140000000000e+08
1.151863960000000000e+08
1.309006527000000000e+09
1.504808420000000000e+08
1.097389500000000000e+07
1.352687350000000000e+08
1.100778512000000000e+09
1.426829920000000000e+08
1.255803000000000000e+08
1.151836870000000000e+08
1.033030260000000000e+08
1.506451110000000000e+08
1.481150920000000000e+08
1.371621660000000000e+08
1.035253300000000000e+07
1.155077260000000000e+08
1.255799960000000000e+08
1.480747100000000000e+08
1.031747430000000000e+08
1.408628100000000000e+08
1.421540410000000000e+08
1.018341740000000000e+08
1.419173040000000000e+08
1.400276002000000000e+09
1.270717309000000000e+09
1.406276760000000000e+08
1.154217080000000000e+08
1.383305420000000000e+08
1.352664770000000000e+08
1.153263330000000000e+08
1.400611049000000000e+09
1.016743480000000000e+08
1.420918090000000000e+08
1.160489730000000000e+08
1.155808880000000000e+08
1.151848760000000000e+08
1.156111280000000000e+08
1.154464460000000000e+08
1.100748368000000000e+09
1.155243490000000000e+08
1.101010149000000000e+09
1.407364340000000000e+08
1.504825210000000000e+08
1.547176690000000000e+08
1.432267600000000000e+08
1.100990356000000000e+09
1.199536800000000000e+07
1.480757790000000000e+08
1.027187820000000000e+08
1.271314855000000000e+09
1.401045351000000000e+09
1.035639020000000000e+08
1.017674620000000000e+08
1.352345120000000000e+08
1.408093580000000000e+08
1.308882715000000000e+09
1.371234840000000000e+08
1.274614900000000000e+07
1.153519530000000000e+08
1.152660220000000000e+08
1.480749890000000000e+08
1.151864290000000000e+08
1.153511910000000000e+08
1.201228157000000000e+09
1.032251250000000000e+08
1.430100740000000000e+08
1.153220170000000000e+08
1.406263850000000000e+08
1.159704890000000000e+08
1.038914050000000000e+08
1.352316510000000000e+08
1.153550220000000000e+08
1.505547660000000000e+08
1.408647190000000000e+08
1.151185250000000000e+08
1.420115870000000000e+08
1.026113720000000000e+08
1.152781290000000000e+08
1.270146320000000000e+09
1.154505650000000000e+08
1.373233130000000000e+08
1.308669393000000000e+09
1.036164800000000000e+07
1.029324000000000000e+07
1.031790320000000000e+08
1.298957100000000000e+07
1.201200652000000000e+09
1.017697360000000000e+08
1.505994780000000000e+08
1.018084530000000000e+08
1.373327930000000000e+08
1.155204940000000000e+08
1.419813360000000000e+08
1.026122550000000000e+08
1.161643520000000000e+08
1.151837890000000000e+08
1.199171140000000000e+08
1.407360150000000000e+08
1.155085690000000000e+08
1.152807510000000000e+08
1.151802500000000000e+08
1.497590250000000000e+08
1.406388310000000000e+08
1.373973590000000000e+08
1.373869070000000000e+08
1.505799320000000000e+08
1.401023908000000000e+09
1.031799370000000000e+08
1.426998310000000000e+08
1.496854470000000000e+08
1.430627870000000000e+08
1.431026280000000000e+08
1.033503460000000000e+08
1.033016060000000000e+08
1.401120538000000000e+09
1.270828486000000000e+09
1.155077770000000000e+08
1.505943980000000000e+08
1.153517270000000000e+08
1.504848550000000000e+08
1.371587590000000000e+08
1.352640750000000000e+08
1.057738860000000000e+08
1.505847430000000000e+08
1.408085230000000000e+08
1.282545300000000000e+07
1.046921900000000000e+07
1.161611910000000000e+08
1.026079670000000000e+08
1.151832140000000000e+08
1.036506000000000000e+07
1.506470490000000000e+08
1.017644140000000000e+08
1.406425830000000000e+08
1.352686320000000000e+08
1.373929580000000000e+08
1.026765390000000000e+08
1.159715840000000000e+08
1.199681400000000000e+07
1.027208120000000000e+08
1.038684480000000000e+08
1.270604005000000000e+09
1.504802460000000000e+08
1.154465500000000000e+08
1.481609970000000000e+08
1.504834250000000000e+08
1.161014860000000000e+08
1.421031300000000000e+08
1.352708420000000000e+08
1.547194810000000000e+08
1.152888670000000000e+08
1.153234240000000000e+08
1.161236120000000000e+08
1.426820810000000000e+08
1.017182180000000000e+08
1.161627240000000000e+08
1.026793970000000000e+08
1.151803060000000000e+08
1.308978761000000000e+09
1.271359291000000000e+09
1.427021880000000000e+08
1.155246670000000000e+08
1.153551630000000000e+08
1.161649250000000000e+08
1.018317620000000000e+08
1.035775500000000000e+07
1.154195340000000000e+08
1.406821160000000000e+08
1.029002000000000000e+07
1.151738530000000000e+08
1.270614451000000000e+09
1.154216400000000000e+08
1.370796650000000000e+08
1.153533350000000000e+08
1.409124920000000000e+08
1.419857460000000000e+08
1.034526210000000000e+08
1.200770033000000000e+09
1.154136210000000000e+08
1.371618610000000000e+08
1.160958250000000000e+08
1.030965620000000000e+08
1.031010990000000000e+08
1.420998380000000000e+08
1.034508380000000000e+08
1.373981100000000000e+08
1.017672830000000000e+08
1.017224280000000000e+08
1.371592590000000000e+08
1.102636440000000000e+09
1.401134542000000000e+09
1.038922040000000000e+08
1.270710774000000000e+09
1.036181000000000000e+07
1.038935600000000000e+08
1.547596410000000000e+08
1.309292312000000000e+09
1.352684890000000000e+08
1.050820800000000000e+07
1.155101120000000000e+08
1.507386330000000000e+09
1.153224680000000000e+08
1.371241050000000000e+08
1.421035010000000000e+08
1.407130360000000000e+08
1.503147540000000000e+08
1.201134218000000000e+09
1.430987480000000000e+08
1.372660480000000000e+08
1.155828640000000000e+08
1.431008130000000000e+08
1.018330930000000000e+08
1.199879350000000000e+08
1.155211300000000000e+08
1.152879390000000000e+08
1.496895210000000000e+08
1.430385550000000000e+08
1.046931600000000000e+07
1.159725330000000000e+08
1.154100370000000000e+08
1.400736595000000000e+09
1.371634450000000000e+08
1.152858930000000000e+08
1.151721030000000000e+08
1.152870720000000000e+08
1.161620020000000000e+08
1.345907600000000000e+07
1.406424260000000000e+08
1.374169640000000000e+08
1.352640570000000000e+08
1.371259710000000000e+08
1.017676970000000000e+08
1.162640890000000000e+08
1.481193910000000000e+08
1.030749130000000000e+08
1.421033540000000000e+08
1.155229690000000000e+08
1.101010150000000000e+09
1.031022430000000000e+08
1.155833090000000000e+08
1.102716939000000000e+09
1.408361680000000000e+08
1.030340580000000000e+08
1.151865660000000000e+08
1.271355422000000000e+09
1.431010200000000000e+08
1.481205870000000000e+08
1.016383800000000000e+07
1.151843220000000000e+08
1.155195000000000000e+08
1.372072720000000000e+08
1.407108260000000000e+08
1.373308140000000000e+08
1.352635810000000000e+08
1.154231520000000000e+08
1.200214538000000000e+09
1.371209100000000000e+08
1.151189090000000000e+08
1.033478350000000000e+08
1.408641690000000000e+08
1.162624150000000000e+08
1.026688200000000000e+07
1.420449420000000000e+08
1.431142570000000000e+08
1.153531970000000000e+08
1.496850360000000000e+08
1.481203030000000000e+08
1.505542060000000000e+08
1.019239580000000000e+08
1.352322580000000000e+08
1.155837260000000000e+08
1.371562340000000000e+08
1.407759040000000000e+08
1.477517960000000000e+08
1.420476160000000000e+08
1.017213850000000000e+08
1.026793230000000000e+08
1.255450000000000000e+07
1.419521410000000000e+08
1.151802490000000000e+08
1.051038200000000000e+07
1.049156700000000000e+07
1.497367350000000000e+08
1.309213495000000000e+09
1.201286482000000000e+09
1.427143560000000000e+08
1.200876373000000000e+09
1.153526810000000000e+08
1.152859210000000000e+08
1.270893538000000000e+09
1.160467530000000000e+08
1.372062150000000000e+08
1.372074840000000000e+08
1.159662530000000000e+08
1.017683690000000000e+08
1.154229260000000000e+08
1.505975340000000000e+08
1.017673430000000000e+08
1.505956000000000000e+08
1.058507990000000000e+08
1.151857240000000000e+08
1.400133900000000000e+09
1.373266290000000000e+08
1.320143800000000000e+07
1.027212370000000000e+08
1.031794780000000000e+08
1.035125700000000000e+08
1.017196070000000000e+08
1.016732930000000000e+08
1.290940500000000000e+07
1.430645650000000000e+08
1.155203800000000000e+08
1.506464510000000000e+08
1.030322490000000000e+08
1.480504310000000000e+08
1.504778950000000000e+08
1.400192416000000000e+09
1.407087160000000000e+08
1.200090068000000000e+09
1.352314230000000000e+08
1.161633560000000000e+08
1.152876710000000000e+08
1.270600458000000000e+09
1.161589580000000000e+08
1.547000680000000000e+08
1.497965420000000000e+08
1.408108450000000000e+08
1.409646730000000000e+08
1.151197940000000000e+08
1.503139480000000000e+08
1.153239740000000000e+08
1.201360406000000000e+09
1.152881870000000000e+08
1.370792270000000000e+08
1.282816200000000000e+07
1.371188330000000000e+08
1.480754260000000000e+08
1.271325892000000000e+09
1.496477070000000000e+08
1.017659800000000000e+08
1.407793200000000000e+08
1.018329310000000000e+08
1.151751220000000000e+08
1.153230920000000000e+08
1.400256521000000000e+09
1.156224870000000000e+08
1.271265755000000000e+09
1.162450320000000000e+08
1.352703400000000000e+08
1.420089990000000000e+08
1.106669000000000000e+07
1.373361500000000000e+08
1.032229750000000000e+08
1.546477130000000000e+08
1.481148120000000000e+08
1.505538400000000000e+08
1.505509550000000000e+08
1.505838500000000000e+08
1.309429561000000000e+09
1.419181200000000000e+08
1.038907340000000000e+08
1.049236700000000000e+07
1.505933430000000000e+08
1.506355332000000000e+09
1.155263810000000000e+08
1.497637690000000000e+08
1.156141460000000000e+08
1.298993000000000000e+07
1.201189881000000000e+09
1.370572380000000000e+08
1.031953230000000000e+08
1.478175000000000000e+08
1.154198990000000000e+08
1.032247870000000000e+08
1.038353280000000000e+08
1.152680290000000000e+08
1.042803000000000000e+07
1.505946760000000000e+08
1.505855640000000000e+08
1.160992480000000000e+08
1.154484920000000000e+08
1.154197510000000000e+08
1.031996060000000000e+08
1.431125520000000000e+08
1.408381080000000000e+08
1.151180820000000000e+08
1.035920200000000000e+07
1.505975500000000000e+08
1.155831620000000000e+08
1.058744540000000000e+08
1.154128580000000000e+08
1.201247611000000000e+09
1.018082000000000000e+08
1.162407190000000000e+08
1.035249100000000000e+07
1.408345960000000000e+08
1.017658490000000000e+08
1.159664500000000000e+08
1.026741000000000000e+07
1.031762560000000000e+08
1.420439160000000000e+08
1.352659630000000000e+08
1.018057790000000000e+08
1.031790330000000000e+08
1.154225790000000000e+08
1.033072310000000000e+08
1.151824690000000000e+08
1.029886120000000000e+08
1.016753290000000000e+08
1.155828720000000000e+08
1.017681770000000000e+08
1.018768130000000000e+08
1.409126130000000000e+08
1.271027077000000000e+09
1.503147930000000000e+08
1.032266640000000000e+08
1.151180610000000000e+08
1.406820870000000000e+08
1.480744730000000000e+08
1.308480418000000000e+09
1.029386600000000000e+07
1.482071720000000000e+08
1.406856730000000000e+08
1.201085955000000000e+09
1.431843470000000000e+08
1.505804260000000000e+08
1.028060770000000000e+08
1.199727740000000000e+08
1.155191420000000000e+08
1.271099623000000000e+09
1.408070760000000000e+08
1.155257490000000000e+08
1.038360400000000000e+08
1.155073500000000000e+08
1.373229840000000000e+08
1.371259150000000000e+08
1.028998800000000000e+07
1.033467130000000000e+08
1.200546826000000000e+09
1.154485270000000000e+08
1.477511920000000000e+08
1.373951740000000000e+08
1.102698835000000000e+09
1.406844200000000000e+08
1.407143980000000000e+08
1.026787060000000000e+08
1.161264900000000000e+08
1.151878410000000000e+08
1.199733720000000000e+08
1.430627170000000000e+08
1.032235290000000000e+08
1.153233660000000000e+08
1.018295760000000000e+08
1.033488490000000000e+08
1.160965820000000000e+08
1.371613740000000000e+08
1.160952680000000000e+08
1.497332070000000000e+08
1.155100200000000000e+08
1.033036180000000000e+08
1.152776300000000000e+08
1.156106070000000000e+08
1.478174290000000000e+08
1.026782100000000000e+07
1.030329580000000000e+08
1.408670670000000000e+08
1.153540090000000000e+08
1.162635380000000000e+08
1.546437580000000000e+08
1.156116690000000000e+08
1.035781000000000000e+07
1.039521400000000000e+07
1.030958880000000000e+08
1.151850910000000000e+08
1.162429710000000000e+08
1.153262270000000000e+08
1.408049990000000000e+08
1.151850400000000000e+08
1.477508810000000000e+08
1.505984540000000000e+08
1.161023690000000000e+08
1.309074915000000000e+09
1.205012280000000000e+09
1.505537850000000000e+08
1.201119969000000000e+09
1.400663286000000000e+09
1.160487050000000000e+08
1.427150410000000000e+08
1.033045490000000000e+08
1.038936500000000000e+08
1.352310970000000000e+08
1.400472894000000000e+09
1.058506020000000000e+08
1.058424050000000000e+08
1.352721280000000000e+08
1.546990470000000000e+08
1.033478550000000000e+08
1.016725990000000000e+08
1.155084410000000000e+08
1.160477850000000000e+08
1.400480456000000000e+09
1.408353430000000000e+08
1.506487100000000000e+08
1.400414145000000000e+09
1.271318147000000000e+09
1.546650650000000000e+08
1.156227390000000000e+08
1.431006000000000000e+08
1.154468040000000000e+08
1.200728443000000000e+09
1.101016501000000000e+09
1.421518920000000000e+08
1.155073130000000000e+08
1.132965700000000000e+07
1.373959890000000000e+08
1.210820800000000000e+07
1.200044794000000000e+09
1.017643150000000000e+08
1.201055908000000000e+09
1.502954050000000000e+08
1.308697631000000000e+09
1.152804950000000000e+08
1.270007633000000000e+09
1.030322550000000000e+08
1.426825190000000000e+08
1.430372840000000000e+08
1.546450420000000000e+08
1.504452650000000000e+08
1.421024170000000000e+08
1.018081140000000000e+08
1.029053700000000000e+07
1.505988540000000000e+08
1.370840840000000000e+08
1.016751570000000000e+08
1.199738350000000000e+08
1.420576130000000000e+08
1.016752400000000000e+08
1.160968970000000000e+08
1.431881250000000000e+08
1.160958770000000000e+08
1.154506930000000000e+08
1.408649130000000000e+08
1.431135440000000000e+08
1.200299220000000000e+08
1.160438020000000000e+08
1.028072290000000000e+08
1.430652820000000000e+08
1.029854810000000000e+08
1.409923290000000000e+08
1.038673510000000000e+08
1.031767170000000000e+08
1.270009224000000000e+09
1.546650880000000000e+08
1.408348150000000000e+08
1.058485400000000000e+07
1.162470840000000000e+08
1.035099570000000000e+08
1.152799560000000000e+08
1.152814640000000000e+08
1.547029430000000000e+08
1.478180250000000000e+08
1.504749040000000000e+08
1.401020355000000000e+09
1.017646190000000000e+08
1.050652100000000000e+07
1.152897840000000000e+08
1.352734950000000000e+08
1.201330483000000000e+09
1.200927612000000000e+09
1.270948787000000000e+09
1.383326060000000000e+08
1.407780660000000000e+08
1.035742200000000000e+07
1.029362300000000000e+07
1.027112400000000000e+07
1.506499780000000000e+08
1.031755120000000000e+08
1.154103490000000000e+08
1.151812090000000000e+08
1.255710200000000000e+07
1.035654480000000000e+08
1.152864140000000000e+08
1.152656950000000000e+08
1.271088706000000000e+09
1.420458850000000000e+08
1.017189590000000000e+08
1.160972460000000000e+08
1.030963810000000000e+08
1.407138300000000000e+08
1.018077250000000000e+08
1.017694510000000000e+08
1.155819160000000000e+08
1.406816430000000000e+08
1.201246763000000000e+09
1.420567650000000000e+08
1.028751700000000000e+07
1.504866750000000000e+08
1.152617280000000000e+08
1.161232950000000000e+08
1.038366180000000000e+08
1.506444550000000000e+08
1.034456820000000000e+08
1.201199133000000000e+09
1.199586710000000000e+08
1.271218438000000000e+09
1.016754550000000000e+08
1.481146170000000000e+08
1.058414010000000000e+08
1.309280023000000000e+09
1.401081864000000000e+09
1.309003831000000000e+09
1.408673450000000000e+08
1.407378560000000000e+08
1.160435130000000000e+08
1.352657850000000000e+08
1.035522600000000000e+07
1.030740430000000000e+08
1.431668920000000000e+08
1.201246764000000000e+09
1.155104390000000000e+08
1.430381280000000000e+08
1.271341297000000000e+09
1.155834180000000000e+08
1.420075390000000000e+08
1.153226890000000000e+08
1.431119920000000000e+08
1.152626570000000000e+08
1.505986920000000000e+08
1.200404238000000000e+09
1.497371920000000000e+08
1.426817360000000000e+08
1.419858270000000000e+08
1.161631940000000000e+08
1.547873530000000000e+08
1.047116200000000000e+07
1.201246934000000000e+09
1.199731540000000000e+08
1.406262110000000000e+08
1.035647840000000000e+08
1.400769906000000000e+09
1.400115618000000000e+09
1.033012330000000000e+08
1.154204190000000000e+08
1.046924300000000000e+07
1.430981170000000000e+08
1.026076890000000000e+08
1.507042269000000000e+09
1.409635340000000000e+08
1.481210390000000000e+08
1.034503440000000000e+08
1.159721580000000000e+08
1.162446520000000000e+08
1.028923400000000000e+07
1.155217140000000000e+08
1.506487990000000000e+08
1.199169900000000000e+08
1.407092660000000000e+08
1.420901950000000000e+08
1.151841840000000000e+08
1.154492560000000000e+08
1.372636950000000000e+08
1.153256850000000000e+08
1.407346300000000000e+08
1.504819760000000000e+08
1.153533360000000000e+08
1.373934900000000000e+08
1.032228710000000000e+08
1.038656210000000000e+08
1.155216930000000000e+08
1.409350710000000000e+08
1.034397310000000000e+08
1.058794060000000000e+08
1.035123660000000000e+08
1.154472600000000000e+08
1.034483000000000000e+08
1.271282343000000000e+09
1.038381490000000000e+08
1.421038820000000000e+08
1.508034058000000000e+09
1.497966000000000000e+08
1.431164170000000000e+08
1.029512420000000000e+08
1.152653100000000000e+08
1.031003960000000000e+08
1.154120100000000000e+08
1.431882110000000000e+08
1.255804060000000000e+08
1.426825410000000000e+08
1.160487540000000000e+08
1.102705218000000000e+09
1.038667480000000000e+08
1.016751740000000000e+08
1.047182000000000000e+07
1.034417830000000000e+08
1.200258600000000000e+07
1.031992400000000000e+08
1.409131190000000000e+08
1.430375070000000000e+08
1.431667940000000000e+08
1.155071030000000000e+08
1.154201520000000000e+08
1.546635140000000000e+08
1.154507420000000000e+08
1.155828670000000000e+08
1.100711503000000000e+09
1.155820740000000000e+08
1.426817380000000000e+08
1.199576430000000000e+08
1.406402530000000000e+08
1.156133880000000000e+08
1.408657180000000000e+08
1.199584260000000000e+08
1.497366290000000000e+08
1.156219180000000000e+08
1.034496810000000000e+08
1.372008140000000000e+08
1.477513100000000000e+08
1.407372690000000000e+08
1.352586580000000000e+08
1.271028034000000000e+09
1.481198910000000000e+08
1.506484870000000000e+08
1.159708390000000000e+08
1.152887640000000000e+08
1.155197370000000000e+08
1.420132880000000000e+08
1.205038678000000000e+09
1.154090590000000000e+08
1.426824570000000000e+08
1.152892330000000000e+08
1.546643040000000000e+08
1.151725280000000000e+08
1.027020200000000000e+07
1.152654280000000000e+08
1.151840310000000000e+08
1.383321530000000000e+08
1.546661140000000000e+08
1.035737700000000000e+07
1.409358500000000000e+08
1.159675460000000000e+08
1.308785821000000000e+09
1.034424460000000000e+08
1.370792470000000000e+08
1.155180530000000000e+08
1.155104140000000000e+08
1.409350440000000000e+08
1.401014375000000000e+09
1.400696306000000000e+09
1.505520850000000000e+08
1.431156200000000000e+08
1.026758950000000000e+08
1.431666530000000000e+08
1.151802920000000000e+08
1.506986960000000000e+08
1.409122550000000000e+08
1.038919720000000000e+08
1.504791460000000000e+08
1.018061900000000000e+08
1.506497610000000000e+08
1.035651840000000000e+08
1.200117360000000000e+09
1.018094520000000000e+08
1.000500053900000000e+10
1.162422110000000000e+08
1.017171440000000000e+08
1.153514890000000000e+08
1.282420900000000000e+07
1.374172950000000000e+08
1.419811160000000000e+08
1.420604030000000000e+08
1.152867840000000000e+08
1.152891800000000000e+08
1.497326530000000000e+08
1.030711100000000000e+08
1.027108700000000000e+07
1.370575290000000000e+08
1.155818160000000000e+08
1.036463400000000000e+07
1.201328516000000000e+09
1.030308350000000000e+08
1.406385060000000000e+08
1.201228104000000000e+09
1.039446520000000000e+08
1.159655100000000000e+08
1.156233270000000000e+08
1.153514560000000000e+08
1.408337800000000000e+08
1.038379300000000000e+08
1.017219790000000000e+08
1.154217290000000000e+08
1.034480570000000000e+08
1.373989350000000000e+08
1.017223680000000000e+08
1.017198930000000000e+08
1.505980580000000000e+08
1.133703200000000000e+07
1.352722550000000000e+08
1.406279320000000000e+08
1.030688040000000000e+08
1.370831190000000000e+08
1.100989422000000000e+09
1.497369770000000000e+08
1.160191430000000000e+08
1.271262829000000000e+09
1.420112080000000000e+08
1.352726480000000000e+08
1.034513180000000000e+08
1.352350110000000000e+08
1.018723030000000000e+08
1.201194272000000000e+09
1.407116260000000000e+08
1.431027480000000000e+08
1.133456300000000000e+07
1.151846990000000000e+08
1.255010100000000000e+07
1.270339146000000000e+09
1.152787760000000000e+08
1.505860830000000000e+08
1.161591150000000000e+08
1.153222550000000000e+08
1.035644520000000000e+08
1.419169320000000000e+08
1.033494860000000000e+08
1.154489500000000000e+08
1.309155088000000000e+09
1.201292734000000000e+09
1.018326640000000000e+08
1.406386480000000000e+08
1.201050893000000000e+09
1.155063470000000000e+08
1.508136760000000000e+09
1.480502940000000000e+08
1.151716220000000000e+08
1.421032110000000000e+08
1.547864200000000000e+08
1.096984300000000000e+07
1.426803520000000000e+08
1.017200020000000000e+08
1.205040141000000000e+09
1.033014760000000000e+08
1.271070698000000000e+09
1.155089230000000000e+08
1.018334390000000000e+08
1.151733950000000000e+08
1.401081862000000000e+09
1.407756320000000000e+08
1.161282550000000000e+08
1.151741000000000000e+08
1.370805170000000000e+08
1.370802610000000000e+08
1.505860840000000000e+08
1.201246068000000000e+09
1.497628200000000000e+08
1.018311230000000000e+08
1.038360370000000000e+08
1.159663240000000000e+08
1.420126080000000000e+08
1.035689160000000000e+08
1.154103340000000000e+08
1.370866170000000000e+08
1.400401521000000000e+09
1.546462080000000000e+08
1.019240390000000000e+08
1.016151700000000000e+07
1.161023850000000000e+08
1.035653920000000000e+08
1.038668410000000000e+08
1.159690190000000000e+08
1.372628750000000000e+08
1.201291460000000000e+09
1.033094250000000000e+08
1.019269510000000000e+08
1.506383377000000000e+09
1.505966620000000000e+08
1.409346210000000000e+08
1.270641764000000000e+09
1.204933117000000000e+09
1.031767110000000000e+08
1.016723200000000000e+08
1.419169470000000000e+08
1.161650660000000000e+08
1.371599400000000000e+08
1.407088310000000000e+08
1.430379620000000000e+08
1.352307180000000000e+08
1.156133490000000000e+08
1.151192930000000000e+08
1.153222270000000000e+08
1.420892120000000000e+08
1.432266490000000000e+08
1.504783940000000000e+08
1.154106760000000000e+08
1.026957500000000000e+07
1.407100140000000000e+08
1.401020353000000000e+09
1.201228154000000000e+09
1.308854069000000000e+09
1.152873760000000000e+08
1.030754920000000000e+08
1.030306580000000000e+08
1.546995430000000000e+08
1.019261450000000000e+08
1.151824880000000000e+08
1.271050704000000000e+09
1.016739200000000000e+08
1.406823760000000000e+08
1.478189260000000000e+08
1.151799260000000000e+08
1.155088960000000000e+08
1.161613020000000000e+08
1.151736900000000000e+08
1.029528710000000000e+08
1.373238260000000000e+08
1.030348160000000000e+08
1.156234340000000000e+08
1.018318280000000000e+08
1.033045970000000000e+08
1.420549410000000000e+08
1.152779210000000000e+08
1.200305720000000000e+08
1.035061210000000000e+08
1.031942100000000000e+08
1.401126559000000000e+09
1.151844960000000000e+08
1.497641980000000000e+08
1.017679050000000000e+08
1.161242750000000000e+08
1.200623032000000000e+09
1.420110220000000000e+08
1.018731960000000000e+08
1.271046655000000000e+09
1.409129410000000000e+08
1.431153750000000000e+08
1.017219600000000000e+08
1.155181600000000000e+08
1.482071300000000000e+08
1.161649030000000000e+08
1.545736000000000000e+08
1.426829180000000000e+08
1.016732510000000000e+08
1.400707369000000000e+09
1.162462350000000000e+08
1.201123373000000000e+09
1.032989450000000000e+08
1.407772390000000000e+08
1.420997000000000000e+08
1.352344090000000000e+08
1.030351460000000000e+08
1.370578130000000000e+08
1.400994843000000000e+09
1.352706000000000000e+08
1.155251250000000000e+08
1.200221239000000000e+09
1.504845090000000000e+08
1.034468170000000000e+08
1.271368020000000000e+09
1.029357200000000000e+07
1.162415340000000000e+08
1.308724010000000000e+09
1.200543437000000000e+09
1.032201490000000000e+08
1.371587280000000000e+08
1.057691040000000000e+08
1.154211170000000000e+08
1.427156120000000000e+08
1.308858206000000000e+09
1.421179760000000000e+08
1.419525330000000000e+08
1.102701578000000000e+09
1.199166060000000000e+08
1.481196560000000000e+08
1.151829010000000000e+08
1.400663287000000000e+09
1.162400180000000000e+08
1.200296480000000000e+08
1.507984501000000000e+09
1.133268900000000000e+07
1.371627140000000000e+08
1.161609420000000000e+08
1.156132560000000000e+08
1.035934000000000000e+07
1.270432466000000000e+09
1.031998210000000000e+08
1.102715777000000000e+09
1.034453480000000000e+08
1.372059220000000000e+08
1.400576240000000000e+09
1.151722510000000000e+08
1.102628617000000000e+09
1.199736160000000000e+08
1.352606010000000000e+08
1.155829790000000000e+08
1.161265380000000000e+08
1.031932030000000000e+08
1.497968000000000000e+08
1.027197680000000000e+08
1.038667090000000000e+08
1.201167571000000000e+09
1.420434130000000000e+08
1.035642580000000000e+08
1.154490560000000000e+08
1.038920070000000000e+08
1.352696980000000000e+08
1.155075230000000000e+08
1.049377200000000000e+07
1.200303920000000000e+08
1.028849100000000000e+07
1.153257440000000000e+08
1.421006190000000000e+08
1.506003400000000000e+08
1.026801110000000000e+08
1.026772990000000000e+08
1.204855750000000000e+09
1.383462480000000000e+08
1.031751580000000000e+08
1.151726370000000000e+08
1.372659700000000000e+08
1.018071200000000000e+08
1.507063675000000000e+09
1.160488790000000000e+08
1.400770435000000000e+09
1.018332410000000000e+08
1.546654660000000000e+08
1.156222620000000000e+08
1.034431170000000000e+08
1.352339370000000000e+08
1.161019610000000000e+08
1.151714960000000000e+08
1.151717500000000000e+08
1.400807589000000000e+09
1.308731889000000000e+09
1.497365710000000000e+08
1.370575260000000000e+08
1.505838440000000000e+08
1.049295300000000000e+07
1.153237530000000000e+08
1.160216220000000000e+08
1.372010260000000000e+08
1.504781290000000000e+08
1.033481560000000000e+08
1.408620870000000000e+08
1.019276020000000000e+08
1.373890730000000000e+08
1.205038679000000000e+09
1.156107900000000000e+08
1.408391720000000000e+08
1.160447000000000000e+08
1.154198200000000000e+08
1.030732500000000000e+08
1.058792670000000000e+08
1.029874560000000000e+08
1.546643050000000000e+08
1.505964720000000000e+08
1.030320710000000000e+08
1.034393630000000000e+08
1.155829770000000000e+08
1.481611200000000000e+08
1.038687920000000000e+08
1.155830520000000000e+08
1.504450900000000000e+08
1.028731500000000000e+07
1.156137700000000000e+08
1.505519540000000000e+08
1.370862550000000000e+08
1.039274400000000000e+07
1.038929450000000000e+08
1.155198660000000000e+08
1.408091050000000000e+08
1.421019830000000000e+08
1.132504000000000000e+07
1.018330400000000000e+08
1.035800200000000000e+07
1.502964160000000000e+08
1.408669690000000000e+08
1.373886010000000000e+08
1.038373870000000000e+08
1.546644970000000000e+08
1.017180050000000000e+08
1.421175520000000000e+08
1.420924870000000000e+08
1.161265030000000000e+08
1.031949370000000000e+08
1.407342250000000000e+08
1.420889150000000000e+08
1.507115380000000000e+09
1.370810230000000000e+08
1.352340420000000000e+08
1.420440450000000000e+08
1.406252850000000000e+08
1.018087630000000000e+08
1.057692930000000000e+08
1.016450130000000000e+08
1.407104630000000000e+08
1.431898220000000000e+08
1.271365948000000000e+09
1.408655800000000000e+08
1.154117870000000000e+08
1.160444250000000000e+08
1.032197470000000000e+08
1.199737720000000000e+08
1.407767380000000000e+08
1.371181860000000000e+08
1.420616160000000000e+08
1.400695475000000000e+09
1.153219780000000000e+08
1.383540060000000000e+08
1.420087260000000000e+08
1.155092240000000000e+08
1.504865720000000000e+08
1.508144980000000000e+09
1.027826020000000000e+08
1.018779950000000000e+08
1.419819430000000000e+08
1.151854030000000000e+08
1.477518600000000000e+08
1.201307286000000000e+09
1.200289916000000000e+09
1.102701768000000000e+09
1.152772730000000000e+08
1.271130540000000000e+09
1.155815080000000000e+08
1.017202200000000000e+08
1.383455460000000000e+08
1.200951312000000000e+09
1.408673830000000000e+08
1.155841410000000000e+08
1.151869180000000000e+08
1.371220900000000000e+08
1.034488700000000000e+08
1.160229360000000000e+08
1.036451000000000000e+07
1.504849890000000000e+08
1.481150470000000000e+08
1.035665950000000000e+08
1.504793340000000000e+08
1.152795970000000000e+08
1.018761930000000000e+08
1.506451150000000000e+08
1.152786920000000000e+08
1.371569090000000000e+08
1.100746723000000000e+09
1.497857760000000000e+08
1.154230340000000000e+08
1.032212680000000000e+08
1.152786430000000000e+08
1.407785460000000000e+08
1.031764620000000000e+08
1.154212890000000000e+08
