1.543406630000000000e+08
1.415855250000000000e+08
1.409916830000000000e+08
1.381092760000000000e+08
1.222680310000000000e+08
1.407116260000000000e+08
1.201228104000000000e+09
1.383991970000000000e+08
1.201328516000000000e+09
1.436823030000000000e+08
1.210756780000000000e+08
1.483275390000000000e+08
1.381197580000000000e+08
1.035644520000000000e+08
1.380465590000000000e+08
1.502950590000000000e+08
1.416024350000000000e+08
1.169995220000000000e+08
1.417600560000000000e+08
1.406386480000000000e+08
1.162603140000000000e+08
1.201194272000000000e+09
1.416189710000000000e+08
1.033494860000000000e+08
1.271262829000000000e+09
1.415357850000000000e+08
1.421032110000000000e+08
1.409617340000000000e+08
1.416614560000000000e+08
1.417620090000000000e+08
1.384203840000000000e+08
1.407756320000000000e+08
1.370805170000000000e+08
1.370866170000000000e+08
1.416912330000000000e+08
1.035653920000000000e+08
1.384763840000000000e+08
1.381696370000000000e+08
1.381305780000000000e+08
1.420126080000000000e+08
1.035689160000000000e+08
1.102718542000000000e+09
1.033094250000000000e+08
1.409346210000000000e+08
1.372628750000000000e+08
1.483315930000000000e+08
1.414869600000000000e+08
1.031767110000000000e+08
1.210007920000000000e+08
1.227782060000000000e+08
1.381066340000000000e+08
1.275058700000000000e+08
1.544359990000000000e+08
1.381073630000000000e+08
1.163883610000000000e+08
1.371599400000000000e+08
1.407088310000000000e+08
1.225681360000000000e+08
1.501257200000000000e+08
1.414318710000000000e+08
1.001661677000000000e+09
1.436383360000000000e+08
1.544534840000000000e+08
1.440080810000000000e+08
1.420892120000000000e+08
1.043770850000000000e+08
1.030754920000000000e+08
1.277645800000000000e+08
1.407100140000000000e+08
1.102694587000000000e+09
1.380733130000000000e+08
1.401014375000000000e+09
1.375041580000000000e+08
1.051117190000000000e+08
1.434736610000000000e+08
1.478189260000000000e+08
1.406823760000000000e+08
1.169440940000000000e+08
1.279683220000000000e+08
1.374208460000000000e+08
1.102705218000000000e+09
1.416171080000000000e+08
1.415354030000000000e+08
1.409315500000000000e+08
1.030348160000000000e+08
1.026742610000000000e+08
1.225660630000000000e+08
1.373238260000000000e+08
1.029528710000000000e+08
1.501562230000000000e+08
1.374204480000000000e+08
1.043104220000000000e+08
1.271282343000000000e+09
1.409934790000000000e+08
1.047372960000000000e+08
1.384386610000000000e+08
1.035061210000000000e+08
1.420549410000000000e+08
1.259192160000000000e+08
1.381315230000000000e+08
1.228764250000000000e+08
1.436928500000000000e+08
1.373949370000000000e+08
1.053517290000000000e+08
1.031776120000000000e+08
1.420110220000000000e+08
1.150509340000000000e+08
1.277595850000000000e+08
1.223809460000000000e+08
1.409129410000000000e+08
1.163336430000000000e+08
1.483332500000000000e+08
1.414342450000000000e+08
1.162508670000000000e+08
1.420997000000000000e+08
1.400769906000000000e+09
1.384699730000000000e+08
1.052330280000000000e+08
1.168629950000000000e+08
1.031022170000000000e+08
1.543400030000000000e+08
1.383449020000000000e+08
1.216104260000000000e+08
1.379842300000000000e+08
1.030351460000000000e+08
1.370578130000000000e+08
1.034468170000000000e+08
1.543388730000000000e+08
1.381335720000000000e+08
1.380425560000000000e+08
1.371587280000000000e+08
1.279597610000000000e+08
1.379956530000000000e+08
1.032201490000000000e+08
1.415340020000000000e+08
1.212965720000000000e+08
1.434730900000000000e+08
1.417609530000000000e+08
1.154598920000000000e+08
1.371577020000000000e+08
1.436829160000000000e+08
1.421179760000000000e+08
1.043839270000000000e+08
1.169435050000000000e+08
1.166054950000000000e+08
1.211186620000000000e+08
1.416774160000000000e+08
1.438672670000000000e+08
1.028097120000000000e+08
1.371627140000000000e+08
1.030296470000000000e+08
1.028074900000000000e+08
1.408675230000000000e+08
1.417181230000000000e+08
1.346036300000000000e+07
1.031017090000000000e+08
1.271218438000000000e+09
1.416890670000000000e+08
1.201199133000000000e+09
1.152034170000000000e+08
1.046560230000000000e+08
1.372059220000000000e+08
1.034453480000000000e+08
1.027197680000000000e+08
1.384766410000000000e+08
1.031932030000000000e+08
1.169992700000000000e+08
1.027203040000000000e+08
1.435305570000000000e+08
1.414891080000000000e+08
1.201246763000000000e+09
1.026780560000000000e+08
1.035642580000000000e+08
1.151987950000000000e+08
1.420434130000000000e+08
1.436331920000000000e+08
1.208500570000000000e+08
1.381108560000000000e+08
1.379835270000000000e+08
1.374183420000000000e+08
1.408371920000000000e+08
1.383313880000000000e+08
1.271341297000000000e+09
1.166005220000000000e+08
1.201246764000000000e+09
1.150475450000000000e+08
1.163990220000000000e+08
1.421006190000000000e+08
1.026801110000000000e+08
1.152003570000000000e+08
1.416191850000000000e+08
1.415401340000000000e+08
1.384219430000000000e+08
1.500000090000000000e+08
1.383462480000000000e+08
1.168540450000000000e+08
1.026772990000000000e+08
1.381187690000000000e+08
1.051269750000000000e+08
1.440086530000000000e+08
1.401081864000000000e+09
1.048782750000000000e+08
1.372659700000000000e+08
1.384697230000000000e+08
1.409936200000000000e+08
1.034431170000000000e+08
1.157340500000000000e+08
1.409325770000000000e+08
1.280269880000000000e+08
1.415353630000000000e+08
1.050963110000000000e+08
1.373890730000000000e+08
1.374172940000000000e+08
1.163903080000000000e+08
1.046517570000000000e+08
1.408620870000000000e+08
1.033481560000000000e+08
1.026736610000000000e+08
1.484456580000000000e+08
1.280204110000000000e+08
1.434557640000000000e+08
1.500000000000000000e+08
1.271088706000000000e+09
1.222785980000000000e+08
1.543397600000000000e+08
1.029874560000000000e+08
1.030732500000000000e+08
1.213812080000000000e+08
1.276370650000000000e+08
1.053586850000000000e+08
1.027797330000000000e+08
1.034393630000000000e+08
1.027169710000000000e+08
1.030320710000000000e+08
1.154598200000000000e+08
1.435274610000000000e+08
1.376073460000000000e+08
1.370862550000000000e+08
1.483288130000000000e+08
1.384369870000000000e+08
1.030739280000000000e+08
1.201330483000000000e+09
1.401020355000000000e+09
1.482116810000000000e+08
1.381079600000000000e+08
1.029535240000000000e+08
1.416608520000000000e+08
1.408091050000000000e+08
1.221798000000000000e+08
1.410090790000000000e+08
1.373886010000000000e+08
1.408669690000000000e+08
1.502964160000000000e+08
1.501605560000000000e+08
1.420924870000000000e+08
1.407361110000000000e+08
1.407342250000000000e+08
1.046114720000000000e+08
1.278438480000000000e+08
1.417501850000000000e+08
1.035083090000000000e+08
1.155521900000000000e+08
1.436456840000000000e+08
1.543438700000000000e+08
1.420889150000000000e+08
1.379976260000000000e+08
1.485682230000000000e+08
1.410338800000000000e+08
1.370810230000000000e+08
1.212905460000000000e+08
1.407104630000000000e+08
1.381071410000000000e+08
1.156421150000000000e+08
1.420440450000000000e+08
1.048494300000000000e+08
1.484451670000000000e+08
1.484469450000000000e+08
1.407767380000000000e+08
1.032197470000000000e+08
1.501258530000000000e+08
1.048776050000000000e+08
1.043757170000000000e+08
1.436430650000000000e+08
1.226949550000000000e+08
1.482807360000000000e+08
1.027826020000000000e+08
1.383540060000000000e+08
1.415336780000000000e+08
1.228733800000000000e+08
1.484730160000000000e+08
1.226265330000000000e+08
1.170086760000000000e+08
1.409379160000000000e+08
1.032200320000000000e+08
1.156392220000000000e+08
1.384207250000000000e+08
1.408673830000000000e+08
1.415856240000000000e+08
1.371220900000000000e+08
1.046080930000000000e+08
1.383455460000000000e+08
1.034488700000000000e+08
1.271318147000000000e+09
1.437451220000000000e+08
1.171075430000000000e+08
1.501772320000000000e+08
1.035665950000000000e+08
1.170987390000000000e+08
1.151202810000000000e+08
1.168539370000000000e+08
1.158925620000000000e+08
1.384222380000000000e+08
1.163421340000000000e+08
1.415353230000000000e+08
1.224837360000000000e+08
1.375012780000000000e+08
1.371569090000000000e+08
1.374984060000000000e+08
1.280176810000000000e+08
1.031764620000000000e+08
1.415851290000000000e+08
1.407785460000000000e+08
1.373943460000000000e+08
1.169359510000000000e+08
1.223808160000000000e+08
1.271130540000000000e+09
1.030329580000000000e+08
1.414676040000000000e+08
1.409952900000000000e+08
1.201307286000000000e+09
1.168596750000000000e+08
1.102701768000000000e+09
1.483319710000000000e+08
1.408049990000000000e+08
1.027140070000000000e+08
1.438057290000000000e+08
1.414782580000000000e+08
1.408364030000000000e+08
1.414326960000000000e+08
1.027155860000000000e+08
1.152011660000000000e+08
1.033478550000000000e+08
1.503157680000000000e+08
1.434998780000000000e+08
1.226313890000000000e+08
1.383469200000000000e+08
1.154528550000000000e+08
1.158941380000000000e+08
1.501276660000000000e+08
1.408353430000000000e+08
1.482801900000000000e+08
1.437471230000000000e+08
1.278377050000000000e+08
1.384720930000000000e+08
1.409616580000000000e+08
1.219662200000000000e+08
1.409609210000000000e+08
1.373922570000000000e+08
1.373959890000000000e+08
1.421518920000000000e+08
1.226943810000000000e+08
1.415259380000000000e+08
1.414892060000000000e+08
1.414777930000000000e+08
1.478187610000000000e+08
1.379863380000000000e+08
1.380258870000000000e+08
1.166676750000000000e+08
1.030322550000000000e+08
1.279635660000000000e+08
1.381712850000000000e+08
1.421024170000000000e+08
1.416157040000000000e+08
1.383508030000000000e+08
1.170999900000000000e+08
1.485177810000000000e+08
1.417608040000000000e+08
1.416209820000000000e+08
1.271365948000000000e+09
1.420576130000000000e+08
1.376038140000000000e+08
1.485715530000000000e+08
1.483944820000000000e+08
1.048494120000000000e+08
1.381709450000000000e+08
1.501606640000000000e+08
1.031767170000000000e+08
1.163961000000000000e+08
1.170979300000000000e+08
1.375809770000000000e+08
1.028072290000000000e+08
1.374155320000000000e+08
1.029881600000000000e+08
1.409923290000000000e+08
1.373235950000000000e+08
1.279583850000000000e+08
1.483923090000000000e+08
1.035099570000000000e+08
1.163929840000000000e+08
1.408348150000000000e+08
1.416889690000000000e+08
1.485226570000000000e+08
1.381219090000000000e+08
1.384152130000000000e+08
1.026727090000000000e+08
1.500006770000000000e+08
1.410082340000000000e+08
1.417597250000000000e+08
1.400807589000000000e+09
1.384210580000000000e+08
1.277558560000000000e+08
1.150554790000000000e+08
1.400770435000000000e+09
1.152029040000000000e+08
1.168644360000000000e+08
1.373359950000000000e+08
1.478180250000000000e+08
1.258861000000000000e+08
1.279608990000000000e+08
1.380278400000000000e+08
1.503164090000000000e+08
1.383326060000000000e+08
1.485196020000000000e+08
1.502947350000000000e+08
1.384710340000000000e+08
1.381318410000000000e+08
1.035654480000000000e+08
1.482863810000000000e+08
1.381083990000000000e+08
1.277229910000000000e+08
1.229060410000000000e+08
1.410040670000000000e+08
1.407138300000000000e+08
1.383454000000000000e+08
1.383449950000000000e+08
1.502960120000000000e+08
1.384729400000000000e+08
1.406816430000000000e+08
1.379839770000000000e+08
1.158140830000000000e+08
1.161528480000000000e+08
1.409328760000000000e+08
1.225653040000000000e+08
1.373907760000000000e+08
1.375443630000000000e+08
1.420567650000000000e+08
1.001651765000000000e+09
1.416789590000000000e+08
1.228753890000000000e+08
1.414312250000000000e+08
1.384370230000000000e+08
1.102628617000000000e+09
1.410334410000000000e+08
1.376070010000000000e+08
1.048516570000000000e+08
1.102715777000000000e+09
1.416894240000000000e+08
1.375007440000000000e+08
1.410337560000000000e+08
1.384749880000000000e+08
1.155586570000000000e+08
1.227698860000000000e+08
1.379964650000000000e+08
1.415253240000000000e+08
1.408673450000000000e+08
1.161434950000000000e+08
1.048554880000000000e+08
1.407378560000000000e+08
1.414660710000000000e+08
1.438605830000000000e+08
1.484702030000000000e+08
1.440155780000000000e+08
1.027176800000000000e+08
1.440130240000000000e+08
1.409320620000000000e+08
1.043104180000000000e+08
1.030740430000000000e+08
1.271368020000000000e+09
1.042110090000000000e+08
1.051363710000000000e+08
1.046019910000000000e+08
1.416180510000000000e+08
1.258409690000000000e+08
1.048749250000000000e+08
1.414339140000000000e+08
1.384691420000000000e+08
1.415247970000000000e+08
1.226311340000000000e+08
1.406262110000000000e+08
1.438684460000000000e+08
1.035647840000000000e+08
1.381334740000000000e+08
1.400707369000000000e+09
1.026076890000000000e+08
1.409161950000000000e+08
1.414350970000000000e+08
1.052876200000000000e+08
1.034503440000000000e+08
1.381693100000000000e+08
1.156325450000000000e+08
1.374796730000000000e+08
1.420901950000000000e+08
1.407092660000000000e+08
1.384721930000000000e+08
1.160704830000000000e+08
1.102701578000000000e+09
1.052405960000000000e+08
1.407346300000000000e+08
1.376036780000000000e+08
1.372636950000000000e+08
1.258856580000000000e+08
1.483916650000000000e+08
1.373934900000000000e+08
1.168520140000000000e+08
1.034397310000000000e+08
1.034483000000000000e+08
1.383322760000000000e+08
1.032228710000000000e+08
1.029512420000000000e+08
1.383980150000000000e+08
1.031003960000000000e+08
1.483260770000000000e+08
1.255804060000000000e+08
1.163301210000000000e+08
1.034417830000000000e+08
1.483936480000000000e+08
1.277142720000000000e+08
1.483298320000000000e+08
1.029526120000000000e+08
1.415857730000000000e+08
1.483970200000000000e+08
1.501249640000000000e+08
1.215168220000000000e+08
1.484696220000000000e+08
1.484349590000000000e+08
1.410311440000000000e+08
1.271050704000000000e+09
1.439556950000000000e+08
1.409131190000000000e+08
1.027159730000000000e+08
1.440138820000000000e+08
1.222751150000000000e+08
1.544537520000000000e+08
1.384208990000000000e+08
1.485922620000000000e+08
1.439591830000000000e+08
1.406402530000000000e+08
1.408657180000000000e+08
1.034496810000000000e+08
1.280258030000000000e+08
1.440182180000000000e+08
1.417146190000000000e+08
1.029518190000000000e+08
1.372008140000000000e+08
1.163971030000000000e+08
1.410338570000000000e+08
1.401126559000000000e+09
1.407372690000000000e+08
1.415229590000000000e+08
1.420132880000000000e+08
1.485738370000000000e+08
1.027801160000000000e+08
1.434554720000000000e+08
1.163918640000000000e+08
1.160752140000000000e+08
1.543397610000000000e+08
1.026139570000000000e+08
1.415219140000000000e+08
1.201291460000000000e+09
1.383321530000000000e+08
1.409358500000000000e+08
1.375011840000000000e+08
1.166071910000000000e+08
1.034424460000000000e+08
1.414335210000000000e+08
1.417175760000000000e+08
1.159798920000000000e+08
1.409350440000000000e+08
1.034472960000000000e+08
1.436810750000000000e+08
1.373265330000000000e+08
1.416159530000000000e+08
1.416780440000000000e+08
1.408655190000000000e+08
1.168655230000000000e+08
1.435026290000000000e+08
1.026758950000000000e+08
1.201228154000000000e+09
1.401020353000000000e+09
1.166633670000000000e+08
1.035651840000000000e+08
1.026799070000000000e+08
1.373224510000000000e+08
1.414770880000000000e+08
1.409122550000000000e+08
1.158235740000000000e+08
1.374172950000000000e+08
1.420604030000000000e+08
1.414345800000000000e+08
1.381326150000000000e+08
1.421520020000000000e+08
1.384009790000000000e+08
1.503140610000000000e+08
1.213728540000000000e+08
1.222810720000000000e+08
1.503169090000000000e+08
1.030308350000000000e+08
1.370575290000000000e+08
1.030351560000000000e+08
1.484357310000000000e+08
1.406385060000000000e+08
1.028092910000000000e+08
1.034480570000000000e+08
1.201246068000000000e+09
1.384014460000000000e+08
1.373989350000000000e+08
1.408337800000000000e+08
1.417622640000000000e+08
1.381687800000000000e+08
1.483341270000000000e+08
1.543418150000000000e+08
1.217430790000000000e+08
1.401081862000000000e+09
1.279670010000000000e+08
1.406279320000000000e+08
1.278412710000000000e+08
1.420112080000000000e+08
1.420907580000000000e+08
1.153828020000000000e+08
1.544537150000000000e+08
1.162551130000000000e+08
1.201292734000000000e+09
1.416025480000000000e+08
1.277557190000000000e+08
1.026135860000000000e+08
1.034513180000000000e+08
1.150508380000000000e+08
1.161442080000000000e+08
1.379863110000000000e+08
1.380240020000000000e+08
1.416145770000000000e+08
1.416037890000000000e+08
1.417894390000000000e+08
1.544373870000000000e+08
1.414783200000000000e+08
1.416793050000000000e+08
1.048551090000000000e+08
1.374973230000000000e+08
1.437463250000000000e+08
1.157255290000000000e+08
1.157296590000000000e+08
1.170973770000000000e+08
1.406821160000000000e+08
1.226313030000000000e+08
1.414775580000000000e+08
1.371618610000000000e+08
1.034526210000000000e+08
1.409124920000000000e+08
1.213024830000000000e+08
1.420998380000000000e+08
1.034508380000000000e+08
1.271359291000000000e+09
1.031010990000000000e+08
1.436806760000000000e+08
1.151316360000000000e+08
1.158206110000000000e+08
1.434989120000000000e+08
1.420885170000000000e+08
1.503166210000000000e+08
1.371592590000000000e+08
1.414339170000000000e+08
1.158213460000000000e+08
1.046496070000000000e+08
1.417173600000000000e+08
1.416023810000000000e+08
1.219652920000000000e+08
1.415377630000000000e+08
1.501551510000000000e+08
1.410048130000000000e+08
1.416794740000000000e+08
1.371241050000000000e+08
1.414673660000000000e+08
1.277579430000000000e+08
1.421035010000000000e+08
1.503147540000000000e+08
1.407130360000000000e+08
1.212967150000000000e+08
1.150526820000000000e+08
1.027172810000000000e+08
1.485157540000000000e+08
1.483331140000000000e+08
1.415231120000000000e+08
1.416161400000000000e+08
1.371195210000000000e+08
1.373326380000000000e+08
1.380266060000000000e+08
1.169953760000000000e+08
1.226954680000000000e+08
1.501257990000000000e+08
1.371259710000000000e+08
1.049847240000000000e+08
1.151978350000000000e+08
1.406424260000000000e+08
1.374169640000000000e+08
1.227715500000000000e+08
1.414319410000000000e+08
1.438653330000000000e+08
1.370570850000000000e+08
1.401120538000000000e+09
1.030749130000000000e+08
1.421033540000000000e+08
1.417656310000000000e+08
1.223802640000000000e+08
1.400801643000000000e+09
1.159740140000000000e+08
1.031022430000000000e+08
1.415224420000000000e+08
1.030340580000000000e+08
1.381703940000000000e+08
1.401023908000000000e+09
1.437462730000000000e+08
1.485741970000000000e+08
1.438622550000000000e+08
1.417613070000000000e+08
1.503163580000000000e+08
1.415217510000000000e+08
1.437541650000000000e+08
1.030957270000000000e+08
1.373308140000000000e+08
1.400934613000000000e+09
1.162558520000000000e+08
1.201228157000000000e+09
1.414760990000000000e+08
1.279645030000000000e+08
1.372072720000000000e+08
1.407108260000000000e+08
1.376038010000000000e+08
1.381078410000000000e+08
1.381682620000000000e+08
1.384004220000000000e+08
1.278462700000000000e+08
1.033478350000000000e+08
1.380252640000000000e+08
1.401045351000000000e+09
1.271314855000000000e+09
1.408641690000000000e+08
1.416170440000000000e+08
1.048499560000000000e+08
1.420449420000000000e+08
1.201200652000000000e+09
1.031019380000000000e+08
1.381220540000000000e+08
1.416170430000000000e+08
1.258404070000000000e+08
1.483274980000000000e+08
1.407759040000000000e+08
1.371562340000000000e+08
1.383476300000000000e+08
1.026793230000000000e+08
1.151327640000000000e+08
1.420476160000000000e+08
1.416027780000000000e+08
1.485698820000000000e+08
1.415827470000000000e+08
1.258844990000000000e+08
1.373919790000000000e+08
1.501764940000000000e+08
1.483287060000000000e+08
1.031811220000000000e+08
1.027810510000000000e+08
1.375444350000000000e+08
1.158220550000000000e+08
1.170973390000000000e+08
1.372074840000000000e+08
1.380227230000000000e+08
1.213025950000000000e+08
1.372062150000000000e+08
1.374184360000000000e+08
1.383475290000000000e+08
1.409368100000000000e+08
1.415404740000000000e+08
1.150542170000000000e+08
1.027212370000000000e+08
1.043092320000000000e+08
1.224818400000000000e+08
1.373266290000000000e+08
1.502955410000000000e+08
1.374159120000000000e+08
1.222708350000000000e+08
1.035125700000000000e+08
1.380248240000000000e+08
1.047471080000000000e+08
1.223406450000000000e+08
1.027807320000000000e+08
1.030322490000000000e+08
1.213775290000000000e+08
1.400921376000000000e+09
1.276326790000000000e+08
1.031807080000000000e+08
1.407087160000000000e+08
1.376043110000000000e+08
1.372057770000000000e+08
1.543395980000000000e+08
1.259209130000000000e+08
1.434689740000000000e+08
1.500554380000000000e+08
1.381209580000000000e+08
1.409646730000000000e+08
1.217048080000000000e+08
1.415844240000000000e+08
1.381200680000000000e+08
1.216123760000000000e+08
1.381676310000000000e+08
1.417512790000000000e+08
1.416780230000000000e+08
1.421195930000000000e+08
1.371188330000000000e+08
1.384400270000000000e+08
1.437560060000000000e+08
1.374168110000000000e+08
1.437465540000000000e+08
1.210674990000000000e+08
1.027788250000000000e+08
1.407793200000000000e+08
1.484363740000000000e+08
1.435462690000000000e+08
1.032229750000000000e+08
1.373361500000000000e+08
1.416911680000000000e+08
1.046510350000000000e+08
1.166082130000000000e+08
1.001674175000000000e+09
1.052921470000000000e+08
1.166098210000000000e+08
1.409631070000000000e+08
1.484449470000000000e+08
1.001651081000000000e+09
1.478175000000000000e+08
1.046004800000000000e+08
1.166092010000000000e+08
1.410322420000000000e+08
1.370572380000000000e+08
1.400989060000000000e+09
1.277192200000000000e+08
1.028076050000000000e+08
1.409115000000000000e+08
1.032247870000000000e+08
1.407785690000000000e+08
1.026762470000000000e+08
1.227752440000000000e+08
1.501597350000000000e+08
1.169405920000000000e+08
1.503167280000000000e+08
1.434562780000000000e+08
1.158146440000000000e+08
1.167530820000000000e+08
1.414893210000000000e+08
1.408381080000000000e+08
1.417158160000000000e+08
1.416589990000000000e+08
1.501273830000000000e+08
1.501262640000000000e+08
1.417477470000000000e+08
1.043121080000000000e+08
1.408345960000000000e+08
1.227000280000000000e+08
1.483984050000000000e+08
1.485662740000000000e+08
1.436338270000000000e+08
1.028061280000000000e+08
1.420439160000000000e+08
1.031762560000000000e+08
1.211156840000000000e+08
1.408632510000000000e+08
1.410324220000000000e+08
1.416154220000000000e+08
1.029886120000000000e+08
1.159818070000000000e+08
1.434680780000000000e+08
1.414666550000000000e+08
1.033072310000000000e+08
1.051357460000000000e+08
1.438693390000000000e+08
1.158165390000000000e+08
1.503147930000000000e+08
1.409126130000000000e+08
1.417889190000000000e+08
1.406820870000000000e+08
1.279593390000000000e+08
1.213014070000000000e+08
1.381085620000000000e+08
1.171073700000000000e+08
1.406856730000000000e+08
1.373270380000000000e+08
1.415361910000000000e+08
1.027778480000000000e+08
1.275842400000000000e+08
1.158937220000000000e+08
1.408070760000000000e+08
1.028060770000000000e+08
1.028051620000000000e+08
1.501252670000000000e+08
1.414892370000000000e+08
1.373348710000000000e+08
1.417479460000000000e+08
1.162545960000000000e+08
1.373229840000000000e+08
1.375454030000000000e+08
1.052886630000000000e+08
1.275957720000000000e+08
1.416200200000000000e+08
1.543442970000000000e+08
1.158165300000000000e+08
1.278456710000000000e+08
1.483927650000000000e+08
1.437581820000000000e+08
1.438655790000000000e+08
1.271268578000000000e+09
1.034468270000000000e+08
1.154565740000000000e+08
1.221042760000000000e+08
1.373951740000000000e+08
1.543444140000000000e+08
1.047443550000000000e+08
1.048544480000000000e+08
1.026787060000000000e+08
1.407143980000000000e+08
1.027789990000000000e+08
1.436441810000000000e+08
1.379986110000000000e+08
1.406844200000000000e+08
1.485679100000000000e+08
1.500910510000000000e+08
1.033488490000000000e+08
1.165154270000000000e+08
1.384691570000000000e+08
1.380727170000000000e+08
1.438668650000000000e+08
1.032235290000000000e+08
1.485729530000000000e+08
1.400714115000000000e+09
1.371613740000000000e+08
1.026142760000000000e+08
1.043767470000000000e+08
1.373225200000000000e+08
1.155564890000000000e+08
1.485714990000000000e+08
1.166684540000000000e+08
1.379981450000000000e+08
1.484741730000000000e+08
1.276339620000000000e+08
1.379852300000000000e+08
1.408047610000000000e+08
1.380719420000000000e+08
1.373270680000000000e+08
1.277190710000000000e+08
1.102698835000000000e+09
1.161545210000000000e+08
1.102630962000000000e+09
1.416131290000000000e+08
1.483924810000000000e+08
1.212971680000000000e+08
1.170059810000000000e+08
1.276338970000000000e+08
1.543421160000000000e+08
1.035066370000000000e+08
1.034404120000000000e+08
1.152007490000000000e+08
1.035681500000000000e+08
1.408337530000000000e+08
1.158146210000000000e+08
1.416764160000000000e+08
1.421003890000000000e+08
1.437463160000000000e+08
1.417645750000000000e+08
1.102509698000000000e+09
1.420472040000000000e+08
1.027170880000000000e+08
1.409156480000000000e+08
1.484668770000000000e+08
1.161421980000000000e+08
1.374188450000000000e+08
1.049804480000000000e+08
1.416887000000000000e+08
1.380747500000000000e+08
1.436406450000000000e+08
1.370572540000000000e+08
1.383544240000000000e+08
1.159804390000000000e+08
1.209040040000000000e+08
1.032202930000000000e+08
1.258398790000000000e+08
1.258409500000000000e+08
1.053560900000000000e+08
1.484711830000000000e+08
1.543412390000000000e+08
1.275967680000000000e+08
1.543392260000000000e+08
1.034451760000000000e+08
1.208532580000000000e+08
1.437476340000000000e+08
1.383306030000000000e+08
1.152033170000000000e+08
1.380466600000000000e+08
1.440128760000000000e+08
1.165180640000000000e+08
1.435324260000000000e+08
1.279619890000000000e+08
1.151226510000000000e+08
1.383291510000000000e+08
1.271099623000000000e+09
1.033076090000000000e+08
1.043867550000000000e+08
1.438711190000000000e+08
1.416617680000000000e+08
1.415338010000000000e+08
1.407392610000000000e+08
1.201189881000000000e+09
1.409666070000000000e+08
1.026076820000000000e+08
1.384726380000000000e+08
1.421040490000000000e+08
1.483944720000000000e+08
1.279665140000000000e+08
1.259817940000000000e+08
1.415843020000000000e+08
1.259200730000000000e+08
1.048737180000000000e+08
1.371218120000000000e+08
1.485674890000000000e+08
1.410068950000000000e+08
1.280267830000000000e+08
1.370862180000000000e+08
1.049751200000000000e+08
1.373322240000000000e+08
1.201247611000000000e+09
1.409354690000000000e+08
1.407786200000000000e+08
1.383320400000000000e+08
1.501118820000000000e+08
1.371181530000000000e+08
1.027144320000000000e+08
1.279593290000000000e+08
1.380255210000000000e+08
1.409153360000000000e+08
1.485149060000000000e+08
1.154559550000000000e+08
1.415226770000000000e+08
1.210037670000000000e+08
1.031961040000000000e+08
1.166019010000000000e+08
1.035690260000000000e+08
1.501111160000000000e+08
1.420900650000000000e+08
1.409673250000000000e+08
1.026134950000000000e+08
1.170965310000000000e+08
1.417645910000000000e+08
1.501252050000000000e+08
1.374183080000000000e+08
1.417479560000000000e+08
1.030981410000000000e+08
1.374211360000000000e+08
1.543408300000000000e+08
1.485686990000000000e+08
1.027169980000000000e+08
1.417181040000000000e+08
1.381104120000000000e+08
1.416154960000000000e+08
1.031938690000000000e+08
1.485699430000000000e+08
1.034429520000000000e+08
1.271265755000000000e+09
1.032250650000000000e+08
1.215276430000000000e+08
1.029869800000000000e+08
1.544381320000000000e+08
1.416786820000000000e+08
1.052906420000000000e+08
1.381310330000000000e+08
1.500562020000000000e+08
1.271325892000000000e+09
1.416180540000000000e+08
1.034527780000000000e+08
1.371621660000000000e+08
1.201360406000000000e+09
1.033030260000000000e+08
1.255803000000000000e+08
1.381692360000000000e+08
1.417631400000000000e+08
1.408628100000000000e+08
1.421540410000000000e+08
1.482887050000000000e+08
1.171017000000000000e+08
1.415228520000000000e+08
1.051049240000000000e+08
1.384181060000000000e+08
1.028084260000000000e+08
1.153844990000000000e+08
1.201286482000000000e+09
1.406276760000000000e+08
1.379850270000000000e+08
1.374799790000000000e+08
1.372087360000000000e+08
1.381691300000000000e+08
1.414875710000000000e+08
1.052888580000000000e+08
1.163342110000000000e+08
1.383305420000000000e+08
1.384720750000000000e+08
1.410082440000000000e+08
1.042120860000000000e+08
1.416606730000000000e+08
1.384713280000000000e+08
1.420131660000000000e+08
1.437456460000000000e+08
1.407364340000000000e+08
1.154518280000000000e+08
1.276339410000000000e+08
1.053535060000000000e+08
1.408093580000000000e+08
1.161496050000000000e+08
1.027187820000000000e+08
1.436454740000000000e+08
1.417876570000000000e+08
1.501270760000000000e+08
1.371234840000000000e+08
1.410043750000000000e+08
1.482511010000000000e+08
1.416612720000000000e+08
1.440080820000000000e+08
1.380246490000000000e+08
1.406263850000000000e+08
1.032251250000000000e+08
1.482493780000000000e+08
1.277642240000000000e+08
1.416196700000000000e+08
1.026113720000000000e+08
1.408647190000000000e+08
1.434546090000000000e+08
1.279594350000000000e+08
1.373910620000000000e+08
1.153939700000000000e+08
1.373233130000000000e+08
1.376037900000000000e+08
1.379957480000000000e+08
1.416897430000000000e+08
1.410089980000000000e+08
1.159805930000000000e+08
1.420600950000000000e+08
1.381677540000000000e+08
1.227769940000000000e+08
1.258859200000000000e+08
1.384746300000000000e+08
1.031006110000000000e+08
1.373327930000000000e+08
1.379857160000000000e+08
1.167442010000000000e+08
1.276435310000000000e+08
1.227715750000000000e+08
1.421192400000000000e+08
1.170001080000000000e+08
1.026122550000000000e+08
1.414870730000000000e+08
1.027171650000000000e+08
1.380455570000000000e+08
1.407360150000000000e+08
1.421198600000000000e+08
1.373973590000000000e+08
1.410334780000000000e+08
1.406388310000000000e+08
1.031799370000000000e+08
1.409359670000000000e+08
1.271355422000000000e+09
1.373869070000000000e+08
1.372026500000000000e+08
1.436402960000000000e+08
1.410339840000000000e+08
1.033016060000000000e+08
1.501265140000000000e+08
1.033503460000000000e+08
1.503167520000000000e+08
1.102716939000000000e+09
1.384190700000000000e+08
1.046582340000000000e+08
1.163963780000000000e+08
1.409935220000000000e+08
1.384767050000000000e+08
1.371587590000000000e+08
1.434684870000000000e+08
1.415820530000000000e+08
1.157221130000000000e+08
1.048710120000000000e+08
1.168596050000000000e+08
1.373243580000000000e+08
1.277122380000000000e+08
1.026079670000000000e+08
1.408085230000000000e+08
1.168607220000000000e+08
1.047434600000000000e+08
1.436876890000000000e+08
1.042081820000000000e+08
1.026765390000000000e+08
1.277611200000000000e+08
1.028051580000000000e+08
1.406425830000000000e+08
1.373929580000000000e+08
1.544537060000000000e+08
1.417647860000000000e+08
1.383990540000000000e+08
1.027208120000000000e+08
1.258863710000000000e+08
1.276424090000000000e+08
1.415838270000000000e+08
1.383536040000000000e+08
1.375038270000000000e+08
1.159777780000000000e+08
1.435293480000000000e+08
1.026808480000000000e+08
1.415389560000000000e+08
1.421031300000000000e+08
1.026808990000000000e+08
1.416910440000000000e+08
1.026793970000000000e+08
1.373218730000000000e+08
1.053614710000000000e+08
1.102636440000000000e+09
1.048746610000000000e+08
1.401134542000000000e+09
1.026756180000000000e+08
1.153885930000000000e+08
1.224817980000000000e+08
1.209049860000000000e+08
1.166708890000000000e+08
1.044833830000000000e+08
1.417609860000000000e+08
