1.005937320000000000e+08
1.484049090000000000e+08
1.242806030000000000e+08
1.422086500000000000e+07
1.499306560000000000e+08
1.419129030000000000e+08
1.496287950000000000e+08
1.491759360000000000e+08
1.493913350000000000e+08
1.477655530000000000e+08
1.445011580000000000e+08
1.515862630000000000e+08
1.531668430000000000e+08
1.388272320000000000e+08
1.505131940000000000e+08
1.412109490000000000e+08
1.414715220000000000e+08
1.495396210000000000e+08
1.303341500000000000e+08
1.238547060000000000e+08
1.414112010000000000e+08
1.536931480000000000e+08
1.432122550000000000e+08
1.141172400000000000e+07
1.177405700000000000e+08
1.235520220000000000e+08
1.342257570000000000e+08
1.510589550000000000e+08
1.515162730000000000e+08
1.176712880000000000e+08
1.403376740000000000e+08
1.503896030000000000e+08
1.479980550000000000e+08
1.342282670000000000e+08
1.243161730000000000e+08
1.411230490000000000e+08
1.302587920000000000e+08
1.005329330000000000e+08
1.407975240000000000e+08
1.432182860000000000e+08
1.194023670000000000e+08
1.193624150000000000e+08
1.344340060000000000e+08
1.502714200000000000e+08
1.421449690000000000e+08
1.249345050000000000e+08
1.205456880000000000e+08
1.491202760000000000e+08
1.198553950000000000e+08
1.194486270000000000e+08
1.419759260000000000e+08
1.405121260000000000e+08
1.500990790000000000e+08
1.503579350000000000e+08
1.491210860000000000e+08
1.388575010000000000e+08
1.408915970000000000e+08
1.409685430000000000e+08
1.177660020000000000e+08
1.405985420000000000e+08
1.501407230000000000e+08
1.388558080000000000e+08
1.470302300000000000e+08
1.431692380000000000e+08
1.341988410000000000e+08
1.408280090000000000e+08
1.503204560000000000e+08
1.421449150000000000e+08
1.409388020000000000e+08
1.239521390000000000e+08
1.501507340000000000e+08
1.302972810000000000e+08
1.119463200000000000e+07
1.306170710000000000e+08
1.408985750000000000e+08
1.503581700000000000e+08
1.502497280000000000e+08
1.408472400000000000e+07
1.421105360000000000e+08
1.208351260000000000e+08
1.419777950000000000e+08
1.410289660000000000e+08
1.406591720000000000e+08
1.420145030000000000e+08
1.494755590000000000e+08
1.431173660000000000e+08
1.235728630000000000e+08
1.504431850000000000e+08
1.192897970000000000e+08
1.177661850000000000e+08
1.244971930000000000e+08
1.215885300000000000e+07
1.431179990000000000e+08
1.394399210000000000e+08
1.492523050000000000e+08
1.503215120000000000e+08
1.007610600000000000e+08
1.416868040000000000e+08
1.239291190000000000e+08
1.482319340000000000e+08
1.412788100000000000e+08
1.402111340000000000e+08
1.503199030000000000e+08
1.242516080000000000e+08
1.006104220000000000e+08
1.491014110000000000e+08
1.388558060000000000e+08
1.502746490000000000e+08
1.499705990000000000e+08
1.303353040000000000e+08
1.203816990000000000e+08
1.481863620000000000e+08
1.235737660000000000e+08
1.410964920000000000e+08
1.408532500000000000e+07
1.272278200000000000e+08
1.344959780000000000e+08
1.411529270000000000e+08
1.005086630000000000e+08
1.395377570000000000e+08
1.431062350000000000e+08
1.503919880000000000e+08
1.208680800000000000e+07
1.411275430000000000e+08
1.005128370000000000e+08
1.192392970000000000e+08
1.418086750000000000e+08
1.248434690000000000e+08
1.503937960000000000e+08
1.237280200000000000e+08
1.006096350000000000e+08
1.244942640000000000e+08
1.394455760000000000e+08
1.239042830000000000e+08
1.406310500000000000e+08
1.005085730000000000e+08
1.484906480000000000e+08
1.303363320000000000e+08
1.249870900000000000e+08
1.514709970000000000e+08
1.502496790000000000e+08
1.503246560000000000e+08
1.536873240000000000e+08
1.431468120000000000e+08
1.249187710000000000e+08
1.419419860000000000e+08
1.503206100000000000e+08
1.402848400000000000e+08
1.007279490000000000e+08
1.432754860000000000e+08
1.411870820000000000e+08
1.496290830000000000e+08
1.493516790000000000e+08
1.243119190000000000e+08
1.414072010000000000e+08
1.405993770000000000e+08
1.500666310000000000e+08
1.414107890000000000e+08
1.393694360000000000e+08
1.193628150000000000e+08
1.502746320000000000e+08
1.413345550000000000e+08
1.421087460000000000e+08
1.398447500000000000e+07
1.469083550000000000e+08
1.503912260000000000e+08
1.491217280000000000e+08
1.193318330000000000e+08
1.403813630000000000e+08
1.420868130000000000e+08
1.412686900000000000e+08
1.195215500000000000e+08
1.481854220000000000e+08
1.419457500000000000e+08
1.418226250000000000e+08
1.187958960000000000e+08
1.418093590000000000e+08
1.478524300000000000e+08
1.334514300000000000e+07
1.411560180000000000e+08
1.492183350000000000e+08
1.128923500000000000e+07
1.272273160000000000e+08
1.405291990000000000e+08
1.432065980000000000e+08
1.427164150000000000e+08
1.446110680000000000e+08
1.235445830000000000e+08
1.410281980000000000e+08
1.177372740000000000e+08
1.494788460000000000e+08
1.418697240000000000e+08
1.129347200000000000e+07
1.400340300000000000e+07
1.414132190000000000e+08
1.419439410000000000e+08
1.405295550000000000e+08
1.402849510000000000e+08
1.504408600000000000e+08
1.178834250000000000e+08
1.405980470000000000e+08
1.247737720000000000e+08
1.241888600000000000e+08
1.236300860000000000e+08
1.491260600000000000e+08
1.431713160000000000e+08
1.405113180000000000e+08
1.417680400000000000e+08
1.494234330000000000e+08
1.421077590000000000e+08
1.249227780000000000e+08
1.199410310000000000e+08
1.242795250000000000e+08
1.501912580000000000e+08
1.445180630000000000e+08
1.503897600000000000e+08
1.411210800000000000e+08
1.501056130000000000e+08
1.304716630000000000e+08
1.420175090000000000e+08
1.418652010000000000e+08
1.006074770000000000e+08
1.501418130000000000e+08
1.407977860000000000e+08
1.446146150000000000e+08
1.420541590000000000e+08
1.433735860000000000e+08
1.412655200000000000e+07
1.394196580000000000e+08
1.204523990000000000e+08
1.406896530000000000e+08
1.395876030000000000e+08
1.493464180000000000e+08
1.480400510000000000e+08
1.478539460000000000e+08
1.236266700000000000e+08
1.421089490000000000e+08
1.419124690000000000e+08
1.431687540000000000e+08
1.503574240000000000e+08
1.496301600000000000e+08
1.420843060000000000e+08
1.406629080000000000e+08
1.433997340000000000e+08
1.479434080000000000e+08
1.432300810000000000e+08
1.503945360000000000e+08
1.136274600000000000e+07
1.417694340000000000e+08
1.503617680000000000e+08
1.235803460000000000e+08
1.008312710000000000e+08
1.515876500000000000e+08
1.494220960000000000e+08
1.412788880000000000e+08
1.409964210000000000e+08
1.393975210000000000e+08
1.493484200000000000e+08
1.504422640000000000e+08
1.422144500000000000e+07
1.306163410000000000e+08
1.306159810000000000e+08
1.249417690000000000e+08
1.504318390000000000e+08
1.119582800000000000e+07
1.515622390000000000e+08
1.238496720000000000e+08
1.484841820000000000e+08
1.491020060000000000e+08
1.394723870000000000e+08
1.135749800000000000e+07
1.494231030000000000e+08
1.406032390000000000e+08
1.433403780000000000e+08
1.478550660000000000e+08
1.007800670000000000e+08
1.471267900000000000e+08
1.504300440000000000e+08
1.444614090000000000e+08
1.414084450000000000e+08
1.445003370000000000e+08
1.477660690000000000e+08
1.235741040000000000e+08
1.409681170000000000e+08
1.504306160000000000e+08
1.430954720000000000e+08
1.496642540000000000e+08
1.420824670000000000e+08
1.201682380000000000e+08
1.491268060000000000e+08
1.245208730000000000e+08
1.177662040000000000e+08
1.405795370000000000e+08
1.193009070000000000e+08
1.503618030000000000e+08
1.247746850000000000e+08
1.477993110000000000e+08
1.490373740000000000e+08
1.514754780000000000e+08
1.491207060000000000e+08
1.494729150000000000e+08
1.408018980000000000e+08
1.493910100000000000e+08
1.420860910000000000e+08
1.494452580000000000e+08
1.531245040000000000e+08
1.501880970000000000e+08
1.444622160000000000e+08
1.411877190000000000e+08
1.176670870000000000e+08
1.175605300000000000e+07
1.240189520000000000e+08
1.388996600000000000e+08
1.420186970000000000e+08
1.024036070000000000e+08
1.389058220000000000e+08
1.444991820000000000e+08
1.494242640000000000e+08
1.491800880000000000e+08
1.503936230000000000e+08
1.502698560000000000e+08
1.177657770000000000e+08
1.405284110000000000e+08
1.501667210000000000e+08
1.532104670000000000e+08
1.388995700000000000e+08
1.007251420000000000e+08
1.414236340000000000e+08
1.492165510000000000e+08
1.493028250000000000e+08
1.249203480000000000e+08
1.504287030000000000e+08
1.445163930000000000e+08
1.418100800000000000e+08
1.406642600000000000e+08
1.396752980000000000e+08
1.414233710000000000e+08
1.431046370000000000e+08
1.136326400000000000e+07
1.445185540000000000e+08
1.271018140000000000e+08
1.303343870000000000e+08
1.246912470000000000e+08
1.445408990000000000e+08
1.413354890000000000e+08
1.005317760000000000e+08
1.493918780000000000e+08
1.504418000000000000e+08
1.444867910000000000e+08
1.494201490000000000e+08
1.240333300000000000e+08
1.495761480000000000e+08
1.495727200000000000e+08
1.414246430000000000e+08
1.024538510000000000e+08
1.247728770000000000e+08
1.432322980000000000e+08
1.342210520000000000e+08
1.412839210000000000e+08
1.432337730000000000e+08
1.432289980000000000e+08
1.414813110000000000e+08
1.424711840000000000e+08
1.505132760000000000e+08
1.479757200000000000e+08
1.178140910000000000e+08
1.235742790000000000e+08
1.503589910000000000e+08
1.503248410000000000e+08
1.022815070000000000e+08
1.416106610000000000e+08
1.420851920000000000e+08
1.344357460000000000e+08
1.493490370000000000e+08
1.491268100000000000e+08
1.418676270000000000e+08
1.414358160000000000e+08
1.503605510000000000e+08
1.493481010000000000e+08
1.416472600000000000e+07
1.444996340000000000e+08
1.484787980000000000e+08
1.244971130000000000e+08
1.243799960000000000e+08
1.406922800000000000e+08
1.025420880000000000e+08
1.411842070000000000e+08
1.482744670000000000e+08
1.531215460000000000e+08
1.004791670000000000e+08
1.420826420000000000e+08
1.388551600000000000e+08
1.414234160000000000e+08
1.445162770000000000e+08
1.418112610000000000e+08
1.503919080000000000e+08
1.249398050000000000e+08
1.394219460000000000e+08
1.412844110000000000e+08
1.188716440000000000e+08
1.512910930000000000e+08
1.198556590000000000e+08
1.493472960000000000e+08
1.402142210000000000e+08
1.501454380000000000e+08
1.414840550000000000e+08
1.484801040000000000e+08
1.412804500000000000e+08
1.249235410000000000e+08
1.240932810000000000e+08
1.346292920000000000e+08
1.420161190000000000e+08
1.416509400000000000e+07
1.493479920000000000e+08
1.177680620000000000e+08
1.389375030000000000e+08
1.402839930000000000e+08
1.430739020000000000e+08
1.413335730000000000e+08
1.420184640000000000e+08
1.490599540000000000e+08
1.247459700000000000e+08
1.200907070000000000e+08
1.417661440000000000e+08
1.197451380000000000e+08
1.234532800000000000e+07
1.394125400000000000e+08
1.496310350000000000e+08
1.482763980000000000e+08
1.478535860000000000e+08
1.420486910000000000e+08
1.503569030000000000e+08
1.246569880000000000e+08
1.446099710000000000e+08
1.248454260000000000e+08
1.406320370000000000e+08
1.411871260000000000e+08
1.491553600000000000e+08
1.502487620000000000e+08
1.023230470000000000e+08
1.408308740000000000e+08
1.515637030000000000e+08
1.405061820000000000e+08
1.420816740000000000e+08
1.412821360000000000e+08
1.490605860000000000e+08
1.409985220000000000e+08
1.005137160000000000e+08
1.431421320000000000e+08
1.478997610000000000e+08
1.246864630000000000e+08
1.402076680000000000e+08
1.479063960000000000e+08
1.445007490000000000e+08
1.405111410000000000e+08
1.495384800000000000e+08
1.500635800000000000e+08
1.405120850000000000e+08
1.414071490000000000e+08
1.502724470000000000e+08
1.411839010000000000e+08
1.492194960000000000e+08
1.495429470000000000e+08
1.393973620000000000e+08
1.177398060000000000e+08
1.342837310000000000e+08
1.402820690000000000e+08
1.512911140000000000e+08
1.421485870000000000e+08
1.479019100000000000e+08
1.249218460000000000e+08
1.342220070000000000e+08
1.025396810000000000e+08
1.491057640000000000e+08
1.402842920000000000e+08
1.022856230000000000e+08
1.491753960000000000e+08
1.389048850000000000e+08
1.499300840000000000e+08
1.025752560000000000e+08
1.408923730000000000e+08
1.128620900000000000e+07
1.503917400000000000e+08
1.496006390000000000e+08
1.494744940000000000e+08
1.206617000000000000e+08
1.480441220000000000e+08
1.008301190000000000e+08
1.503933020000000000e+08
1.504281350000000000e+08
1.484964410000000000e+08
1.237630140000000000e+08
1.417542910000000000e+08
1.006639230000000000e+08
1.494981980000000000e+08
1.494220870000000000e+08
1.471856190000000000e+08
1.433802380000000000e+08
1.244913300000000000e+08
1.199325110000000000e+08
1.417085460000000000e+08
1.305730700000000000e+08
1.472616320000000000e+08
1.491794510000000000e+08
1.473644260000000000e+08
1.403421930000000000e+08
1.530964510000000000e+08
1.500995110000000000e+08
1.406638850000000000e+08
1.447001860000000000e+08
1.503196390000000000e+08
1.413347930000000000e+08
1.420521870000000000e+08
1.502506790000000000e+08
1.493906480000000000e+08
1.515162250000000000e+08
1.505138240000000000e+08
1.409404930000000000e+08
1.418235040000000000e+08
1.493907100000000000e+08
1.022868280000000000e+08
1.190203520000000000e+08
1.531658240000000000e+08
1.492168640000000000e+08
1.414358180000000000e+08
1.403395710000000000e+08
1.431673750000000000e+08
1.408283330000000000e+08
1.492165320000000000e+08
1.495391010000000000e+08
1.494975790000000000e+08
1.239808100000000000e+08
1.406356670000000000e+08
1.245480700000000000e+08
1.129407500000000000e+07
1.501656570000000000e+08
1.503247870000000000e+08
1.406351110000000000e+08
1.177700210000000000e+08
1.208379470000000000e+08
1.418117560000000000e+08
1.418230410000000000e+08
1.500332370000000000e+08
1.006098570000000000e+08
1.483234060000000000e+08
1.342266680000000000e+08
1.491549270000000000e+08
1.177440250000000000e+08
1.504399890000000000e+08
1.238832720000000000e+08
1.481250490000000000e+08
1.416864550000000000e+08
1.416266340000000000e+08
1.411876250000000000e+08
1.410308250000000000e+08
1.531663580000000000e+08
1.409972420000000000e+08
1.412815260000000000e+08
1.500988600000000000e+08
1.494979930000000000e+08
1.431037320000000000e+08
1.405774060000000000e+08
1.344989670000000000e+08
1.243789120000000000e+08
1.249825900000000000e+08
1.247742180000000000e+08
1.501053720000000000e+08
1.411529310000000000e+08
1.502726460000000000e+08
1.236296050000000000e+08
1.420148310000000000e+08
1.480918630000000000e+08
1.193270920000000000e+08
1.445181630000000000e+08
1.480456080000000000e+08
1.431792370000000000e+08
1.420175870000000000e+08
1.494231520000000000e+08
1.504294810000000000e+08
1.237584690000000000e+08
1.421431150000000000e+08
1.431229480000000000e+08
1.239009060000000000e+08
1.491612000000000000e+08
1.410247240000000000e+08
1.480001870000000000e+08
1.433385640000000000e+08
1.240146010000000000e+08
1.418097290000000000e+08
1.471803460000000000e+08
1.177716850000000000e+08
1.343135820000000000e+08
1.239255090000000000e+08
1.402828990000000000e+08
1.503617370000000000e+08
1.502740710000000000e+08
1.417365900000000000e+07
1.176672480000000000e+08
1.241067620000000000e+08
1.503208910000000000e+08
1.421441620000000000e+08
1.500982910000000000e+08
1.499134190000000000e+08
1.478031660000000000e+08
1.496014510000000000e+08
1.504370650000000000e+08
1.247793320000000000e+08
1.343100200000000000e+08
1.238543030000000000e+08
1.388581840000000000e+08
1.187863730000000000e+08
1.410297870000000000e+08
1.505135910000000000e+08
1.495395520000000000e+08
1.196953820000000000e+08
1.239323910000000000e+08
1.242421980000000000e+08
1.247798360000000000e+08
1.306145660000000000e+08
1.469198420000000000e+08
1.468713410000000000e+08
1.411851420000000000e+08
1.424082730000000000e+08
1.342840790000000000e+08
1.405787910000000000e+08
1.496657550000000000e+08
1.417667600000000000e+07
1.141262900000000000e+07
1.419437230000000000e+08
1.419102910000000000e+08
1.407974640000000000e+08
1.409986720000000000e+08
1.516281930000000000e+08
1.494783610000000000e+08
1.409983370000000000e+08
1.499300600000000000e+08
1.468777390000000000e+08
1.433996990000000000e+08
1.503229910000000000e+08
1.503600850000000000e+08
1.178201200000000000e+08
1.240998980000000000e+08
1.502497370000000000e+08
1.501428060000000000e+08
1.422333400000000000e+07
1.194409000000000000e+08
1.477999670000000000e+08
1.402121140000000000e+08
1.501066010000000000e+08
1.419756200000000000e+08
1.419796960000000000e+08
1.433375350000000000e+08
1.479768340000000000e+08
1.479027290000000000e+08
1.236639190000000000e+08
1.411534720000000000e+08
1.481880200000000000e+08
1.514648860000000000e+08
1.341967710000000000e+08
1.405982250000000000e+08
1.194933730000000000e+08
1.193635350000000000e+08
1.479470790000000000e+08
1.406001470000000000e+08
1.024059580000000000e+08
1.244169270000000000e+08
1.344359350000000000e+08
1.419094440000000000e+08
1.492191450000000000e+08
1.403461950000000000e+08
1.236646050000000000e+08
1.430932610000000000e+08
1.501890700000000000e+08
1.409472200000000000e+07
1.493033100000000000e+08
1.389792780000000000e+08
1.496035240000000000e+08
1.417706090000000000e+08
1.504380410000000000e+08
1.006121270000000000e+08
1.406593500000000000e+08
1.492193760000000000e+08
1.022832600000000000e+08
1.005092730000000000e+08
1.500628830000000000e+08
1.483367120000000000e+08
1.410281640000000000e+08
1.431711080000000000e+08
1.411546380000000000e+08
1.140252700000000000e+07
1.516284090000000000e+08
1.421438860000000000e+08
1.491027280000000000e+08
1.480414080000000000e+08
1.249832810000000000e+08
1.471274600000000000e+08
1.432168250000000000e+08
1.503919970000000000e+08
1.238536430000000000e+08
1.478555070000000000e+08
1.491267960000000000e+08
1.238507560000000000e+08
1.431831120000000000e+08
1.502983260000000000e+08
1.193755400000000000e+08
1.492481960000000000e+08
1.243333810000000000e+08
1.503898530000000000e+08
1.515118980000000000e+08
1.482733820000000000e+08
1.493504470000000000e+08
1.005310580000000000e+08
1.205477990000000000e+08
1.345440260000000000e+08
1.501891530000000000e+08
1.400342900000000000e+07
1.416280190000000000e+08
1.503598920000000000e+08
1.406357780000000000e+08
1.492531400000000000e+08
1.420528260000000000e+08
1.005315610000000000e+08
1.490367580000000000e+08
1.494445630000000000e+08
1.419134870000000000e+08
1.493462670000000000e+08
1.495417770000000000e+08
1.484631840000000000e+08
1.414849810000000000e+08
1.405959530000000000e+08
1.416562500000000000e+07
1.531677880000000000e+08
1.446956510000000000e+08
1.405794300000000000e+08
1.243843620000000000e+08
1.502985730000000000e+08
1.480462870000000000e+08
1.432092920000000000e+08
1.447009030000000000e+08
1.500987770000000000e+08
1.495400130000000000e+08
1.431419220000000000e+08
1.515149940000000000e+08
1.245194530000000000e+08
1.409716660000000000e+08
1.536857050000000000e+08
1.408280630000000000e+08
1.419102980000000000e+08
1.432808860000000000e+08
1.405804970000000000e+08
1.249405320000000000e+08
1.245489590000000000e+08
1.536134420000000000e+08
1.412817420000000000e+08
1.494985310000000000e+08
1.410303920000000000e+08
1.242797190000000000e+08
1.447300530000000000e+08
1.022790360000000000e+08
1.501069480000000000e+08
1.433544880000000000e+08
1.008312790000000000e+08
1.479421570000000000e+08
1.395455380000000000e+08
1.478543650000000000e+08
1.413358860000000000e+08
1.408829800000000000e+07
1.479023640000000000e+08
1.514710590000000000e+08
1.417701210000000000e+08
1.177646910000000000e+08
1.484766940000000000e+08
1.492190920000000000e+08
1.479989870000000000e+08
1.395446410000000000e+08
1.417092960000000000e+08
1.178192160000000000e+08
1.483200480000000000e+08
1.418117340000000000e+08
1.177708500000000000e+08
1.501887360000000000e+08
1.482320730000000000e+08
1.006595080000000000e+08
1.431688940000000000e+08
1.503557640000000000e+08
1.189268060000000000e+08
1.005889400000000000e+08
1.445169630000000000e+08
1.196370650000000000e+08
1.431460960000000000e+08
1.482739870000000000e+08
1.482711660000000000e+08
1.483373920000000000e+08
1.409431850000000000e+08
1.022029820000000000e+08
1.234997800000000000e+07
1.303734870000000000e+08
1.305198800000000000e+08
1.304713830000000000e+08
1.421077560000000000e+08
1.515631970000000000e+08
1.389059070000000000e+08
1.407968540000000000e+08
1.421078330000000000e+08
1.249872990000000000e+08
1.243269160000000000e+08
1.494743870000000000e+08
1.410919230000000000e+08
1.482767430000000000e+08
1.480458620000000000e+08
1.402150170000000000e+08
1.420517860000000000e+08
1.405966220000000000e+08
1.405809490000000000e+08
1.248416430000000000e+08
1.496308240000000000e+08
1.502722770000000000e+08
1.193278000000000000e+08
1.192865190000000000e+08
1.414713920000000000e+08
1.417574410000000000e+08
1.177398180000000000e+08
1.342860710000000000e+08
1.492179370000000000e+08
1.445426810000000000e+08
1.243131680000000000e+08
1.007808750000000000e+08
1.433151090000000000e+08
1.140646000000000000e+07
1.419136470000000000e+08
1.187964390000000000e+08
1.237450460000000000e+08
1.402846910000000000e+08
1.208358590000000000e+08
1.236635400000000000e+08
1.406615950000000000e+08
1.491796070000000000e+08
1.395397290000000000e+08
1.402829400000000000e+08
1.420146200000000000e+08
1.419153670000000000e+08
1.247458950000000000e+08
1.474340180000000000e+08
1.189367730000000000e+08
1.239515210000000000e+08
1.430938640000000000e+08
1.417568210000000000e+08
1.501663970000000000e+08
1.430959590000000000e+08
1.235757390000000000e+08
1.421957100000000000e+07
1.412151410000000000e+08
1.433136140000000000e+08
1.420528760000000000e+08
1.482282200000000000e+08
1.412119660000000000e+08
1.249221500000000000e+08
1.493478050000000000e+08
1.200100680000000000e+08
1.421060960000000000e+08
1.304220160000000000e+08
1.417126540000000000e+08
1.420819730000000000e+08
1.247460680000000000e+08
1.469091960000000000e+08
1.420500460000000000e+08
1.405783040000000000e+08
1.409683570000000000e+08
1.411852700000000000e+08
1.492181000000000000e+08
1.414071590000000000e+08
1.412710780000000000e+08
1.481873440000000000e+08
1.240186950000000000e+08
1.468793450000000000e+08
1.223732400000000000e+07
1.484051350000000000e+08
1.389400110000000000e+08
1.393716000000000000e+08
1.493025070000000000e+08
1.178154560000000000e+08
1.479992350000000000e+08
1.195226940000000000e+08
1.501053500000000000e+08
1.431066600000000000e+08
1.140410800000000000e+07
1.501641240000000000e+08
1.198554740000000000e+08
1.492152620000000000e+08
1.421423160000000000e+08
1.195175380000000000e+08
1.406873820000000000e+08
1.241882970000000000e+08
1.005104520000000000e+08
1.496014080000000000e+08
1.406868390000000000e+08
1.203901730000000000e+08
1.237386800000000000e+08
1.420829420000000000e+08
1.136095900000000000e+07
1.194909350000000000e+08
1.194612660000000000e+08
1.414845090000000000e+08
1.206669210000000000e+08
1.501479850000000000e+08
1.501873730000000000e+08
1.247760800000000000e+08
1.496307340000000000e+08
1.408929380000000000e+08
1.306440160000000000e+08
1.430939350000000000e+08
1.496258120000000000e+08
1.502965600000000000e+08
1.243281330000000000e+08
1.271061270000000000e+08
1.412759700000000000e+07
1.406630570000000000e+08
1.304706770000000000e+08
1.405761740000000000e+08
1.503925840000000000e+08
1.243786830000000000e+08
1.421455340000000000e+08
1.406017570000000000e+08
1.402099220000000000e+08
1.495029500000000000e+08
1.306454190000000000e+08
1.190733180000000000e+08
1.426776130000000000e+08
1.190711080000000000e+08
1.195483810000000000e+08
1.411860750000000000e+08
1.145589000000000000e+07
1.389036090000000000e+08
1.396459000000000000e+08
1.304723110000000000e+08
1.303728440000000000e+08
1.240268780000000000e+08
1.432772120000000000e+08
1.248442030000000000e+08
1.120133600000000000e+07
1.445026250000000000e+08
1.482741910000000000e+08
1.414711050000000000e+08
1.417141910000000000e+08
1.128981400000000000e+07
1.431770650000000000e+08
1.494459280000000000e+08
1.006614900000000000e+08
1.022110300000000000e+08
1.416152300000000000e+07
1.410262670000000000e+08
1.208412080000000000e+08
1.236692900000000000e+08
1.236285250000000000e+08
1.502733010000000000e+08
1.238353530000000000e+08
1.007793470000000000e+08
1.402816850000000000e+08
1.433761510000000000e+08
1.414357580000000000e+08
1.418115400000000000e+08
1.420167670000000000e+08
1.502726560000000000e+08
1.012674710000000000e+08
1.504319200000000000e+08
1.501048080000000000e+08
1.491587240000000000e+08
1.495391580000000000e+08
1.503905430000000000e+08
1.389376950000000000e+08
1.535461470000000000e+08
1.408937220000000000e+08
1.177398240000000000e+08
1.243846450000000000e+08
1.240332520000000000e+08
1.491792260000000000e+08
1.023217420000000000e+08
1.194915670000000000e+08
1.303715160000000000e+08
1.420520860000000000e+08
1.503927530000000000e+08
1.410247990000000000e+08
1.433509720000000000e+08
1.342900430000000000e+08
1.195214090000000000e+08
1.247733270000000000e+08
1.413345850000000000e+08
1.145704400000000000e+07
1.423058600000000000e+07
1.246876120000000000e+08
1.501469730000000000e+08
1.393705370000000000e+08
1.004812430000000000e+08
1.272299460000000000e+08
1.240293630000000000e+08
1.411209400000000000e+08
1.420868120000000000e+08
1.427193010000000000e+08
1.503593250000000000e+08
1.168989900000000000e+07
1.491587890000000000e+08
1.248565080000000000e+08
1.271036300000000000e+08
1.501647950000000000e+08
1.202715130000000000e+08
1.012122350000000000e+08
1.405992840000000000e+08
1.240332550000000000e+08
1.412802550000000000e+08
1.249222720000000000e+08
1.237997000000000000e+08
1.491545770000000000e+08
1.238827070000000000e+08
1.482250530000000000e+08
1.239010480000000000e+08
1.515813440000000000e+08
1.402811880000000000e+08
1.244325240000000000e+08
1.494980990000000000e+08
1.194085430000000000e+08
1.169012000000000000e+07
1.484591700000000000e+08
1.193256250000000000e+08
1.409718420000000000e+08
1.432302860000000000e+08
1.394101550000000000e+08
1.501072620000000000e+08
1.402883590000000000e+08
1.405008560000000000e+08
1.128833000000000000e+07
1.416219000000000000e+07
1.247467570000000000e+08
1.494223640000000000e+08
1.414125320000000000e+08
1.004793780000000000e+08
1.004801410000000000e+08
1.494498880000000000e+08
1.496266500000000000e+08
1.345007730000000000e+08
1.239756620000000000e+08
1.503615130000000000e+08
1.236302570000000000e+08
1.515828710000000000e+08
1.492514430000000000e+08
1.418105290000000000e+08
1.472532100000000000e+08
1.491548210000000000e+08
1.304174260000000000e+08
1.512344000000000000e+08
1.410948610000000000e+08
1.421900100000000000e+07
1.244944390000000000e+08
1.247499320000000000e+08
1.495703800000000000e+08
1.481820400000000000e+08
1.237357470000000000e+08
1.128619800000000000e+07
1.501887780000000000e+08
1.022799330000000000e+08
1.421093900000000000e+08
1.405786060000000000e+08
1.418678950000000000e+08
1.503008700000000000e+08
1.501512620000000000e+08
1.419090980000000000e+08
1.389795620000000000e+08
1.417528830000000000e+08
1.446161060000000000e+08
1.414820690000000000e+08
1.502995760000000000e+08
1.503236840000000000e+08
1.393691070000000000e+08
1.502447200000000000e+08
1.444835680000000000e+08
1.496023080000000000e+08
1.237969650000000000e+08
1.187909920000000000e+08
1.496280340000000000e+08
1.405033110000000000e+08
1.421447290000000000e+08
1.496030710000000000e+08
1.534980310000000000e+08
1.303767270000000000e+08
1.394133250000000000e+08
1.420490250000000000e+08
1.478532040000000000e+08
1.414220960000000000e+08
1.024572040000000000e+08
1.495736590000000000e+08
1.007767050000000000e+08
1.248433100000000000e+08
1.503561350000000000e+08
1.411863250000000000e+08
1.238464580000000000e+08
1.496312890000000000e+08
1.494493850000000000e+08
1.402854530000000000e+08
1.119930400000000000e+07
1.409388040000000000e+08
1.006799660000000000e+08
1.501500950000000000e+08
1.493083170000000000e+08
1.421079220000000000e+08
1.177422890000000000e+08
1.239797540000000000e+08
1.412677910000000000e+08
1.495745420000000000e+08
1.193620090000000000e+08
1.248460280000000000e+08
1.007271840000000000e+08
1.195182890000000000e+08
1.240793060000000000e+08
1.244112430000000000e+08
1.343602340000000000e+08
1.243802100000000000e+08
1.511731710000000000e+08
1.445181010000000000e+08
1.502737120000000000e+08
1.411265590000000000e+08
1.189583900000000000e+07
1.493037660000000000e+08
1.431460720000000000e+08
1.515818980000000000e+08
1.420487460000000000e+08
1.205449540000000000e+08
1.417594700000000000e+07
1.393693330000000000e+08
1.422217000000000000e+07
1.192923280000000000e+08
1.431415910000000000e+08
1.006595900000000000e+08
1.425339330000000000e+08
1.194603100000000000e+08
1.248472750000000000e+08
1.493894190000000000e+08
1.193267540000000000e+08
1.503201780000000000e+08
1.433159940000000000e+08
1.421426020000000000e+08
1.206643740000000000e+08
1.493905650000000000e+08
1.433361320000000000e+08
1.513567780000000000e+08
1.240257060000000000e+08
1.192908620000000000e+08
1.417572300000000000e+08
1.407990350000000000e+08
1.503236430000000000e+08
1.176695090000000000e+08
1.501401660000000000e+08
1.402877760000000000e+08
1.491561800000000000e+08
1.417714830000000000e+08
1.431712650000000000e+08
1.244360920000000000e+08
1.192458260000000000e+08
1.432352670000000000e+08
1.444855670000000000e+08
1.187161580000000000e+08
1.502505280000000000e+08
1.494975430000000000e+08
1.345422710000000000e+08
1.389056970000000000e+08
1.481316700000000000e+08
1.515627220000000000e+08
1.427215820000000000e+08
1.482262980000000000e+08
1.499135980000000000e+08
1.491012260000000000e+08
1.413335910000000000e+08
1.419417080000000000e+08
1.402886780000000000e+08
1.306183270000000000e+08
1.409411530000000000e+08
1.501657350000000000e+08
1.237390470000000000e+08
1.496644230000000000e+08
1.411233490000000000e+08
1.496282160000000000e+08
1.193272780000000000e+08
1.431420220000000000e+08
1.394775750000000000e+08
1.240818700000000000e+08
1.515839240000000000e+08
1.007592830000000000e+08
1.249167500000000000e+08
1.417094360000000000e+08
1.501627390000000000e+08
1.405803360000000000e+08
1.246900440000000000e+08
1.482305360000000000e+08
1.420484470000000000e+08
1.492180720000000000e+08
1.187949140000000000e+08
1.388549830000000000e+08
1.482740980000000000e+08
1.495986760000000000e+08
1.491770490000000000e+08
1.404999410000000000e+08
1.495758100000000000e+08
1.408298640000000000e+08
1.482702910000000000e+08
1.208376630000000000e+08
1.342845330000000000e+08
1.531663810000000000e+08
1.005313980000000000e+08
1.491231400000000000e+08
1.469824920000000000e+08
1.515158090000000000e+08
1.409723680000000000e+08
1.492713030000000000e+08
1.025745740000000000e+08
1.242814350000000000e+08
1.491073600000000000e+08
1.006090050000000000e+08
1.504407550000000000e+08
1.006570560000000000e+08
1.500985420000000000e+08
1.417091010000000000e+08
1.237938760000000000e+08
1.511102660000000000e+08
1.238372930000000000e+08
1.417572940000000000e+08
1.479769110000000000e+08
1.406083260000000000e+08
1.499140720000000000e+08
1.492186830000000000e+08
1.431224180000000000e+08
1.477663840000000000e+08
1.005935180000000000e+08
1.141322700000000000e+07
1.006833650000000000e+08
1.388527780000000000e+08
1.482288890000000000e+08
1.493482570000000000e+08
1.005130260000000000e+08
1.420183280000000000e+08
1.484615630000000000e+08
1.500643910000000000e+08
1.394465570000000000e+08
1.491057810000000000e+08
1.249404960000000000e+08
1.446678020000000000e+08
1.480970130000000000e+08
1.192469460000000000e+08
1.244072550000000000e+08
1.501022270000000000e+08
1.445015200000000000e+08
1.531837450000000000e+08
1.178202360000000000e+08
1.223504800000000000e+07
1.201610130000000000e+08
1.203915890000000000e+08
1.388997130000000000e+08
1.432160390000000000e+08
1.499025390000000000e+08
1.192417700000000000e+08
1.414804340000000000e+08
1.531846160000000000e+08
1.495390160000000000e+08
1.409978180000000000e+08
1.484073010000000000e+08
1.432811060000000000e+08
1.474312550000000000e+08
1.501657400000000000e+08
1.188681810000000000e+08
1.420817110000000000e+08
1.305754470000000000e+08
1.247529800000000000e+08
1.406599780000000000e+08
1.409382470000000000e+08
1.480911290000000000e+08
1.503199680000000000e+08
1.273023900000000000e+08
1.241997880000000000e+08
1.419740660000000000e+08
1.235701120000000000e+08
1.414803940000000000e+08
1.005940510000000000e+08
1.482321010000000000e+08
1.433379410000000000e+08
1.389004530000000000e+08
1.239038120000000000e+08
1.305791190000000000e+08
1.420854910000000000e+08
1.444865580000000000e+08
1.431066920000000000e+08
1.419770860000000000e+08
1.005899040000000000e+08
1.432711440000000000e+08
1.193752940000000000e+08
1.189991900000000000e+07
1.501449410000000000e+08
1.410970270000000000e+08
1.417556000000000000e+08
1.414801760000000000e+08
1.490374520000000000e+08
1.410250900000000000e+08
1.445180970000000000e+08
1.502753090000000000e+08
1.472516380000000000e+08
1.424038940000000000e+08
1.417722920000000000e+08
1.236243990000000000e+08
1.495405250000000000e+08
1.493466750000000000e+08
1.499708750000000000e+08
1.431443590000000000e+08
1.493043130000000000e+08
1.244292430000000000e+08
1.412128810000000000e+08
1.416854650000000000e+08
1.491266220000000000e+08
1.419765980000000000e+08
1.421460510000000000e+08
1.512836500000000000e+08
1.302599470000000000e+08
1.411553520000000000e+08
1.394791100000000000e+08
1.514695350000000000e+08
1.496290770000000000e+08
1.495764130000000000e+08
1.341720830000000000e+08
1.405807170000000000e+08
1.022883690000000000e+08
1.412104480000000000e+08
1.406082300000000000e+08
1.414117130000000000e+08
1.303757470000000000e+08
1.412692170000000000e+08
1.406335680000000000e+08
1.417658360000000000e+08
1.494731710000000000e+08
1.417577320000000000e+08
1.304166870000000000e+08
1.431417880000000000e+08
1.501056030000000000e+08
1.388574750000000000e+08
1.484056840000000000e+08
1.008325210000000000e+08
1.414727770000000000e+08
1.007582000000000000e+08
1.418238820000000000e+08
1.494238510000000000e+08
1.346311160000000000e+08
1.405108620000000000e+08
1.235707750000000000e+08
1.433499720000000000e+08
1.176678200000000000e+08
1.402837770000000000e+08
1.416199100000000000e+07
1.500652440000000000e+08
1.532122080000000000e+08
1.405999720000000000e+08
1.431210060000000000e+08
1.483354090000000000e+08
1.513562060000000000e+08
1.200840850000000000e+08
1.495390580000000000e+08
1.424094000000000000e+08
1.511063020000000000e+08
1.192874370000000000e+08
1.494733940000000000e+08
1.247769700000000000e+08
1.410301680000000000e+08
1.249879540000000000e+08
1.305723740000000000e+08
1.504320790000000000e+08
1.395879760000000000e+08
1.402104970000000000e+08
1.424613050000000000e+08
1.006789880000000000e+08
1.119388200000000000e+07
1.478039900000000000e+08
1.193295710000000000e+08
1.247502380000000000e+08
1.419092810000000000e+08
1.493476290000000000e+08
1.408932380000000000e+08
1.419454650000000000e+08
1.406904280000000000e+08
1.405806340000000000e+08
1.120148700000000000e+07
1.431784380000000000e+08
1.531214160000000000e+08
1.240812170000000000e+08
1.447345990000000000e+08
1.512399090000000000e+08
1.342001850000000000e+08
1.396476500000000000e+08
1.444988130000000000e+08
1.394749710000000000e+08
1.503591980000000000e+08
1.446645810000000000e+08
1.389364460000000000e+08
1.492489690000000000e+08
1.493081750000000000e+08
1.341995830000000000e+08
1.406306350000000000e+08
1.243860170000000000e+08
1.418705890000000000e+08
1.493882650000000000e+08
1.534961070000000000e+08
1.420874510000000000e+08
1.007258100000000000e+08
1.490595840000000000e+08
1.403383370000000000e+08
1.491039410000000000e+08
1.515879250000000000e+08
1.493920920000000000e+08
1.141100200000000000e+07
1.405808750000000000e+08
1.503233340000000000e+08
1.177687150000000000e+08
1.193713670000000000e+08
1.135750100000000000e+07
1.502497710000000000e+08
1.494992920000000000e+08
1.249235400000000000e+08
1.246570010000000000e+08
1.444867860000000000e+08
1.416496100000000000e+07
1.483428470000000000e+08
1.480978470000000000e+08
1.394751020000000000e+08
1.492204450000000000e+08
1.500989790000000000e+08
1.402808870000000000e+08
1.419759030000000000e+08
1.421076180000000000e+08
1.409716840000000000e+08
1.406874460000000000e+08
1.396467680000000000e+08
1.188739040000000000e+08
1.492183500000000000e+08
1.417573260000000000e+08
1.394103300000000000e+08
1.243160090000000000e+08
1.495398420000000000e+08
1.186555490000000000e+08
1.195237100000000000e+08
1.495427090000000000e+08
1.025713470000000000e+08
1.496026150000000000e+08
1.493925740000000000e+08
1.249880960000000000e+08
1.501660910000000000e+08
1.411217930000000000e+08
1.420860810000000000e+08
1.342200570000000000e+08
1.478572660000000000e+08
1.491763050000000000e+08
1.303731050000000000e+08
1.432077710000000000e+08
1.411241440000000000e+08
1.492531730000000000e+08
1.418688360000000000e+08
1.302913480000000000e+08
1.416472000000000000e+07
1.194898800000000000e+08
1.419115190000000000e+08
1.532111200000000000e+08
1.396736210000000000e+08
1.491610750000000000e+08
1.418114320000000000e+08
1.480435400000000000e+08
1.246885790000000000e+08
1.490373630000000000e+08
1.408977320000000000e+08
1.005281100000000000e+08
1.394205270000000000e+08
1.006119360000000000e+08
1.176667590000000000e+08
1.400365200000000000e+07
1.305747050000000000e+08
1.402842370000000000e+08
1.272334530000000000e+08
1.502744870000000000e+08
1.426084860000000000e+08
1.022852360000000000e+08
1.421445940000000000e+08
1.389358700000000000e+08
1.412814950000000000e+08
1.192878370000000000e+08
1.431200660000000000e+08
1.235860800000000000e+08
1.472616410000000000e+08
1.005128670000000000e+08
1.494979040000000000e+08
1.501075390000000000e+08
1.344985530000000000e+08
1.470317450000000000e+08
1.432805490000000000e+08
1.495014850000000000e+08
1.504418100000000000e+08
1.515106830000000000e+08
1.481258550000000000e+08
1.418262290000000000e+08
1.235738820000000000e+08
1.409715450000000000e+08
1.432714460000000000e+08
1.495398940000000000e+08
1.406889410000000000e+08
1.408947030000000000e+08
1.238382540000000000e+08
1.503599820000000000e+08
1.500329830000000000e+08
1.416257100000000000e+07
1.421482280000000000e+08
1.493517760000000000e+08
1.406612890000000000e+08
1.499023660000000000e+08
1.405798470000000000e+08
1.237398570000000000e+08
1.447731660000000000e+08
1.418658750000000000e+08
1.416267830000000000e+08
1.129388200000000000e+07
1.406334730000000000e+08
1.405766500000000000e+08
1.389059270000000000e+08
1.482275840000000000e+08
1.005911860000000000e+08
1.417643500000000000e+07
1.405640360000000000e+08
1.140569400000000000e+07
1.198522040000000000e+08
1.499032500000000000e+08
1.493025520000000000e+08
1.502709770000000000e+08
1.445002490000000000e+08
1.186591790000000000e+08
1.238967360000000000e+08
1.417365200000000000e+07
1.492744220000000000e+08
1.406361620000000000e+08
1.247740200000000000e+08
1.022104110000000000e+08
1.236259700000000000e+08
1.007769870000000000e+08
1.514710050000000000e+08
1.005093550000000000e+08
1.240792370000000000e+08
1.247486860000000000e+08
1.130013600000000000e+07
1.194410290000000000e+08
1.414139320000000000e+08
1.342839980000000000e+08
1.501855810000000000e+08
1.479490430000000000e+08
1.414253490000000000e+08
1.410962700000000000e+08
1.501087110000000000e+08
1.236290200000000000e+08
1.247749170000000000e+08
1.239807370000000000e+08
1.129591200000000000e+07
1.418237750000000000e+08
1.388553630000000000e+08
1.405771340000000000e+08
1.389058030000000000e+08
1.194927020000000000e+08
1.195229090000000000e+08
1.408016830000000000e+08
1.237449950000000000e+08
1.409462370000000000e+08
1.215957600000000000e+07
1.504419050000000000e+08
1.430785570000000000e+08
1.469833580000000000e+08
1.418241500000000000e+08
1.411875700000000000e+08
1.502720640000000000e+08
1.408998250000000000e+08
1.406579310000000000e+08
1.491254180000000000e+08
1.501855860000000000e+08
1.249193630000000000e+08
1.410923690000000000e+08
1.504316590000000000e+08
1.388283820000000000e+08
1.531684660000000000e+08
1.196318990000000000e+08
1.247793940000000000e+08
1.306465250000000000e+08
1.431736580000000000e+08
1.445190590000000000e+08
1.204540690000000000e+08
1.483210010000000000e+08
1.244300880000000000e+08
1.302971530000000000e+08
1.342912020000000000e+08
1.512908730000000000e+08
1.408264380000000000e+08
1.246864820000000000e+08
1.503216630000000000e+08
1.244947470000000000e+08
1.405991250000000000e+08
1.394108790000000000e+08
1.501918810000000000e+08
1.413342930000000000e+08
1.207461900000000000e+08
1.479777480000000000e+08
1.411272530000000000e+08
1.433760690000000000e+08
1.410936930000000000e+08
1.414223390000000000e+08
1.503226520000000000e+08
1.504304040000000000e+08
1.502454300000000000e+08
1.421065810000000000e+08
1.420855690000000000e+08
1.192888570000000000e+08
1.423114400000000000e+07
1.502509590000000000e+08
1.496008460000000000e+08
1.418708310000000000e+08
1.334531100000000000e+07
1.193644630000000000e+08
1.477999100000000000e+08
1.483350500000000000e+08
1.411212360000000000e+08
1.129202900000000000e+07
1.408943540000000000e+08
1.408598220000000000e+08
1.194080610000000000e+08
1.470336080000000000e+08
1.407601640000000000e+08
1.491213850000000000e+08
1.499026580000000000e+08
1.177684410000000000e+08
1.243241730000000000e+08
1.501879080000000000e+08
1.240352880000000000e+08
1.502469250000000000e+08
1.200152820000000000e+08
1.504421520000000000e+08
1.494443410000000000e+08
1.432797340000000000e+08
1.432347410000000000e+08
1.238530660000000000e+08
1.005325200000000000e+08
1.414290300000000000e+08
1.006843160000000000e+08
1.011425020000000000e+08
1.493467520000000000e+08
1.129961900000000000e+07
1.414137060000000000e+08
1.427222190000000000e+08
1.433391150000000000e+08
1.249886870000000000e+08
1.479756410000000000e+08
1.491027230000000000e+08
1.503231380000000000e+08
1.502717800000000000e+08
1.420191710000000000e+08
1.242496870000000000e+08
1.479994470000000000e+08
1.236667750000000000e+08
1.416241100000000000e+07
1.492534090000000000e+08
1.177703010000000000e+08
1.243830720000000000e+08
1.504426580000000000e+08
1.447762810000000000e+08
1.501676430000000000e+08
1.432161190000000000e+08
1.409978600000000000e+08
1.192897520000000000e+08
1.343558620000000000e+08
1.492507530000000000e+08
1.244951750000000000e+08
1.422080400000000000e+07
1.501015640000000000e+08
1.501036500000000000e+08
1.005130220000000000e+08
1.006077410000000000e+08
1.431463790000000000e+08
1.129283400000000000e+07
1.416523400000000000e+07
1.238461060000000000e+08
1.492173420000000000e+08
1.501664650000000000e+08
1.128417600000000000e+07
1.344326860000000000e+08
1.129896900000000000e+07
1.502709790000000000e+08
1.405796740000000000e+08
1.427201560000000000e+08
1.145452500000000000e+07
1.430782530000000000e+08
1.398431700000000000e+07
1.491600580000000000e+08
1.418241220000000000e+08
1.481320650000000000e+08
1.418264950000000000e+08
1.447731140000000000e+08
1.186565910000000000e+08
1.343587750000000000e+08
1.341752270000000000e+08
1.446155360000000000e+08
1.413355530000000000e+08
1.504401760000000000e+08
1.418062920000000000e+08
1.482295630000000000e+08
1.193616710000000000e+08
1.302954910000000000e+08
1.431692880000000000e+08
1.503616160000000000e+08
1.408030800000000000e+08
1.395878640000000000e+08
1.406089050000000000e+08
1.145531900000000000e+07
1.501873820000000000e+08
1.501418980000000000e+08
1.491800760000000000e+08
1.423995280000000000e+08
1.480967080000000000e+08
1.271908450000000000e+08
1.247779540000000000e+08
1.495381230000000000e+08
1.007785120000000000e+08
1.419762470000000000e+08
1.431695660000000000e+08
1.004788490000000000e+08
1.504382370000000000e+08
1.128414300000000000e+07
1.249875250000000000e+08
1.484651720000000000e+08
1.500627720000000000e+08
1.239332900000000000e+08
1.136147300000000000e+07
1.491242180000000000e+08
1.444841860000000000e+08
1.418092200000000000e+08
1.495031440000000000e+08
1.236303540000000000e+08
1.493477720000000000e+08
1.005925400000000000e+08
1.504435130000000000e+08
1.496255800000000000e+08
1.237994300000000000e+08
1.491759650000000000e+08
1.480964560000000000e+08
1.145811600000000000e+07
1.235694930000000000e+08
1.394763710000000000e+08
1.304147290000000000e+08
1.491786750000000000e+08
1.484765980000000000e+08
1.192470550000000000e+08
1.243119380000000000e+08
1.444876100000000000e+08
1.025764370000000000e+08
1.501014720000000000e+08
1.482309000000000000e+08
1.176691860000000000e+08
1.236244730000000000e+08
1.491073890000000000e+08
1.413351000000000000e+08
1.516280560000000000e+08
1.177683020000000000e+08
1.236310870000000000e+08
1.237960000000000000e+08
1.494738390000000000e+08
1.419139940000000000e+08
1.410953590000000000e+08
1.407589530000000000e+08
1.444985900000000000e+08
1.007780190000000000e+08
1.530955970000000000e+08
1.409389750000000000e+08
1.444868440000000000e+08
1.492197290000000000e+08
1.417693560000000000e+08
1.479780820000000000e+08
1.177366680000000000e+08
1.408581400000000000e+08
1.248534230000000000e+08
1.403449360000000000e+08
1.236296320000000000e+08
1.410946720000000000e+08
1.418238810000000000e+08
1.303382740000000000e+08
1.344683980000000000e+08
1.193639790000000000e+08
1.447040370000000000e+08
1.501391820000000000e+08
1.493479480000000000e+08
1.515151010000000000e+08
1.431687400000000000e+08
1.006123560000000000e+08
1.421053080000000000e+08
1.414809530000000000e+08
1.412168200000000000e+08
1.480021420000000000e+08
1.006844290000000000e+08
1.240347470000000000e+08
1.493020860000000000e+08
1.128325800000000000e+07
1.445009710000000000e+08
1.304208330000000000e+08
1.535413890000000000e+08
1.341745710000000000e+08
1.494498050000000000e+08
1.503950090000000000e+08
1.005929350000000000e+08
1.502491550000000000e+08
1.344979060000000000e+08
1.503207120000000000e+08
1.007606010000000000e+08
1.005121210000000000e+08
1.432043590000000000e+08
1.494205960000000000e+08
1.503011090000000000e+08
1.431048650000000000e+08
1.500349480000000000e+08
1.145261700000000000e+07
1.249375150000000000e+08
1.410269030000000000e+08
1.503569060000000000e+08
1.417572100000000000e+07
1.478001690000000000e+08
1.445204000000000000e+08
1.433505840000000000e+08
1.416851800000000000e+08
1.501434240000000000e+08
1.243778250000000000e+08
1.504378990000000000e+08
1.424060460000000000e+08
1.177396300000000000e+08
1.422229100000000000e+07
1.421078210000000000e+08
1.304717210000000000e+08
1.479489280000000000e+08
1.006080260000000000e+08
1.493475340000000000e+08
1.501887580000000000e+08
1.494976620000000000e+08
1.503902600000000000e+08
1.240834100000000000e+08
1.119485200000000000e+07
1.495732640000000000e+08
1.416272370000000000e+08
1.178815430000000000e+08
1.504304310000000000e+08
1.494506120000000000e+08
1.306467230000000000e+08
1.193257530000000000e+08
1.239026050000000000e+08
1.247472830000000000e+08
1.496307540000000000e+08
1.334579400000000000e+07
1.493067690000000000e+08
1.496011560000000000e+08
1.447279160000000000e+08
1.410960710000000000e+08
1.512395710000000000e+08
1.478993790000000000e+08
1.342265730000000000e+08
1.243133320000000000e+08
1.389005990000000000e+08
1.421492420000000000e+08
1.249374360000000000e+08
1.341712260000000000e+08
1.417562130000000000e+08
1.006129030000000000e+08
1.402085590000000000e+08
1.504277900000000000e+08
1.419744950000000000e+08
1.303703780000000000e+08
1.501065530000000000e+08
1.194457810000000000e+08
1.128756100000000000e+07
1.395398220000000000e+08
1.425340820000000000e+08
1.420836290000000000e+08
1.247733090000000000e+08
1.503240860000000000e+08
1.188717650000000000e+08
1.405981790000000000e+08
1.402136350000000000e+08
1.447754730000000000e+08
1.005099400000000000e+08
1.501445700000000000e+08
1.341979690000000000e+08
1.496306770000000000e+08
1.145579200000000000e+07
1.502463940000000000e+08
1.396756400000000000e+08
1.423298500000000000e+07
1.417707300000000000e+07
1.120135100000000000e+07
1.393966940000000000e+08
1.446166860000000000e+08
1.247740690000000000e+08
1.177689570000000000e+08
1.484918340000000000e+08
1.409330300000000000e+07
1.444991960000000000e+08
1.396743170000000000e+08
1.398485400000000000e+07
1.303368190000000000e+08
1.405110690000000000e+08
1.495991890000000000e+08
1.478051460000000000e+08
1.479722170000000000e+08
1.006795590000000000e+08
1.419779320000000000e+08
1.413336770000000000e+08
1.423293900000000000e+07
1.129937100000000000e+07
1.425330490000000000e+08
1.406878260000000000e+08
1.431086550000000000e+08
1.136238600000000000e+07
1.496011400000000000e+08
1.408615480000000000e+08
1.403393390000000000e+08
1.304222540000000000e+08
1.503914360000000000e+08
1.494976740000000000e+08
1.005278180000000000e+08
1.345429550000000000e+08
1.129515900000000000e+07
1.411263970000000000e+08
1.409004580000000000e+08
1.501626970000000000e+08
1.237256420000000000e+08
1.400380600000000000e+07
1.194028530000000000e+08
1.515847980000000000e+08
1.511745870000000000e+08
1.504424970000000000e+08
1.504302750000000000e+08
1.490606530000000000e+08
1.491607780000000000e+08
1.342830260000000000e+08
1.402159240000000000e+08
1.471274460000000000e+08
1.405740050000000000e+08
1.482741360000000000e+08
1.481805100000000000e+08
1.426043530000000000e+08
1.531812760000000000e+08
1.405076890000000000e+08
1.504308290000000000e+08
1.410966350000000000e+08
1.483989630000000000e+08
1.503581470000000000e+08
1.501855740000000000e+08
1.482328640000000000e+08
1.411519530000000000e+08
1.494448680000000000e+08
1.493926710000000000e+08
1.481287810000000000e+08
1.244940150000000000e+08
1.501650180000000000e+08
1.499021760000000000e+08
1.494445450000000000e+08
1.491744940000000000e+08
1.241880030000000000e+08
1.495417800000000000e+08
1.023287980000000000e+08
1.420513490000000000e+08
1.418230200000000000e+08
1.136063600000000000e+07
1.129721600000000000e+07
1.188734960000000000e+08
1.406599800000000000e+08
1.501072210000000000e+08
1.482280190000000000e+08
1.405805950000000000e+08
1.496301170000000000e+08
1.531671800000000000e+08
1.414727170000000000e+08
1.491758590000000000e+08
1.402810930000000000e+08
1.420873400000000000e+08
1.129971700000000000e+07
1.422359800000000000e+07
1.419779350000000000e+08
1.244918830000000000e+08
1.194068120000000000e+08
1.492188900000000000e+08
1.484073530000000000e+08
1.237939000000000000e+08
1.503891420000000000e+08
1.501016880000000000e+08
1.512851230000000000e+08
1.408565060000000000e+08
1.419101780000000000e+08
1.494495300000000000e+08
1.419112010000000000e+08
1.395428660000000000e+08
1.024514020000000000e+08
1.011456480000000000e+08
1.389782370000000000e+08
1.421098740000000000e+08
1.202651670000000000e+08
1.120126300000000000e+07
1.491766840000000000e+08
1.406301240000000000e+08
1.408512800000000000e+07
1.478510860000000000e+08
1.393712650000000000e+08
1.532106240000000000e+08
1.417554140000000000e+08
1.501886630000000000e+08
1.175459300000000000e+07
1.199416610000000000e+08
1.482253090000000000e+08
1.249882130000000000e+08
1.494231740000000000e+08
1.007242370000000000e+08
1.022821360000000000e+08
1.471252930000000000e+08
1.177423380000000000e+08
1.189388580000000000e+08
1.492526700000000000e+08
1.120191500000000000e+07
1.412163980000000000e+08
1.406320800000000000e+08
1.445431420000000000e+08
1.494793520000000000e+08
1.006562250000000000e+08
1.503903270000000000e+08
1.119908600000000000e+07
1.302943070000000000e+08
1.504428410000000000e+08
1.239044300000000000e+08
1.418699670000000000e+08
1.342005200000000000e+08
1.411552640000000000e+08
1.243140310000000000e+08
1.192389600000000000e+08
1.501422070000000000e+08
1.402887090000000000e+08
1.177712130000000000e+08
1.503943610000000000e+08
1.493484880000000000e+08
1.199300630000000000e+08
1.491551980000000000e+08
1.402162180000000000e+08
1.502716800000000000e+08
1.490597730000000000e+08
1.419454700000000000e+08
1.431037680000000000e+08
1.504315180000000000e+08
1.420825480000000000e+08
1.500642380000000000e+08
1.140375500000000000e+07
1.420178260000000000e+08
1.194443960000000000e+08
1.249848540000000000e+08
1.420847620000000000e+08
1.236628750000000000e+08
1.341716890000000000e+08
1.484792780000000000e+08
1.405649860000000000e+08
1.446985600000000000e+08
1.495418410000000000e+08
1.416856430000000000e+08
1.243260860000000000e+08
1.433755300000000000e+08
1.503906190000000000e+08
1.389416830000000000e+08
1.197443780000000000e+08
1.194952660000000000e+08
1.408900280000000000e+08
1.402135900000000000e+08
1.177419520000000000e+08
1.478033730000000000e+08
1.479065060000000000e+08
1.492184970000000000e+08
1.495988620000000000e+08
1.490376410000000000e+08
1.421072190000000000e+08
1.237617520000000000e+08
1.246558800000000000e+08
1.445004310000000000e+08
1.414257020000000000e+08
1.128423900000000000e+07
1.240269580000000000e+08
1.447347690000000000e+08
1.503206200000000000e+08
1.342217820000000000e+08
1.414142170000000000e+08
1.005115670000000000e+08
1.530959220000000000e+08
1.178172580000000000e+08
1.407619480000000000e+08
1.446968720000000000e+08
1.419797390000000000e+08
1.412127200000000000e+08
1.303691390000000000e+08
1.119853200000000000e+07
1.504322110000000000e+08
1.189613500000000000e+07
1.495726460000000000e+08
1.416278460000000000e+08
1.483372240000000000e+08
1.534905580000000000e+08
1.501071760000000000e+08
1.006798480000000000e+08
1.417551630000000000e+08
1.303374820000000000e+08
1.193057860000000000e+08
1.445164760000000000e+08
1.406584840000000000e+08
1.492489320000000000e+08
1.406356460000000000e+08
1.479777500000000000e+08
1.394105370000000000e+08
1.503011890000000000e+08
1.195226730000000000e+08
1.343574880000000000e+08
1.532130750000000000e+08
1.514027630000000000e+08
1.408123900000000000e+07
1.503572900000000000e+08
1.405975180000000000e+08
1.239825950000000000e+08
1.007757940000000000e+08
1.421058820000000000e+08
1.502753600000000000e+08
1.190263160000000000e+08
1.482740550000000000e+08
1.412820970000000000e+08
1.491245360000000000e+08
1.493036480000000000e+08
1.235879260000000000e+08
1.411275410000000000e+08
1.484912930000000000e+08
1.409987450000000000e+08
1.502711690000000000e+08
1.420146180000000000e+08
1.432746730000000000e+08
1.393694330000000000e+08
1.238537060000000000e+08
1.006609480000000000e+08
1.305793920000000000e+08
1.409163300000000000e+07
1.008328810000000000e+08
1.243824100000000000e+08
1.418253690000000000e+08
1.503564060000000000e+08
1.414729110000000000e+08
1.494493880000000000e+08
1.446969180000000000e+08
1.234596630000000000e+08
1.494208960000000000e+08
1.195198670000000000e+08
1.483359780000000000e+08
1.415307000000000000e+08
1.501001060000000000e+08
1.484009920000000000e+08
1.186554430000000000e+08
1.501034720000000000e+08
1.243855920000000000e+08
1.493471030000000000e+08
1.419802950000000000e+08
1.421066240000000000e+08
1.405773630000000000e+08
1.503221960000000000e+08
1.245031620000000000e+08
1.302954560000000000e+08
1.494979800000000000e+08
1.493077800000000000e+08
1.515828750000000000e+08
1.187132070000000000e+08
1.501431370000000000e+08
1.494497950000000000e+08
1.006662520000000000e+08
1.492519110000000000e+08
1.412720040000000000e+08
1.501426530000000000e+08
1.499301500000000000e+08
1.480929190000000000e+08
1.389405190000000000e+08
1.145271900000000000e+07
1.430954300000000000e+08
1.238366890000000000e+08
1.177706290000000000e+08
1.196352310000000000e+08
1.237964390000000000e+08
1.490393720000000000e+08
1.417560710000000000e+08
1.417083350000000000e+08
1.409433230000000000e+08
1.005278240000000000e+08
1.417699830000000000e+08
1.140056200000000000e+07
1.388558030000000000e+08
1.246844610000000000e+08
1.493461630000000000e+08
1.419444880000000000e+08
1.405275540000000000e+08
1.445200450000000000e+08
1.240354680000000000e+08
1.501673190000000000e+08
1.406307920000000000e+08
1.493015750000000000e+08
1.411226770000000000e+08
1.245443850000000000e+08
1.345003180000000000e+08
1.344679690000000000e+08
1.480022030000000000e+08
1.501072140000000000e+08
1.388541850000000000e+08
1.420526080000000000e+08
1.502732540000000000e+08
1.445178630000000000e+08
1.484665730000000000e+08
1.419094810000000000e+08
1.417110080000000000e+08
1.246908420000000000e+08
1.494236940000000000e+08
1.414828020000000000e+08
1.025758590000000000e+08
1.193782810000000000e+08
1.007753800000000000e+08
1.416255600000000000e+07
1.419140820000000000e+08
1.482776920000000000e+08
1.411561050000000000e+08
1.431436770000000000e+08
1.503611040000000000e+08
1.405994710000000000e+08
1.402145760000000000e+08
1.243790560000000000e+08
1.479412960000000000e+08
1.416806810000000000e+08
1.402953200000000000e+07
1.491007640000000000e+08
1.426716350000000000e+08
1.243188790000000000e+08
1.395463160000000000e+08
1.492160240000000000e+08
1.481823850000000000e+08
1.394771060000000000e+08
1.406301160000000000e+08
1.494979240000000000e+08
1.235494900000000000e+08
1.494496150000000000e+08
1.494776130000000000e+08
1.216531000000000000e+07
1.022148340000000000e+08
1.503213300000000000e+08
1.419429110000000000e+08
1.235561450000000000e+08
1.398515500000000000e+07
1.389369940000000000e+08
1.305140060000000000e+08
1.406358090000000000e+08
1.239269500000000000e+08
1.420827960000000000e+08
1.405984640000000000e+08
1.492531540000000000e+08
1.304211470000000000e+08
1.503617510000000000e+08
1.416323500000000000e+07
1.484770340000000000e+08
1.238860460000000000e+08
1.501667110000000000e+08
1.305736760000000000e+08
1.501880710000000000e+08
1.445196610000000000e+08
1.302974250000000000e+08
1.421046860000000000e+08
1.492526150000000000e+08
1.406096480000000000e+08
1.502481330000000000e+08
1.503930640000000000e+08
1.421468350000000000e+08
1.502454030000000000e+08
1.406325710000000000e+08
1.491745760000000000e+08
1.411287730000000000e+08
1.194468790000000000e+08
1.393968050000000000e+08
1.419107900000000000e+08
1.249208250000000000e+08
1.236638050000000000e+08
1.119920100000000000e+07
1.503607660000000000e+08
1.494231110000000000e+08
1.305729240000000000e+08
1.412699640000000000e+08
1.515847250000000000e+08
1.406361560000000000e+08
1.495425380000000000e+08
1.409388880000000000e+08
1.304161570000000000e+08
1.402845380000000000e+08
1.483160070000000000e+08
1.417701980000000000e+08
1.006081780000000000e+08
1.394201920000000000e+08
1.410297120000000000e+08
1.433796220000000000e+08
1.006112370000000000e+08
1.388593300000000000e+08
1.199357890000000000e+08
1.388992130000000000e+08
1.243810100000000000e+08
1.494729070000000000e+08
1.408941850000000000e+08
1.388558530000000000e+08
1.243818030000000000e+08
1.432322200000000000e+08
1.140171300000000000e+07
1.414235360000000000e+08
1.483174740000000000e+08
1.503931910000000000e+08
1.501636950000000000e+08
1.470377590000000000e+08
1.496252540000000000e+08
1.421091850000000000e+08
1.243187450000000000e+08
1.423553200000000000e+08
1.503931400000000000e+08
1.234609270000000000e+08
1.200249460000000000e+08
1.248427390000000000e+08
1.495020010000000000e+08
1.481309370000000000e+08
1.199422530000000000e+08
1.237414750000000000e+08
1.198441520000000000e+08
1.494737820000000000e+08
1.492732990000000000e+08
1.238478620000000000e+08
1.481271430000000000e+08
1.304678370000000000e+08
1.493937810000000000e+08
1.394225060000000000e+08
1.432047390000000000e+08
1.479048160000000000e+08
1.491567480000000000e+08
1.501648750000000000e+08
1.394122320000000000e+08
1.389026060000000000e+08
1.433148440000000000e+08
1.187918850000000000e+08
1.495721600000000000e+08
1.196303160000000000e+08
1.484877590000000000e+08
1.495734370000000000e+08
1.411274350000000000e+08
1.406918430000000000e+08
1.491759110000000000e+08
1.271894520000000000e+08
1.501887590000000000e+08
1.491547170000000000e+08
1.469156270000000000e+08
1.501006270000000000e+08
1.305770910000000000e+08
1.244084130000000000e+08
1.193642790000000000e+08
1.496003760000000000e+08
1.490391160000000000e+08
1.501645230000000000e+08
1.420870470000000000e+08
1.468799030000000000e+08
1.503911180000000000e+08
1.492743670000000000e+08
1.482313970000000000e+08
1.187898620000000000e+08
1.408959830000000000e+08
1.406589820000000000e+08
1.414713570000000000e+08
1.408971620000000000e+08
1.490599500000000000e+08
1.412566100000000000e+07
1.419805170000000000e+08
1.423994920000000000e+08
1.239256850000000000e+08
1.243856710000000000e+08
1.004796600000000000e+08
1.499143290000000000e+08
1.500670870000000000e+08
1.502493670000000000e+08
1.237299250000000000e+08
1.140442500000000000e+07
1.494795100000000000e+08
1.409328200000000000e+07
1.495719300000000000e+08
1.483232860000000000e+08
1.501857220000000000e+08
1.501897450000000000e+08
1.510616680000000000e+08
1.194432780000000000e+08
1.444620420000000000e+08
1.503931980000000000e+08
1.305726340000000000e+08
1.483199130000000000e+08
1.504427480000000000e+08
1.408287510000000000e+08
1.479042440000000000e+08
1.444617050000000000e+08
1.192333400000000000e+08
1.248438470000000000e+08
1.504299300000000000e+08
1.430756080000000000e+08
1.408576610000000000e+08
1.388593940000000000e+08
1.492477070000000000e+08
1.407600060000000000e+08
1.344711230000000000e+08
1.405809850000000000e+08
1.417131890000000000e+08
1.177700220000000000e+08
1.500992180000000000e+08
1.246893490000000000e+08
1.242785880000000000e+08
1.503904900000000000e+08
1.405968020000000000e+08
1.480430090000000000e+08
1.420816020000000000e+08
1.241010290000000000e+08
1.504305660000000000e+08
1.411235880000000000e+08
1.499022030000000000e+08
1.531646080000000000e+08
1.502496220000000000e+08
1.500651510000000000e+08
1.511112380000000000e+08
1.237991080000000000e+08
1.410281200000000000e+08
1.418114450000000000e+08
1.178199740000000000e+08
1.193035890000000000e+08
1.418078390000000000e+08
1.245455440000000000e+08
1.188714010000000000e+08
1.344322020000000000e+08
1.411210440000000000e+08
1.419750440000000000e+08
1.236294070000000000e+08
1.407616410000000000e+08
1.416800550000000000e+08
1.407575710000000000e+08
1.248551050000000000e+08
1.414357050000000000e+08
1.432349330000000000e+08
1.418051800000000000e+08
1.421427180000000000e+08
1.411224680000000000e+08
1.445001640000000000e+08
1.480398210000000000e+08
1.511075960000000000e+08
1.237266110000000000e+08
1.491213690000000000e+08
1.402845360000000000e+08
1.500659450000000000e+08
1.504392890000000000e+08
1.238430420000000000e+08
1.406361890000000000e+08
1.502507880000000000e+08
1.502743860000000000e+08
1.504317910000000000e+08
1.474364470000000000e+08
1.189325670000000000e+08
1.305757600000000000e+08
1.343552710000000000e+08
1.515608260000000000e+08
1.135962200000000000e+07
1.484900460000000000e+08
1.194937560000000000e+08
1.409682600000000000e+08
1.417135930000000000e+08
1.342902510000000000e+08
1.512410230000000000e+08
1.504308370000000000e+08
1.500645250000000000e+08
1.238488900000000000e+08
1.480952480000000000e+08
1.503891270000000000e+08
1.411538360000000000e+08
1.492743120000000000e+08
1.493915350000000000e+08
1.343163180000000000e+08
1.414238120000000000e+08
1.239762680000000000e+08
1.504318590000000000e+08
1.008324000000000000e+08
1.418109340000000000e+08
1.492699650000000000e+08
1.502454380000000000e+08
1.402128200000000000e+08
1.346312310000000000e+08
1.502478690000000000e+08
1.249360030000000000e+08
1.503015290000000000e+08
1.414697400000000000e+08
1.194092990000000000e+08
1.499135930000000000e+08
1.248449260000000000e+08
1.342002740000000000e+08
1.417527870000000000e+08
1.421096650000000000e+08
1.402849710000000000e+08
1.432342020000000000e+08
1.402098270000000000e+08
1.502721480000000000e+08
1.531237150000000000e+08
1.407547970000000000e+08
1.478560020000000000e+08
1.007223850000000000e+08
1.503009350000000000e+08
1.530962320000000000e+08
1.408198000000000000e+07
1.406058290000000000e+08
1.515606520000000000e+08
1.493474800000000000e+08
1.239267730000000000e+08
1.302969260000000000e+08
1.502493840000000000e+08
1.491749920000000000e+08
1.446996910000000000e+08
1.414265250000000000e+08
1.006660760000000000e+08
1.400260200000000000e+07
1.490371120000000000e+08
1.412684670000000000e+08
1.408420100000000000e+07
1.479740070000000000e+08
1.432713720000000000e+08
1.477999640000000000e+08
1.480967090000000000e+08
1.493915000000000000e+08
1.495999710000000000e+08
1.303356530000000000e+08
1.491051070000000000e+08
1.444994430000000000e+08
1.420522770000000000e+08
1.305146310000000000e+08
1.496266440000000000e+08
1.178183080000000000e+08
1.504311200000000000e+08
1.431683690000000000e+08
1.502457540000000000e+08
1.423278500000000000e+07
1.247529530000000000e+08
1.494771000000000000e+08
1.503592120000000000e+08
1.129589300000000000e+07
1.481246920000000000e+08
1.303337690000000000e+08
1.408984360000000000e+08
1.432035970000000000e+08
1.433351730000000000e+08
1.501472760000000000e+08
1.412809390000000000e+08
1.007790430000000000e+08
1.407617570000000000e+08
1.501444150000000000e+08
1.342212480000000000e+08
1.495421190000000000e+08
1.414230330000000000e+08
1.240797060000000000e+08
1.408993830000000000e+08
1.479477050000000000e+08
1.406884520000000000e+08
1.194472770000000000e+08
1.244330670000000000e+08
1.447368710000000000e+08
1.006108450000000000e+08
1.503574040000000000e+08
1.420193430000000000e+08
1.417719080000000000e+08
1.419449110000000000e+08
1.491772710000000000e+08
1.412712160000000000e+08
1.530965430000000000e+08
1.468729850000000000e+08
1.191635740000000000e+08
1.302972370000000000e+08
1.431709030000000000e+08
1.407552160000000000e+08
1.176231200000000000e+07
1.494977000000000000e+08
1.408715200000000000e+07
1.005278460000000000e+08
1.491207260000000000e+08
1.420158520000000000e+08
1.394097390000000000e+08
1.302981780000000000e+08
1.472516480000000000e+08
1.471846480000000000e+08
1.235556690000000000e+08
1.514120670000000000e+08
1.388291730000000000e+08
1.190684900000000000e+08
1.422326600000000000e+07
1.237270110000000000e+08
1.190241630000000000e+08
1.501004210000000000e+08
1.128484900000000000e+07
1.493942570000000000e+08
1.389361900000000000e+08
1.343554630000000000e+08
1.240816340000000000e+08
1.500683810000000000e+08
1.305167440000000000e+08
1.407588310000000000e+08
1.177680530000000000e+08
1.303717950000000000e+08
1.405973530000000000e+08
1.408038360000000000e+08
1.405965130000000000e+08
1.501103910000000000e+08
1.192867770000000000e+08
1.271041500000000000e+08
1.503933900000000000e+08
1.007238370000000000e+08
1.244892610000000000e+08
1.432092910000000000e+08
1.445188880000000000e+08
1.235708290000000000e+08
1.503592600000000000e+08
1.420858420000000000e+08
1.515622190000000000e+08
1.345454560000000000e+08
1.483381000000000000e+08
1.412119980000000000e+08
1.249226090000000000e+08
1.491206020000000000e+08
1.248543180000000000e+08
1.512872320000000000e+08
1.492691780000000000e+08
1.024127060000000000e+08
1.493886410000000000e+08
1.140090900000000000e+07
1.305131390000000000e+08
1.190284970000000000e+08
1.025472730000000000e+08
1.419416840000000000e+08
1.499024110000000000e+08
1.501687390000000000e+08
1.433762200000000000e+08
1.494236520000000000e+08
1.407606140000000000e+08
1.406342570000000000e+08
1.515157120000000000e+08
1.129692200000000000e+07
1.388274750000000000e+08
1.343130600000000000e+08
1.303750730000000000e+08
1.433494660000000000e+08
1.177679490000000000e+08
1.394117740000000000e+08
1.402814010000000000e+08
1.501899950000000000e+08
1.479466970000000000e+08
1.417649900000000000e+07
1.504315990000000000e+08
1.405810310000000000e+08
1.175845100000000000e+07
1.409698690000000000e+08
1.417579310000000000e+08
1.431072470000000000e+08
1.247478900000000000e+08
1.416246500000000000e+07
1.492203780000000000e+08
1.501458000000000000e+08
1.243813320000000000e+08
1.421057280000000000e+08
1.515639080000000000e+08
1.402155730000000000e+08
1.418099620000000000e+08
1.241044200000000000e+08
1.492516110000000000e+08
1.222904800000000000e+07
1.420828320000000000e+08
1.409691220000000000e+08
1.402861330000000000e+08
1.501090080000000000e+08
1.388994080000000000e+08
1.175663700000000000e+07
1.417722590000000000e+08
1.405804820000000000e+08
1.414718700000000000e+08
1.406093840000000000e+08
1.006816620000000000e+08
1.503595000000000000e+08
1.479023280000000000e+08
1.396417450000000000e+08
1.007596200000000000e+08
1.491561390000000000e+08
1.496003840000000000e+08
1.006109050000000000e+08
1.395853210000000000e+08
1.402140980000000000e+08
1.494232220000000000e+08
1.495431130000000000e+08
1.209653800000000000e+07
1.404398580000000000e+08
1.305150150000000000e+08
1.235692470000000000e+08
1.302587960000000000e+08
1.495439000000000000e+08
1.493050700000000000e+08
1.193307320000000000e+08
1.415303150000000000e+08
1.504332700000000000e+08
1.236652180000000000e+08
1.418054930000000000e+08
1.515611550000000000e+08
1.417121670000000000e+08
1.433514410000000000e+08
1.405042910000000000e+08
1.007613060000000000e+08
1.515609850000000000e+08
1.501015010000000000e+08
1.480980240000000000e+08
1.418676070000000000e+08
1.502991150000000000e+08
1.482750340000000000e+08
1.421424880000000000e+08
1.416872470000000000e+08
1.501016160000000000e+08
1.405649110000000000e+08
1.502456140000000000e+08
1.191698380000000000e+08
1.532090130000000000e+08
1.491248130000000000e+08
1.445171830000000000e+08
1.494734670000000000e+08
1.447746770000000000e+08
1.248536910000000000e+08
1.502502360000000000e+08
1.305142990000000000e+08
1.406352850000000000e+08
1.433788840000000000e+08
1.004811230000000000e+08
1.136215000000000000e+07
1.417579200000000000e+08
1.502756800000000000e+08
1.177390470000000000e+08
1.204514300000000000e+08
1.494977630000000000e+08
1.022088420000000000e+08
1.407548470000000000e+08
1.484901330000000000e+08
1.501886590000000000e+08
1.119734200000000000e+07
1.177424740000000000e+08
1.531659550000000000e+08
1.410289620000000000e+08
1.426661590000000000e+08
1.389412720000000000e+08
1.202626520000000000e+08
1.495392920000000000e+08
1.490378410000000000e+08
1.501879160000000000e+08
1.480399280000000000e+08
1.502732550000000000e+08
1.136104200000000000e+07
1.483361840000000000e+08
1.499146970000000000e+08
1.417094220000000000e+08
1.445186750000000000e+08
1.515640220000000000e+08
1.513627130000000000e+08
1.344331870000000000e+08
1.431473090000000000e+08
1.535363970000000000e+08
1.243119680000000000e+08
1.389407880000000000e+08
1.235458830000000000e+08
1.192864710000000000e+08
1.424659300000000000e+08
1.388528070000000000e+08
1.431034940000000000e+08
1.200199520000000000e+08
1.445023250000000000e+08
1.484074630000000000e+08
1.494506450000000000e+08
1.416802450000000000e+08
1.500651090000000000e+08
1.235519840000000000e+08
1.414122900000000000e+08
1.203273420000000000e+08
1.431678870000000000e+08
1.482740530000000000e+08
1.492522250000000000e+08
1.389798920000000000e+08
1.022097960000000000e+08
1.236253490000000000e+08
1.140604300000000000e+07
1.494975220000000000e+08
1.480474760000000000e+08
1.192884960000000000e+08
1.471744210000000000e+08
1.345015860000000000e+08
1.491075850000000000e+08
1.492725060000000000e+08
1.248498610000000000e+08
1.407970100000000000e+08
1.234618400000000000e+08
1.514654500000000000e+08
1.478559120000000000e+08
1.535455150000000000e+08
1.005906560000000000e+08
1.430928990000000000e+08
1.410902700000000000e+08
1.423058400000000000e+07
1.502496060000000000e+08
1.389417390000000000e+08
1.446660170000000000e+08
1.305164300000000000e+08
1.504432960000000000e+08
1.502471340000000000e+08
1.344970680000000000e+08
1.408265020000000000e+08
1.500624470000000000e+08
1.204549400000000000e+08
1.407971480000000000e+08
1.431470100000000000e+08
1.493476080000000000e+08
1.479048400000000000e+08
1.499300090000000000e+08
1.334528600000000000e+07
1.421091020000000000e+08
1.240252880000000000e+08
1.176684590000000000e+08
1.246867210000000000e+08
1.502991670000000000e+08
1.432747870000000000e+08
1.239563410000000000e+08
1.405780240000000000e+08
1.494797000000000000e+08
1.409981160000000000e+08
1.421056130000000000e+08
1.484075910000000000e+08
1.471803530000000000e+08
1.005282540000000000e+08
1.203790400000000000e+07
1.480002850000000000e+08
1.177416030000000000e+08
1.431258720000000000e+08
1.181560800000000000e+07
1.444994290000000000e+08
1.409706130000000000e+08
1.406892040000000000e+08
1.414109610000000000e+08
1.393707010000000000e+08
1.431444960000000000e+08
1.491590390000000000e+08
1.242781670000000000e+08
1.432106610000000000e+08
1.409433880000000000e+08
1.479006400000000000e+08
1.119952100000000000e+07
1.494796240000000000e+08
1.490393080000000000e+08
1.491253770000000000e+08
1.343149430000000000e+08
1.119559700000000000e+07
1.135590400000000000e+07
1.234603510000000000e+08
1.243241640000000000e+08
1.195193650000000000e+08
1.119401100000000000e+07
1.417700470000000000e+08
1.409397040000000000e+08
1.419106060000000000e+08
1.393696340000000000e+08
1.005086290000000000e+08
1.394462070000000000e+08
1.247519410000000000e+08
1.493044950000000000e+08
1.243164750000000000e+08
1.246860620000000000e+08
1.305151760000000000e+08
1.503212520000000000e+08
1.424665330000000000e+08
1.473145290000000000e+08
1.414728060000000000e+08
1.242807180000000000e+08
1.514127910000000000e+08
1.007594540000000000e+08
1.472542810000000000e+08
1.501647740000000000e+08
1.187970970000000000e+08
1.408286630000000000e+08
1.495391140000000000e+08
1.482753180000000000e+08
1.492752350000000000e+08
1.444616370000000000e+08
1.403449210000000000e+08
1.431089920000000000e+08
1.444624350000000000e+08
1.271916330000000000e+08
1.495764070000000000e+08
1.007797160000000000e+08
1.414724080000000000e+08
1.515803610000000000e+08
1.416533200000000000e+07
1.403831930000000000e+08
1.416278900000000000e+07
1.504430460000000000e+08
1.007590490000000000e+08
1.303368000000000000e+08
1.236300280000000000e+08
1.414717550000000000e+08
1.433383110000000000e+08
1.510586740000000000e+08
1.484917990000000000e+08
1.493911420000000000e+08
1.398472800000000000e+07
1.306504580000000000e+08
1.191666130000000000e+08
1.502995480000000000e+08
1.503576130000000000e+08
1.005127630000000000e+08
1.394105780000000000e+08
1.445023620000000000e+08
1.405990560000000000e+08
1.271004790000000000e+08
1.431245780000000000e+08
1.483997380000000000e+08
1.499143380000000000e+08
1.408275880000000000e+08
1.496654620000000000e+08
1.187917830000000000e+08
1.411571800000000000e+08
1.135666200000000000e+07
1.343581050000000000e+08
1.433517160000000000e+08
1.203907240000000000e+08
1.342208220000000000e+08
1.203216570000000000e+08
1.402807290000000000e+08
1.499139130000000000e+08
1.249373880000000000e+08
1.503223400000000000e+08
1.249832020000000000e+08
1.345009020000000000e+08
1.433810700000000000e+08
1.470430330000000000e+08
1.515611690000000000e+08
1.502754590000000000e+08
1.515175530000000000e+08
1.433148270000000000e+08
1.417092370000000000e+08
1.480038770000000000e+08
1.404589070000000000e+08
1.411218900000000000e+08
1.420149320000000000e+08
1.345000980000000000e+08
1.415307480000000000e+08
1.534143040000000000e+08
1.495757260000000000e+08
1.192455870000000000e+08
1.177381440000000000e+08
1.503923770000000000e+08
1.194927200000000000e+08
1.414362150000000000e+08
1.495730960000000000e+08
1.503231130000000000e+08
1.239000640000000000e+08
1.412686050000000000e+08
1.495732080000000000e+08
1.412705890000000000e+08
1.431080010000000000e+08
1.482303450000000000e+08
1.007790150000000000e+08
1.306455310000000000e+08
1.479452350000000000e+08
1.244307760000000000e+08
1.478021260000000000e+08
1.405122000000000000e+08
1.417702990000000000e+08
1.479728200000000000e+08
1.417714000000000000e+07
1.502477210000000000e+08
1.479411640000000000e+08
1.446106590000000000e+08
1.511779130000000000e+08
1.305720790000000000e+08
1.394443750000000000e+08
1.004792620000000000e+08
1.496017680000000000e+08
1.145843600000000000e+07
1.408018310000000000e+08
1.433527550000000000e+08
1.495727230000000000e+08
1.503202350000000000e+08
1.503941260000000000e+08
1.306455360000000000e+08
1.421103830000000000e+08
1.494985480000000000e+08
1.177410160000000000e+08
1.208377610000000000e+08
1.417081470000000000e+08
1.504400790000000000e+08
1.177650790000000000e+08
1.411838940000000000e+08
1.484054000000000000e+08
1.239538870000000000e+08
1.140199200000000000e+07
1.344702420000000000e+08
1.501674200000000000e+08
1.408276960000000000e+08
1.240792120000000000e+08
1.238964040000000000e+08
1.480019050000000000e+08
1.480028100000000000e+08
1.411541150000000000e+08
1.503955290000000000e+08
1.492529610000000000e+08
1.243262170000000000e+08
1.445425450000000000e+08
1.483403730000000000e+08
1.501667590000000000e+08
1.418263650000000000e+08
1.411870100000000000e+08
1.119795000000000000e+07
1.491741060000000000e+08
1.500979910000000000e+08
1.499028470000000000e+08
1.494455800000000000e+08
1.186561760000000000e+08
1.194023870000000000e+08
1.407585950000000000e+08
1.414286200000000000e+08
1.469185820000000000e+08
1.249184880000000000e+08
1.531217600000000000e+08
1.389042140000000000e+08
1.421092830000000000e+08
1.177394140000000000e+08
1.248477000000000000e+08
1.432054870000000000e+08
1.419795790000000000e+08
1.502990780000000000e+08
1.481287510000000000e+08
1.479442200000000000e+08
1.243115850000000000e+08
1.406613680000000000e+08
1.409126800000000000e+07
1.493027440000000000e+08
1.417099970000000000e+08
1.479761870000000000e+08
1.501454560000000000e+08
1.447761170000000000e+08
1.238880360000000000e+08
1.235817440000000000e+08
