1.429053760000000000e+08
1.428732060000000000e+08
1.543839910000000000e+08
1.429350230000000000e+08
1.366565420000000000e+08
1.541071590000000000e+08
1.503177740000000000e+08
1.540932170000000000e+08
1.540891690000000000e+08
1.428492460000000000e+08
1.201270568000000000e+09
1.490851700000000000e+07
1.423174520000000000e+08
1.000125750000000000e+08
1.264209560000000000e+08
1.423192440000000000e+08
1.369982770000000000e+08
1.418186100000000000e+08
1.377339370000000000e+08
1.489690830000000000e+08
1.412094400000000000e+08
1.530372700000000000e+07
1.540103790000000000e+08
1.387456250000000000e+08
1.386186480000000000e+08
1.102550100000000000e+09
1.489144030000000000e+08
1.542183140000000000e+08
1.263480430000000000e+08
1.264586860000000000e+08
1.489626170000000000e+08
1.377773870000000000e+08
1.540072460000000000e+08
1.248627600000000000e+07
1.389680890000000000e+08
1.488958170000000000e+08
1.385602720000000000e+08
1.384304380000000000e+08
1.361698870000000000e+08
1.476735520000000000e+08
1.169735790000000000e+08
1.378317830000000000e+08
1.489640200000000000e+08
1.256034660000000000e+08
1.489161650000000000e+08
1.503425030000000000e+08
1.539913890000000000e+08
1.422769450000000000e+08
1.539903440000000000e+08
1.423836420000000000e+08
1.441865500000000000e+07
1.386520160000000000e+08
1.377329810000000000e+08
1.356826800000000000e+07
1.539767120000000000e+08
1.400769906000000000e+09
1.428283810000000000e+08
1.540679190000000000e+08
1.102400359000000000e+09
1.201246934000000000e+09
1.368472000000000000e+07
1.540118660000000000e+08
1.476269110000000000e+08
1.172290960000000000e+08
1.293051900000000000e+07
1.541075310000000000e+08
1.418622380000000000e+08
1.398076600000000000e+07
1.429332000000000000e+08
1.266847410000000000e+08
1.542045950000000000e+08
1.423821260000000000e+08
1.385807170000000000e+08
1.102332935000000000e+09
1.000090420000000000e+08
1.488951520000000000e+08
1.429615450000000000e+08
1.429632100000000000e+08
1.269435790000000000e+08
1.260855450000000000e+08
1.540069880000000000e+08
1.102554583000000000e+09
1.256099960000000000e+08
1.262809850000000000e+08
1.540675100000000000e+08
1.423723860000000000e+08
1.171445610000000000e+08
1.361984060000000000e+08
1.269436120000000000e+08
1.359648980000000000e+08
1.411200710000000000e+08
1.429036580000000000e+08
1.503441720000000000e+08
1.367338140000000000e+08
1.377700920000000000e+08
1.120522500000000000e+07
1.540872990000000000e+08
1.267049700000000000e+07
1.377774290000000000e+08
1.428788950000000000e+08
1.269362650000000000e+08
1.539748820000000000e+08
1.543594920000000000e+08
1.488935640000000000e+08
1.367588640000000000e+08
1.539773530000000000e+08
1.423012490000000000e+08
1.201228104000000000e+09
1.264506360000000000e+08
1.429340760000000000e+08
1.483849400000000000e+07
1.133986600000000000e+07
1.463068900000000000e+07
1.264557460000000000e+08
1.373622640000000000e+08
1.418628870000000000e+08
1.503623380000000000e+08
1.075712000000000000e+07
1.489317840000000000e+08
1.378035910000000000e+08
1.418221610000000000e+08
1.498213400000000000e+07
1.281189800000000000e+07
1.418739770000000000e+08
1.378025520000000000e+08
1.379678400000000000e+07
1.488419590000000000e+08
1.378587080000000000e+08
1.368542230000000000e+08
1.367841240000000000e+08
1.364012240000000000e+08
1.171516000000000000e+08
1.423194800000000000e+08
1.000113510000000000e+08
1.377333810000000000e+08
1.503889480000000000e+08
1.382390740000000000e+08
1.256038540000000000e+08
1.390206910000000000e+08
1.201194272000000000e+09
1.540097000000000000e+08
1.000141310000000000e+08
1.418753980000000000e+08
1.377268100000000000e+08
1.268138790000000000e+08
1.418211860000000000e+08
1.418723930000000000e+08
1.378091890000000000e+08
1.423950570000000000e+08
1.423075210000000000e+08
1.540916150000000000e+08
1.271262829000000000e+09
1.386527840000000000e+08
1.542237600000000000e+08
1.540887690000000000e+08
1.386615150000000000e+08
1.503639710000000000e+08
1.476859470000000000e+08
1.418617790000000000e+08
1.545115630000000000e+08
1.476860410000000000e+08
1.541829880000000000e+08
1.268167480000000000e+08
1.367408290000000000e+08
1.363894060000000000e+08
1.369929310000000000e+08
1.386180210000000000e+08
1.542566520000000000e+08
1.441921300000000000e+07
1.377769230000000000e+08
1.544916000000000000e+08
1.423805510000000000e+08
1.388642950000000000e+08
1.377699620000000000e+08
1.062221370000000000e+08
1.267576700000000000e+08
1.418640550000000000e+08
1.369517990000000000e+08
1.429461460000000000e+08
1.377337380000000000e+08
1.489178090000000000e+08
1.367616210000000000e+08
1.002340050000000000e+08
1.539909230000000000e+08
1.488952020000000000e+08
1.540688810000000000e+08
1.423478790000000000e+08
1.342446900000000000e+07
1.384645040000000000e+08
1.423853590000000000e+08
1.423023550000000000e+08
1.539728760000000000e+08
1.418127040000000000e+08
1.369765590000000000e+08
1.540073570000000000e+08
1.489636300000000000e+08
1.369999530000000000e+08
1.476796720000000000e+08
1.265587350000000000e+08
1.377139810000000000e+08
1.262253320000000000e+08
1.489166260000000000e+08
1.423970060000000000e+08
1.489655930000000000e+08
1.545489400000000000e+08
1.543819870000000000e+08
1.370255820000000000e+08
1.049027650000000000e+08
1.102469580000000000e+09
1.503878990000000000e+08
1.541081460000000000e+08
1.386196680000000000e+08
1.411296570000000000e+08
1.377347990000000000e+08
1.489147260000000000e+08
1.503957190000000000e+08
1.476442230000000000e+08
1.477130030000000000e+08
1.423718880000000000e+08
1.102617332000000000e+09
1.503621050000000000e+08
1.422769790000000000e+08
1.540679250000000000e+08
1.540880160000000000e+08
1.529847600000000000e+07
1.401014375000000000e+09
1.248542700000000000e+07
1.423813640000000000e+08
1.489680640000000000e+08
1.477135570000000000e+08
1.412475780000000000e+08
1.540903260000000000e+08
1.102317433000000000e+09
1.428641550000000000e+08
1.374493370000000000e+08
1.349747700000000000e+07
1.489711180000000000e+08
1.541251770000000000e+08
1.540931240000000000e+08
1.429621430000000000e+08
1.412494640000000000e+08
1.429472550000000000e+08
1.381478970000000000e+08
1.266791720000000000e+08
1.265502960000000000e+08
1.489602760000000000e+08
1.503846550000000000e+08
1.358599030000000000e+08
1.260916290000000000e+08
1.476700790000000000e+08
1.386534340000000000e+08
1.421836300000000000e+07
1.361003170000000000e+08
1.391448020000000000e+08
1.490836100000000000e+07
1.540906630000000000e+08
1.430075740000000000e+08
1.266850080000000000e+08
1.543590900000000000e+08
1.266758250000000000e+08
1.503889500000000000e+08
1.000140760000000000e+08
1.488940320000000000e+08
1.543590460000000000e+08
1.367380970000000000e+08
1.543594270000000000e+08
1.386621260000000000e+08
1.428258770000000000e+08
1.000134600000000000e+08
1.385771210000000000e+08
1.385799760000000000e+08
1.429798080000000000e+08
1.372709920000000000e+08
1.001173087000000000e+09
1.264185640000000000e+08
1.377508280000000000e+08
1.369197400000000000e+07
1.540873900000000000e+08
1.102555267000000000e+09
1.385912010000000000e+08
1.539513070000000000e+08
1.377712900000000000e+08
1.423072460000000000e+08
1.269362460000000000e+08
1.489154960000000000e+08
1.386933100000000000e+07
1.539495110000000000e+08
1.257814500000000000e+07
1.503267090000000000e+08
1.540086270000000000e+08
1.268081240000000000e+08
1.540125590000000000e+08
1.380036470000000000e+08
1.377500980000000000e+08
1.263393830000000000e+08
1.420711800000000000e+07
1.386184510000000000e+08
1.191874800000000000e+07
1.543833310000000000e+08
1.371845780000000000e+08
1.540916780000000000e+08
1.165450750000000000e+08
1.489313220000000000e+08
1.170485200000000000e+07
1.377336030000000000e+08
1.489176570000000000e+08
1.498313700000000000e+07
1.271318147000000000e+09
1.256064630000000000e+08
1.539756890000000000e+08
1.378034090000000000e+08
1.423085610000000000e+08
1.194802360000000000e+08
1.489620680000000000e+08
1.377706350000000000e+08
1.386502250000000000e+08
1.202993200000000000e+07
1.418195430000000000e+08
1.256923920000000000e+08
1.377326160000000000e+08
1.428768240000000000e+08
1.525084100000000000e+07
1.420684600000000000e+07
1.369894760000000000e+08
1.266780360000000000e+08
1.167340150000000000e+08
1.367559580000000000e+08
1.364554030000000000e+08
1.378316120000000000e+08
1.543817900000000000e+08
1.253694330000000000e+08
1.503869850000000000e+08
1.412479310000000000e+08
1.476713960000000000e+08
1.489626730000000000e+08
1.423716320000000000e+08
1.256798300000000000e+08
1.102334293000000000e+09
1.423975120000000000e+08
1.367044930000000000e+08
1.378096710000000000e+08
1.538932000000000000e+07
1.423493140000000000e+08
1.201246763000000000e+09
1.261633420000000000e+08
1.389486960000000000e+08
1.419159100000000000e+08
1.412474670000000000e+08
1.256729780000000000e+08
1.373539140000000000e+08
1.503445020000000000e+08
1.453047700000000000e+07
1.389612910000000000e+08
1.423733540000000000e+08
1.102326166000000000e+09
1.370033600000000000e+08
1.000129630000000000e+08
1.281076100000000000e+07
1.377343780000000000e+08
1.540684080000000000e+08
1.312753000000000000e+07
1.201246764000000000e+09
1.489099540000000000e+08
1.392108860000000000e+08
1.489120180000000000e+08
1.325244600000000000e+07
1.543851830000000000e+08
1.102613201000000000e+09
1.489698880000000000e+08
1.540898460000000000e+08
1.539896480000000000e+08
1.488949420000000000e+08
1.387454800000000000e+07
1.489706400000000000e+08
1.380871390000000000e+08
1.392091950000000000e+08
1.539495890000000000e+08
1.385792490000000000e+08
1.539769930000000000e+08
1.401081864000000000e+09
1.385368430000000000e+08
1.385583870000000000e+08
1.418142720000000000e+08
1.386338530000000000e+08
1.391549710000000000e+08
1.423026340000000000e+08
1.510035600000000000e+07
1.412086770000000000e+08
1.489613720000000000e+08
1.429355700000000000e+08
1.488789790000000000e+08
1.519971400000000000e+07
1.369749500000000000e+08
1.540926720000000000e+08
1.476265000000000000e+08
1.540671690000000000e+08
1.266745280000000000e+08
1.378109390000000000e+08
1.363130230000000000e+08
1.428280240000000000e+08
1.476272640000000000e+08
1.225404500000000000e+07
1.542238530000000000e+08
1.423946410000000000e+08
1.375205930000000000e+08
1.418147450000000000e+08
1.000138270000000000e+08
1.369784610000000000e+08
1.260902680000000000e+08
1.001239332000000000e+09
1.542242040000000000e+08
1.042037410000000000e+08
1.423835360000000000e+08
1.264571660000000000e+08
1.389460890000000000e+08
1.418602040000000000e+08
1.392585830000000000e+08
1.489620540000000000e+08
1.256696680000000000e+08
1.517687200000000000e+07
1.385893210000000000e+08
1.423025580000000000e+08
1.102493238000000000e+09
1.418752400000000000e+08
1.418645330000000000e+08
1.387486460000000000e+08
1.271088706000000000e+09
1.541649920000000000e+08
1.396772700000000000e+07
1.540074020000000000e+08
1.268073010000000000e+08
1.102642384000000000e+09
1.347382400000000000e+07
1.365362480000000000e+08
1.503935300000000000e+07
1.418606620000000000e+08
1.001291727000000000e+09
1.541811870000000000e+08
1.397353900000000000e+07
1.503624180000000000e+08
1.357482000000000000e+07
1.539734350000000000e+08
1.542039880000000000e+08
1.362981180000000000e+08
1.201330483000000000e+09
1.383159280000000000e+08
1.423812180000000000e+08
1.540929100000000000e+08
1.539908580000000000e+08
1.401020355000000000e+09
1.476863070000000000e+08
1.476802630000000000e+08
1.423082090000000000e+08
1.509990400000000000e+07
1.386534580000000000e+08
1.363249030000000000e+08
1.385903200000000000e+08
1.360992730000000000e+08
1.539729280000000000e+08
1.429818070000000000e+08
1.387254700000000000e+08
1.375130560000000000e+08
1.503422460000000000e+08
1.148075700000000000e+07
1.400807589000000000e+09
1.503435220000000000e+08
1.540714000000000000e+08
1.423722490000000000e+08
1.476278660000000000e+08
1.423858270000000000e+08
1.264153280000000000e+08
1.476867430000000000e+08
1.378014990000000000e+08
1.263419740000000000e+08
1.411294650000000000e+08
1.400770435000000000e+09
1.488421080000000000e+08
1.225998800000000000e+07
1.378471680000000000e+08
1.428114160000000000e+08
1.476240380000000000e+08
1.412480070000000000e+08
1.385810980000000000e+08
1.429463080000000000e+08
1.476270720000000000e+08
1.429426770000000000e+08
1.224993500000000000e+07
1.429803160000000000e+08
1.312387700000000000e+07
1.420371200000000000e+07
1.357024450000000000e+08
1.540079760000000000e+08
1.545492500000000000e+08
1.169625000000000000e+07
1.377280340000000000e+08
1.172347690000000000e+08
1.172923430000000000e+08
1.429036190000000000e+08
1.423823820000000000e+08
1.179327700000000000e+07
1.369983600000000000e+08
1.539499010000000000e+08
1.538648100000000000e+07
1.539768310000000000e+08
1.369519080000000000e+08
1.377521810000000000e+08
1.484167300000000000e+07
1.387860750000000000e+08
1.371656900000000000e+07
1.476709880000000000e+08
1.542042080000000000e+08
1.541067580000000000e+08
1.391573390000000000e+08
1.333283700000000000e+07
1.000087120000000000e+08
1.171489470000000000e+08
1.201167571000000000e+09
1.380063970000000000e+08
1.418744810000000000e+08
1.056286170000000000e+08
1.539495010000000000e+08
1.368518510000000000e+08
1.540092380000000000e+08
1.258434400000000000e+07
1.476257550000000000e+08
1.264587980000000000e+08
1.377714030000000000e+08
1.385602990000000000e+08
1.102628617000000000e+09
1.418170840000000000e+08
1.385789060000000000e+08
1.377503320000000000e+08
1.489168140000000000e+08
1.497466400000000000e+07
1.423078760000000000e+08
1.476856230000000000e+08
1.386347180000000000e+08
1.369973440000000000e+08
1.488777390000000000e+08
1.428633080000000000e+08
1.503877250000000000e+08
1.386492160000000000e+08
1.489136010000000000e+08
1.423501210000000000e+08
1.264155730000000000e+08
1.418722670000000000e+08
1.489697620000000000e+08
1.541253260000000000e+08
1.360343020000000000e+08
1.430083120000000000e+08
1.539362180000000000e+08
1.191062600000000000e+07
1.489621200000000000e+08
1.389505430000000000e+08
1.385775590000000000e+08
1.098297900000000000e+07
1.000112080000000000e+08
1.386392530000000000e+08
1.372551300000000000e+07
1.423839140000000000e+08
1.378043180000000000e+08
1.042013530000000000e+08
1.411463620000000000e+08
1.386515800000000000e+08
1.542222310000000000e+08
1.432023500000000000e+07
1.429404120000000000e+08
1.499705000000000000e+08
1.266837050000000000e+08
1.367673750000000000e+08
1.476739280000000000e+08
1.179788000000000000e+07
1.418169930000000000e+08
1.366425600000000000e+08
1.271130540000000000e+09
1.503885720000000000e+08
1.412093940000000000e+08
1.174442700000000000e+08
1.365139530000000000e+08
1.503628080000000000e+08
1.201307286000000000e+09
1.429633490000000000e+08
1.264491500000000000e+08
1.266840310000000000e+08
1.489599280000000000e+08
1.489142880000000000e+08
1.540670540000000000e+08
1.476805520000000000e+08
1.390193910000000000e+08
1.050083170000000000e+08
1.176380800000000000e+08
1.378329870000000000e+08
1.489689780000000000e+08
1.489106020000000000e+08
1.418224100000000000e+08
1.423007560000000000e+08
1.370356690000000000e+08
1.490698300000000000e+07
1.377522070000000000e+08
1.540123840000000000e+08
1.429614600000000000e+08
1.541069570000000000e+08
1.542584110000000000e+08
1.378021000000000000e+08
1.386344460000000000e+08
1.268878670000000000e+08
1.510268300000000000e+07
1.539743800000000000e+08
1.383757590000000000e+08
1.256900550000000000e+08
1.348784200000000000e+07
1.386348990000000000e+08
1.543849920000000000e+08
1.386509030000000000e+08
1.378043870000000000e+08
1.261706360000000000e+08
1.541647670000000000e+08
1.476241200000000000e+08
1.386521330000000000e+08
1.369950940000000000e+08
1.253975010000000000e+08
1.429423090000000000e+08
1.049099090000000000e+08
1.503882030000000000e+08
1.541259480000000000e+08
1.102339958000000000e+09
1.476252880000000000e+08
1.476250640000000000e+08
1.386064290000000000e+08
1.170925000000000000e+07
1.102550101000000000e+09
1.098854900000000000e+07
1.000120360000000000e+08
1.412648680000000000e+08
1.488942890000000000e+08
1.418130850000000000e+08
1.540072470000000000e+08
1.412057360000000000e+08
1.489711460000000000e+08
1.428280480000000000e+08
1.377759850000000000e+08
1.476735530000000000e+08
1.367322830000000000e+08
1.001444020000000000e+09
1.429057110000000000e+08
1.378100620000000000e+08
1.541809910000000000e+08
1.249206900000000000e+07
1.355830100000000000e+07
1.418763420000000000e+08
1.365851700000000000e+07
1.385811890000000000e+08
1.173907960000000000e+08
1.539756740000000000e+08
1.000102260000000000e+08
1.386523720000000000e+08
1.542234310000000000e+08
1.370039880000000000e+08
1.476708330000000000e+08
1.349341400000000000e+07
1.386609990000000000e+08
1.541063790000000000e+08
1.477138580000000000e+08
1.541262080000000000e+08
1.539904460000000000e+08
1.503641280000000000e+08
1.542201930000000000e+08
1.370435570000000000e+08
1.271365948000000000e+09
1.412487380000000000e+08
1.423946560000000000e+08
1.489661210000000000e+08
1.389487010000000000e+08
1.429031210000000000e+08
1.525093200000000000e+07
1.261721160000000000e+08
1.489674760000000000e+08
1.385781550000000000e+08
1.102359033000000000e+09
1.412094900000000000e+08
1.540708290000000000e+08
1.429629090000000000e+08
1.423174420000000000e+08
1.543851260000000000e+08
1.489174250000000000e+08
1.375118930000000000e+08
1.483188200000000000e+07
1.429630410000000000e+08
1.267558300000000000e+08
1.542236680000000000e+08
1.256110890000000000e+08
1.432355800000000000e+07
1.419156060000000000e+08
1.102584065000000000e+09
1.268090820000000000e+08
1.001291726000000000e+09
1.488779840000000000e+08
1.368614800000000000e+07
1.201291460000000000e+09
1.540868640000000000e+08
1.476812840000000000e+08
1.540141600000000000e+08
1.539762320000000000e+08
1.377339270000000000e+08
1.542177480000000000e+08
1.539757460000000000e+08
1.214253000000000000e+07
1.476863060000000000e+08
1.386329110000000000e+08
1.377332230000000000e+08
1.503625410000000000e+08
1.378345590000000000e+08
1.370258270000000000e+08
1.423084780000000000e+08
1.172921850000000000e+08
1.385889690000000000e+08
1.503866450000000000e+08
1.539512170000000000e+08
1.378099600000000000e+08
1.541652820000000000e+08
1.540917660000000000e+08
1.401020353000000000e+09
1.201228154000000000e+09
1.369965520000000000e+08
1.423074520000000000e+08
1.120515700000000000e+07
1.540116940000000000e+08
1.519998500000000000e+07
1.428491970000000000e+08
1.418598850000000000e+08
1.489336020000000000e+08
1.476420570000000000e+08
1.489117810000000000e+08
1.540677970000000000e+08
1.383718190000000000e+08
1.419156010000000000e+08
1.172907250000000000e+08
1.540916300000000000e+08
1.545287300000000000e+07
1.540085040000000000e+08
1.176388540000000000e+08
1.428634260000000000e+08
1.391434970000000000e+08
1.489328230000000000e+08
1.121525900000000000e+07
1.377291540000000000e+08
1.489121900000000000e+08
1.420669900000000000e+07
1.098453100000000000e+07
1.134922600000000000e+07
1.256753550000000000e+08
1.540099640000000000e+08
1.370258550000000000e+08
1.429056560000000000e+08
1.503272160000000000e+08
1.397280900000000000e+07
1.539734410000000000e+08
1.378318290000000000e+08
1.412071890000000000e+08
1.539769920000000000e+08
1.540902430000000000e+08
1.418198260000000000e+08
1.387545840000000000e+08
1.412494880000000000e+08
1.477138910000000000e+08
1.369998200000000000e+08
1.476801590000000000e+08
1.173891550000000000e+08
1.201246068000000000e+09
1.408563200000000000e+07
1.401081862000000000e+09
1.423066060000000000e+08
1.169594800000000000e+07
1.386534720000000000e+08
1.540114030000000000e+08
1.355084000000000000e+07
1.540900770000000000e+08
1.342030900000000000e+07
1.539759750000000000e+08
1.361029830000000000e+08
1.542237420000000000e+08
1.166283980000000000e+08
1.530275700000000000e+07
1.201292734000000000e+09
1.001681390000000000e+08
1.378326220000000000e+08
1.172872090000000000e+08
1.423008220000000000e+08
1.489177090000000000e+08
1.271368020000000000e+09
1.484458500000000000e+07
1.170715210000000000e+08
1.378032260000000000e+08
1.539737640000000000e+08
1.367221030000000000e+08
1.539703480000000000e+08
1.541656720000000000e+08
1.540873980000000000e+08
1.400994843000000000e+09
1.543827380000000000e+08
1.489693120000000000e+08
1.476441870000000000e+08
1.375165580000000000e+08
1.256022760000000000e+08
1.175382020000000000e+08
1.369545360000000000e+08
1.429411540000000000e+08
1.173871890000000000e+08
1.260881740000000000e+08
1.400707369000000000e+09
1.378517860000000000e+08
1.263388930000000000e+08
1.540925580000000000e+08
1.266127110000000000e+08
1.540123760000000000e+08
1.507201500000000000e+07
1.385882560000000000e+08
1.385455520000000000e+08
1.418205480000000000e+08
1.372004240000000000e+08
1.476700710000000000e+08
1.418166780000000000e+08
1.488954320000000000e+08
1.540926480000000000e+08
1.418212500000000000e+08
1.086174200000000000e+07
1.385609210000000000e+08
1.418223940000000000e+08
1.540109090000000000e+08
1.263376520000000000e+08
1.386349340000000000e+08
1.381369970000000000e+08
1.423805410000000000e+08
1.256699300000000000e+08
1.381406780000000000e+08
1.253972530000000000e+08
1.520748400000000000e+07
1.441687500000000000e+07
1.418758210000000000e+08
1.423853960000000000e+08
1.371888340000000000e+08
1.387707400000000000e+07
1.292653200000000000e+07
1.543850420000000000e+08
1.476281630000000000e+08
1.377327340000000000e+08
1.412492300000000000e+08
1.172237640000000000e+08
1.378324800000000000e+08
1.372248900000000000e+07
1.518114400000000000e+07
1.476269460000000000e+08
1.179861700000000000e+07
1.541825490000000000e+08
1.367860460000000000e+08
1.541063260000000000e+08
1.385775410000000000e+08
1.541650550000000000e+08
1.423083960000000000e+08
1.539706780000000000e+08
1.541822430000000000e+08
1.539919210000000000e+08
1.540074310000000000e+08
1.540894720000000000e+08
1.488789310000000000e+08
1.418645070000000000e+08
1.503434170000000000e+08
1.503624810000000000e+08
1.377347580000000000e+08
1.542238600000000000e+08
1.539495650000000000e+08
1.377513440000000000e+08
1.543837580000000000e+08
1.429419350000000000e+08
1.369951300000000000e+08
1.418732110000000000e+08
1.002550550000000000e+08
1.503864440000000000e+08
1.390115190000000000e+08
1.084942800000000000e+07
1.488957500000000000e+08
1.412488050000000000e+08
1.363073560000000000e+08
1.503172140000000000e+08
1.378008450000000000e+08
1.385803260000000000e+08
1.483037000000000000e+07
1.369892860000000000e+08
1.256718860000000000e+08
1.422769690000000000e+08
1.194809410000000000e+08
1.428772280000000000e+08
1.165454510000000000e+08
1.267558990000000000e+08
1.102591398000000000e+09
1.400934613000000000e+09
1.429800260000000000e+08
1.364909400000000000e+07
1.418216090000000000e+08
1.369750770000000000e+08
1.429425470000000000e+08
1.386521820000000000e+08
1.201228157000000000e+09
1.503266680000000000e+08
1.159201630000000000e+08
1.264213700000000000e+08
1.503846190000000000e+08
1.264167580000000000e+08
1.540116970000000000e+08
1.357606900000000000e+07
1.001491819000000000e+09
1.401045351000000000e+09
1.271314855000000000e+09
1.418204540000000000e+08
1.368767920000000000e+08
1.540874000000000000e+08
1.488937030000000000e+08
1.476259460000000000e+08
1.261708100000000000e+08
1.503960780000000000e+08
1.423489560000000000e+08
1.541815490000000000e+08
1.489091300000000000e+08
1.441108300000000000e+07
1.363251590000000000e+08
1.370042950000000000e+08
1.386387800000000000e+08
1.201200652000000000e+09
1.418181090000000000e+08
1.189565300000000000e+07
1.503861370000000000e+08
1.397660400000000000e+07
1.428113470000000000e+08
1.542042850000000000e+08
1.424132040000000000e+08
1.423025260000000000e+08
1.001285596000000000e+09
1.367364530000000000e+08
1.385764480000000000e+08
1.367094490000000000e+08
1.412069210000000000e+08
1.383177460000000000e+08
1.189376000000000000e+07
1.542226900000000000e+07
1.423845360000000000e+08
1.262799310000000000e+08
1.002354880000000000e+08
1.540870680000000000e+08
1.540700260000000000e+08
1.389498160000000000e+08
1.529879800000000000e+07
1.377778480000000000e+08
1.369971570000000000e+08
1.489107480000000000e+08
1.250519300000000000e+07
1.540089720000000000e+08
1.423214140000000000e+08
1.542564910000000000e+08
1.503887530000000000e+08
1.378044490000000000e+08
1.503884950000000000e+08
1.385903750000000000e+08
1.543843710000000000e+08
1.423825280000000000e+08
1.349930700000000000e+07
1.543583060000000000e+08
1.300293200000000000e+07
1.476703500000000000e+08
1.347335700000000000e+07
1.378002260000000000e+08
1.476806810000000000e+08
1.379480960000000000e+08
1.367215620000000000e+08
1.390193840000000000e+08
1.365200020000000000e+08
1.369536670000000000e+08
1.422772910000000000e+08
1.256096360000000000e+08
1.000139730000000000e+08
1.367855760000000000e+08
1.102395903000000000e+09
1.349337900000000000e+07
1.379515260000000000e+08
1.490725100000000000e+07
1.412038560000000000e+08
1.267390000000000000e+07
1.539740610000000000e+08
1.476280950000000000e+08
1.170676910000000000e+08
1.357135040000000000e+08
1.099434200000000000e+07
1.386348130000000000e+08
1.169744020000000000e+08
1.249433200000000000e+07
1.171468350000000000e+08
1.542222580000000000e+08
1.357689000000000000e+07
1.001242660000000000e+09
1.476246710000000000e+08
1.386534430000000000e+08
1.476265450000000000e+08
1.540674690000000000e+08
1.377504870000000000e+08
1.377515600000000000e+08
1.540129840000000000e+08
1.489657100000000000e+08
1.541643210000000000e+08
1.489124350000000000e+08
1.343134600000000000e+07
1.368797550000000000e+08
1.476702970000000000e+08
1.271359291000000000e+09
1.542074600000000000e+07
1.503181580000000000e+08
1.000111710000000000e+08
1.377780380000000000e+08
1.000135330000000000e+08
1.489634190000000000e+08
1.476240240000000000e+08
1.503434660000000000e+08
1.428487940000000000e+08
1.291512400000000000e+07
1.360952740000000000e+08
1.172924520000000000e+08
1.476431220000000000e+08
1.541257290000000000e+08
1.371927910000000000e+08
1.423221550000000000e+08
1.489604540000000000e+08
1.382219660000000000e+08
1.256743760000000000e+08
1.429360480000000000e+08
1.386744680000000000e+08
1.378045560000000000e+08
1.001195877000000000e+09
1.461999700000000000e+07
1.412469660000000000e+08
1.194081000000000000e+07
1.384542240000000000e+08
1.513292700000000000e+07
1.544917420000000000e+08
1.540666900000000000e+08
1.540883120000000000e+08
1.167263460000000000e+08
1.429043930000000000e+08
1.377766200000000000e+08
1.363633460000000000e+08
1.057400250000000000e+08
1.359746370000000000e+08
1.102503442000000000e+09
1.488950880000000000e+08
1.213913200000000000e+07
1.540941870000000000e+08
1.540095830000000000e+08
1.147130800000000000e+07
1.098805700000000000e+07
1.412472770000000000e+08
1.385914510000000000e+08
1.428285560000000000e+08
1.542040290000000000e+08
1.542203800000000000e+08
1.418166750000000000e+08
1.423206090000000000e+08
1.539704480000000000e+08
1.499700220000000000e+08
1.542225200000000000e+08
1.389517790000000000e+08
1.423190560000000000e+08
1.418168340000000000e+08
1.263369280000000000e+08
1.412495390000000000e+08
1.396885800000000000e+07
1.543591600000000000e+08
1.400801643000000000e+09
1.264515550000000000e+08
1.412487180000000000e+08
1.540082360000000000e+08
1.383234690000000000e+08
1.418719320000000000e+08
1.489168080000000000e+08
1.401023908000000000e+09
1.418609370000000000e+08
1.429816420000000000e+08
1.541064930000000000e+08
1.541063340000000000e+08
1.423188970000000000e+08
1.367621180000000000e+08
1.503855380000000000e+08
1.385891330000000000e+08
1.503851590000000000e+08
1.541246070000000000e+08
1.540107280000000000e+08
1.347044600000000000e+07
1.386187270000000000e+08
1.412491350000000000e+08
1.001379863000000000e+09
1.264165330000000000e+08
1.540121880000000000e+08
1.418124110000000000e+08
1.542587420000000000e+08
1.542197500000000000e+08
1.324936300000000000e+07
1.001200319000000000e+09
1.256900110000000000e+08
1.423872200000000000e+08
1.429613840000000000e+08
1.423843350000000000e+08
1.267499950000000000e+08
1.418748820000000000e+08
1.385885400000000000e+08
1.539779040000000000e+08
1.168675100000000000e+08
1.367402790000000000e+08
1.265579200000000000e+08
1.418173480000000000e+08
1.489636350000000000e+08
1.102311837000000000e+09
1.264497970000000000e+08
1.544755080000000000e+08
1.540118580000000000e+08
1.377715800000000000e+08
1.385288430000000000e+08
1.484230300000000000e+07
1.540119000000000000e+08
1.268806120000000000e+08
1.256761790000000000e+08
1.461708900000000000e+07
1.000130150000000000e+08
1.542219750000000000e+08
1.540109120000000000e+08
1.423183450000000000e+08
1.423740600000000000e+08
1.418762860000000000e+08
1.429628670000000000e+08
1.370214330000000000e+08
1.263464560000000000e+08
1.476722060000000000e+08
1.510040100000000000e+07
1.001405934000000000e+09
1.539752890000000000e+08
1.542008200000000000e+07
1.375111200000000000e+08
1.476246670000000000e+08
1.542236900000000000e+08
1.423951760000000000e+08
1.418607120000000000e+08
1.509985100000000000e+07
1.540688270000000000e+08
1.379814100000000000e+07
1.542195160000000000e+08
1.000140100000000000e+08
1.540691020000000000e+08
1.503860940000000000e+08
1.412493730000000000e+08
1.543831160000000000e+08
1.418224260000000000e+08
1.476712450000000000e+08
1.539919460000000000e+08
1.170709530000000000e+08
1.489134360000000000e+08
1.499702750000000000e+08
1.510451100000000000e+07
1.540103910000000000e+08
1.429801530000000000e+08
1.489146720000000000e+08
1.540703150000000000e+08
1.365869200000000000e+07
1.000119080000000000e+08
1.366531490000000000e+08
1.503425460000000000e+08
1.503845890000000000e+08
1.489318980000000000e+08
1.257853700000000000e+07
1.538599700000000000e+07
1.400714115000000000e+09
1.540920740000000000e+08
1.503182590000000000e+08
1.412647980000000000e+08
1.001420991000000000e+09
1.001690820000000000e+08
1.380054020000000000e+08
1.169596800000000000e+07
1.488419690000000000e+08
1.503958420000000000e+08
1.268163620000000000e+08
1.400921376000000000e+09
1.418622460000000000e+08
1.377503780000000000e+08
1.503441770000000000e+08
1.000102860000000000e+08
1.377720650000000000e+08
1.269382240000000000e+08
1.365178350000000000e+08
1.540919960000000000e+08
1.476850960000000000e+08
1.000110760000000000e+08
1.378308290000000000e+08
1.385594210000000000e+08
1.122037900000000000e+07
1.423026290000000000e+08
1.423976110000000000e+08
1.540938400000000000e+08
1.540143480000000000e+08
1.423175010000000000e+08
1.111478900000000000e+07
1.541245570000000000e+08
1.543835390000000000e+08
1.543834610000000000e+08
1.543848180000000000e+08
1.175402410000000000e+08
1.462313800000000000e+07
1.323898500000000000e+07
1.269384710000000000e+08
1.000136000000000000e+08
1.385773410000000000e+08
1.148028700000000000e+07
1.377722800000000000e+08
1.489156840000000000e+08
1.489661810000000000e+08
1.201218607000000000e+09
1.476278220000000000e+08
1.541075340000000000e+08
1.342119700000000000e+07
1.539905130000000000e+08
1.411467980000000000e+08
1.412475500000000000e+08
1.476737160000000000e+08
1.397458200000000000e+07
1.386776400000000000e+08
1.476440290000000000e+08
1.488788960000000000e+08
1.380037600000000000e+07
1.384656920000000000e+08
1.280983400000000000e+07
1.418162390000000000e+08
1.423816640000000000e+08
1.476271150000000000e+08
1.418740000000000000e+08
1.476870630000000000e+08
1.332586600000000000e+07
1.539755150000000000e+08
1.266941200000000000e+07
1.111960000000000000e+07
1.263399210000000000e+08
1.102452862000000000e+09
1.203251300000000000e+07
1.391544900000000000e+08
1.476244130000000000e+08
1.540119350000000000e+08
1.540703830000000000e+08
1.541072300000000000e+08
1.489690500000000000e+08
1.224911700000000000e+07
1.506289200000000000e+07
1.000116510000000000e+08
1.364035990000000000e+08
1.541828430000000000e+08
1.266091160000000000e+08
1.503436040000000000e+08
1.476239980000000000e+08
1.262853860000000000e+08
1.001545355000000000e+09
1.489690570000000000e+08
1.400989060000000000e+09
1.263404010000000000e+08
1.488939540000000000e+08
1.423176640000000000e+08
1.368522780000000000e+08
1.489317170000000000e+08
1.418768390000000000e+08
1.378300340000000000e+08
1.411466180000000000e+08
1.484260800000000000e+07
1.367216160000000000e+08
1.412072530000000000e+08
1.540699740000000000e+08
1.540668060000000000e+08
1.422772060000000000e+08
1.203270200000000000e+07
1.385807420000000000e+08
1.201189881000000000e+09
1.372165800000000000e+07
1.268839800000000000e+08
1.423175560000000000e+08
1.364667890000000000e+08
1.191417000000000000e+07
1.429417710000000000e+08
1.378298260000000000e+08
1.429328670000000000e+08
1.489688730000000000e+08
1.170723980000000000e+08
1.423076560000000000e+08
1.372725110000000000e+08
1.386519940000000000e+08
1.385772350000000000e+08
1.334259300000000000e+07
1.412092320000000000e+08
1.509798500000000000e+07
1.540918480000000000e+08
1.540109790000000000e+08
1.418609360000000000e+08
1.000103890000000000e+08
1.369566720000000000e+08
1.374461800000000000e+08
1.418608690000000000e+08
1.201247611000000000e+09
1.378108500000000000e+08
1.542197470000000000e+08
1.369363600000000000e+07
1.175423160000000000e+08
1.539774390000000000e+08
1.102455399000000000e+09
1.378028640000000000e+08
1.383781510000000000e+08
1.384297860000000000e+08
1.503260750000000000e+08
1.476422850000000000e+08
1.266809680000000000e+08
1.386183510000000000e+08
1.267588720000000000e+08
1.001575335000000000e+09
1.503431810000000000e+08
1.112093100000000000e+07
1.539745810000000000e+08
1.378003100000000000e+07
1.545111650000000000e+08
1.386512990000000000e+08
1.385893190000000000e+08
1.503251120000000000e+08
1.369926900000000000e+08
1.412467850000000000e+08
1.378035520000000000e+08
1.369582590000000000e+08
1.377716580000000000e+08
1.540930710000000000e+08
1.263442390000000000e+08
1.049031390000000000e+08
1.423078620000000000e+08
1.357354500000000000e+07
1.174512150000000000e+08
1.268133140000000000e+08
1.378095500000000000e+08
1.503848190000000000e+08
1.387062800000000000e+07
1.428260230000000000e+08
1.539897210000000000e+08
1.364504610000000000e+08
1.489695420000000000e+08
1.540128770000000000e+08
1.365734000000000000e+07
1.542255700000000000e+07
1.542044400000000000e+08
1.423733620000000000e+08
1.385809760000000000e+08
1.411466990000000000e+08
1.049068210000000000e+08
1.545117420000000000e+08
1.386527470000000000e+08
1.503886380000000000e+08
1.000137060000000000e+08
1.170589200000000000e+07
1.377766280000000000e+08
1.266775210000000000e+08
1.476436830000000000e+08
1.543832160000000000e+08
1.261645870000000000e+08
1.418207050000000000e+08
1.423024430000000000e+08
1.429796440000000000e+08
1.365531610000000000e+08
1.539912550000000000e+08
1.134426400000000000e+07
1.540699060000000000e+08
1.541807550000000000e+08
1.385327560000000000e+08
1.171479020000000000e+08
1.158300500000000000e+07
1.377942950000000000e+08
1.423818070000000000e+08
1.540867430000000000e+08
1.365139720000000000e+08
1.367584030000000000e+08
1.341725400000000000e+07
1.544865650000000000e+08
1.075902900000000000e+07
1.423074170000000000e+08
1.378309280000000000e+08
1.201360406000000000e+09
1.543594870000000000e+08
1.542226710000000000e+08
1.489600060000000000e+08
1.412489630000000000e+08
1.381494330000000000e+08
1.357036800000000000e+07
1.377503680000000000e+08
1.476813060000000000e+08
1.292049500000000000e+07
1.102630962000000000e+09
1.385603360000000000e+08
1.269430840000000000e+08
1.263479420000000000e+08
1.311876800000000000e+07
1.369535710000000000e+08
1.262813730000000000e+08
1.364021220000000000e+08
1.418745520000000000e+08
1.543842850000000000e+08
1.517583500000000000e+07
1.386826460000000000e+08
1.312450200000000000e+07
1.504027000000000000e+07
1.489646120000000000e+08
1.367580570000000000e+08
1.369530990000000000e+08
1.266808700000000000e+08
1.062335060000000000e+08
1.429482470000000000e+08
1.000090860000000000e+08
1.370197100000000000e+08
1.429809190000000000e+08
1.422771510000000000e+08
1.102346472000000000e+09
1.476859670000000000e+08
1.267571850000000000e+08
1.261706220000000000e+08
1.265527190000000000e+08
1.263477780000000000e+08
1.428633290000000000e+08
1.429418540000000000e+08
1.179789300000000000e+07
1.102509698000000000e+09
1.545483490000000000e+08
1.489671520000000000e+08
1.503422120000000000e+08
1.429817360000000000e+08
1.172291760000000000e+08
1.214577800000000000e+07
1.376240730000000000e+08
1.539908550000000000e+08
1.423214150000000000e+08
1.412474640000000000e+08
1.542068700000000000e+07
1.428712450000000000e+08
1.249458200000000000e+07
1.383114490000000000e+08
1.370214180000000000e+08
1.489168980000000000e+08
1.377291510000000000e+08
1.542177950000000000e+08
1.358554760000000000e+08
1.262836120000000000e+08
1.191913700000000000e+07
1.386508410000000000e+08
1.111316400000000000e+07
1.418598510000000000e+08
1.377325940000000000e+08
1.542201800000000000e+08
1.411199860000000000e+08
1.390760490000000000e+08
1.354929900000000000e+07
1.540143800000000000e+08
1.377698140000000000e+08
1.102582998000000000e+09
1.418606610000000000e+08
1.377775110000000000e+08
1.476423450000000000e+08
1.429354810000000000e+08
1.489629670000000000e+08
1.264129880000000000e+08
1.540679020000000000e+08
1.423818470000000000e+08
1.418729300000000000e+08
1.539730570000000000e+08
1.367745840000000000e+08
1.418215180000000000e+08
1.388727210000000000e+08
1.085638500000000000e+07
1.349963600000000000e+07
1.503859680000000000e+08
1.489609920000000000e+08
1.540088220000000000e+08
1.424142090000000000e+08
1.377700890000000000e+08
1.369569880000000000e+08
1.102292422000000000e+09
1.503633040000000000e+08
1.271099623000000000e+09
1.000111300000000000e+08
1.489616990000000000e+08
1.363178090000000000e+08
1.262263240000000000e+08
1.170852700000000000e+07
1.111416800000000000e+07
1.489161770000000000e+08
1.418151060000000000e+08
1.412036640000000000e+08
1.102418286000000000e+09
1.367284060000000000e+08
1.418614960000000000e+08
1.540940970000000000e+08
1.378343090000000000e+08
1.476441680000000000e+08
1.503935700000000000e+07
1.266101880000000000e+08
1.503621590000000000e+08
1.263403760000000000e+08
1.262255870000000000e+08
1.267587340000000000e+08
1.423074900000000000e+08
1.379450600000000000e+07
1.489325140000000000e+08
1.476238100000000000e+08
1.540672100000000000e+08
1.357520700000000000e+07
1.371619200000000000e+07
1.489139210000000000e+08
1.489317160000000000e+08
1.412650170000000000e+08
1.386347210000000000e+08
1.489093680000000000e+08
1.384296500000000000e+08
1.001502903000000000e+09
1.539720820000000000e+08
1.489639630000000000e+08
1.539907850000000000e+08
1.377994490000000000e+08
1.249790800000000000e+07
1.385586730000000000e+08
1.268123570000000000e+08
1.255683120000000000e+08
1.386516040000000000e+08
1.266136730000000000e+08
1.271355422000000000e+09
1.489164890000000000e+08
1.539769590000000000e+08
1.489311920000000000e+08
1.001512783000000000e+09
1.377276000000000000e+08
1.214924500000000000e+07
1.489616220000000000e+08
1.102623645000000000e+09
1.418649530000000000e+08
1.121930000000000000e+07
1.476858200000000000e+08
1.001382695000000000e+09
1.166367660000000000e+08
1.418140260000000000e+08
1.385594550000000000e+08
1.380010180000000000e+08
1.269379020000000000e+08
1.418758720000000000e+08
1.418170170000000000e+08
1.541072310000000000e+08
1.476258720000000000e+08
1.147236700000000000e+07
1.389539390000000000e+08
1.001499579000000000e+09
1.489698930000000000e+08
1.341558100000000000e+07
1.428717630000000000e+08
1.074705700000000000e+07
1.489154690000000000e+08
1.292108200000000000e+07
1.539759680000000000e+08
1.300258800000000000e+07
1.261675360000000000e+08
1.368777460000000000e+08
1.385608870000000000e+08
1.147355500000000000e+07
1.397109200000000000e+07
1.476257650000000000e+08
1.224916400000000000e+07
1.385915880000000000e+08
1.488945590000000000e+08
1.422770180000000000e+08
1.361039530000000000e+08
1.378350680000000000e+08
1.489601340000000000e+08
1.368749440000000000e+08
1.372689270000000000e+08
1.169819000000000000e+07
1.541639540000000000e+08
1.463175800000000000e+07
1.423217130000000000e+08
1.379475920000000000e+08
1.428638910000000000e+08
1.429418390000000000e+08
1.364672220000000000e+08
1.506508500000000000e+07
1.503638180000000000e+08
1.102601958000000000e+09
1.378015290000000000e+08
1.369549620000000000e+08
1.540908770000000000e+08
1.377509220000000000e+08
1.378045010000000000e+08
1.001235444000000000e+09
1.544828510000000000e+08
1.428732700000000000e+08
1.175403640000000000e+08
1.167360160000000000e+08
1.378427500000000000e+08
1.134858000000000000e+07
1.385904140000000000e+08
1.172357930000000000e+08
1.462286000000000000e+07
1.429333270000000000e+08
1.266802410000000000e+08
1.392131920000000000e+08
1.377006570000000000e+08
1.540688680000000000e+08
1.476736990000000000e+08
1.539777030000000000e+08
1.541076250000000000e+08
1.379550490000000000e+08
1.102636440000000000e+09
1.472697100000000000e+07
1.385601680000000000e+08
1.539901740000000000e+08
1.370258460000000000e+08
1.392216280000000000e+08
1.539918510000000000e+08
1.418624150000000000e+08
1.489106320000000000e+08
1.423175980000000000e+08
1.379871500000000000e+07
1.386376730000000000e+08
1.411465980000000000e+08
1.343430500000000000e+07
1.428491120000000000e+08
1.256010600000000000e+08
1.267279200000000000e+07
1.378089260000000000e+08
1.385799160000000000e+08
1.370212150000000000e+08
1.193881600000000000e+07
1.489144960000000000e+08
1.264522700000000000e+08
1.201286482000000000e+09
1.397261200000000000e+07
1.367763090000000000e+08
1.476417440000000000e+08
1.539909520000000000e+08
1.540088740000000000e+08
1.429636470000000000e+08
1.541242120000000000e+08
1.412088180000000000e+08
1.380984610000000000e+08
1.369536450000000000e+08
1.424127040000000000e+08
1.386350050000000000e+08
1.384310080000000000e+08
1.291519900000000000e+07
1.489123820000000000e+08
1.249432500000000000e+07
1.540677150000000000e+08
1.378104900000000000e+08
1.422762700000000000e+08
1.386359320000000000e+08
1.412055960000000000e+08
1.476704040000000000e+08
1.000083760000000000e+08
1.441771600000000000e+07
1.418188150000000000e+08
1.423954320000000000e+08
1.387261740000000000e+08
1.539768970000000000e+08
1.385767060000000000e+08
1.419155370000000000e+08
1.476715400000000000e+08
1.377291070000000000e+08
1.262807510000000000e+08
1.102311836000000000e+09
1.263487780000000000e+08
1.541260700000000000e+08
1.361338720000000000e+08
1.378089820000000000e+08
1.542078900000000000e+07
1.388705150000000000e+08
1.418719880000000000e+08
1.484133300000000000e+07
1.488959020000000000e+08
1.429056050000000000e+08
1.264118680000000000e+08
1.369531410000000000e+08
1.385909020000000000e+08
1.385589580000000000e+08
1.368497750000000000e+08
1.489685340000000000e+08
1.422770580000000000e+08
1.385778040000000000e+08
1.423195030000000000e+08
1.386334740000000000e+08
1.540921230000000000e+08
1.267575640000000000e+08
1.543820280000000000e+08
1.385896950000000000e+08
1.312531400000000000e+07
1.369965740000000000e+08
1.489079390000000000e+08
1.476434020000000000e+08
1.540871600000000000e+08
1.364641950000000000e+08
1.102311567000000000e+09
1.147758200000000000e+07
1.476734910000000000e+08
1.510389500000000000e+07
1.385920110000000000e+08
1.386347140000000000e+08
1.423815320000000000e+08
1.264497910000000000e+08
1.266778680000000000e+08
1.001565755000000000e+09
1.489169910000000000e+08
1.429630600000000000e+08
