1.493472960000000000e+08
1.501454380000000000e+08
1.414840550000000000e+08
1.420161190000000000e+08
1.493479920000000000e+08
1.490307730000000000e+08
1.413335730000000000e+08
1.420184640000000000e+08
1.490599540000000000e+08
1.417661440000000000e+08
1.326120970000000000e+08
1.499738790000000000e+08
1.490304180000000000e+08
1.496310350000000000e+08
1.503569030000000000e+08
1.416808370000000000e+08
1.406320370000000000e+08
1.411871260000000000e+08
1.491553600000000000e+08
1.502487620000000000e+08
1.412821360000000000e+08
1.408308740000000000e+08
1.251138710000000000e+08
1.409985220000000000e+08
1.003169210000000000e+08
1.490605860000000000e+08
1.414813110000000000e+08
1.505132760000000000e+08
1.381873420000000000e+08
1.503248410000000000e+08
1.416106610000000000e+08
1.420851920000000000e+08
1.493004650000000000e+08
1.503589910000000000e+08
1.493490370000000000e+08
1.340328410000000000e+08
1.491268100000000000e+08
1.494989820000000000e+08
1.498074070000000000e+08
1.418676270000000000e+08
1.503605510000000000e+08
1.414358160000000000e+08
1.046419030000000000e+08
1.406922800000000000e+08
1.493481010000000000e+08
1.411842070000000000e+08
1.523774520000000000e+08
1.524494050000000000e+08
1.420826420000000000e+08
1.420856490000000000e+08
1.418112610000000000e+08
1.414234160000000000e+08
1.503919080000000000e+08
1.499762760000000000e+08
1.481340420000000000e+08
1.412844110000000000e+08
1.416256050000000000e+08
1.491794510000000000e+08
1.500995110000000000e+08
1.406638850000000000e+08
1.414856600000000000e+08
1.413347930000000000e+08
1.420521870000000000e+08
1.493906480000000000e+08
1.258112250000000000e+08
1.439341310000000000e+08
1.409404930000000000e+08
1.515030290000000000e+08
1.541912160000000000e+08
1.505138240000000000e+08
1.508085420000000000e+08
1.026431590000000000e+08
1.493907100000000000e+08
1.416834010000000000e+08
1.414358180000000000e+08
1.492168640000000000e+08
1.416919630000000000e+08
1.408283330000000000e+08
1.492165320000000000e+08
1.494975790000000000e+08
1.365920820000000000e+08
1.406356670000000000e+08
1.411811360000000000e+08
1.503247870000000000e+08
1.406351110000000000e+08
1.501656570000000000e+08
1.418117560000000000e+08
1.418230410000000000e+08
1.500332370000000000e+08
1.491549270000000000e+08
1.504399890000000000e+08
1.523464700000000000e+08
1.416266340000000000e+08
1.416864550000000000e+08
1.492882700000000000e+07
1.411876250000000000e+08
1.410308250000000000e+08
1.495384800000000000e+08
1.500635800000000000e+08
1.499718280000000000e+08
1.405120850000000000e+08
1.414071490000000000e+08
1.416078980000000000e+08
1.502724470000000000e+08
1.411839010000000000e+08
1.492194960000000000e+08
1.495429470000000000e+08
1.409978810000000000e+08
1.491057640000000000e+08
1.499300840000000000e+08
1.491753960000000000e+08
1.408923730000000000e+08
1.503917400000000000e+08
1.316841200000000000e+07
1.230578520000000000e+08
1.503933020000000000e+08
1.494744940000000000e+08
1.542769740000000000e+08
1.494220870000000000e+08
1.417542910000000000e+08
1.494981980000000000e+08
1.264610880000000000e+08
1.510366700000000000e+08
1.322416290000000000e+08
1.417085460000000000e+08
1.496014510000000000e+08
1.504370650000000000e+08
1.401060250000000000e+08
1.410297870000000000e+08
1.051830740000000000e+08
1.411851420000000000e+08
1.511301590000000000e+08
1.405787910000000000e+08
1.419437230000000000e+08
1.419102910000000000e+08
1.407974640000000000e+08
1.496657550000000000e+08
1.503229910000000000e+08
1.494783610000000000e+08
1.409983370000000000e+08
1.503600850000000000e+08
1.501428060000000000e+08
1.502497370000000000e+08
1.500296710000000000e+08
1.232812050000000000e+08
1.419756200000000000e+08
1.258573870000000000e+08
1.416246590000000000e+08
1.037655910000000000e+08
1.304227390000000000e+08
1.411534720000000000e+08
1.409972420000000000e+08
1.412815260000000000e+08
1.500988600000000000e+08
1.490402340000000000e+08
1.405774060000000000e+08
1.501053720000000000e+08
1.411529310000000000e+08
1.502726460000000000e+08
1.494231520000000000e+08
1.504294810000000000e+08
1.420175870000000000e+08
1.491612000000000000e+08
1.410247240000000000e+08
1.421431150000000000e+08
1.499900980000000000e+08
1.061736870000000000e+08
1.418081690000000000e+08
1.418097290000000000e+08
1.063206470000000000e+08
1.503617370000000000e+08
1.502740710000000000e+08
1.221973650000000000e+08
1.058377240000000000e+08
1.256532400000000000e+08
1.503006540000000000e+08
1.503208910000000000e+08
1.497715920000000000e+08
1.421441620000000000e+08
1.500982910000000000e+08
1.492481960000000000e+08
1.337015110000000000e+08
1.523855590000000000e+08
1.407240780000000000e+08
1.416238660000000000e+08
1.493504470000000000e+08
1.398115070000000000e+08
1.416280190000000000e+08
1.503598920000000000e+08
1.491227060000000000e+08
1.501891530000000000e+08
1.406357780000000000e+08
1.492531400000000000e+08
1.419134870000000000e+08
1.460769320000000000e+08
1.495417770000000000e+08
1.420528260000000000e+08
1.490367580000000000e+08
1.494445630000000000e+08
1.414849810000000000e+08
1.405959530000000000e+08
1.516655600000000000e+07
1.406623050000000000e+08
1.405794300000000000e+08
1.515036910000000000e+08
1.278799550000000000e+08
1.502985730000000000e+08
1.495400130000000000e+08
1.500987770000000000e+08
1.409716660000000000e+08
1.499924790000000000e+08
1.408280630000000000e+08
1.419102980000000000e+08
1.308140250000000000e+08
1.405804970000000000e+08
1.499765350000000000e+08
1.229734890000000000e+08
1.515985860000000000e+08
1.405982250000000000e+08
1.406001470000000000e+08
1.492191450000000000e+08
1.419094440000000000e+08
1.496035240000000000e+08
1.417706090000000000e+08
1.501890700000000000e+08
1.225249800000000000e+08
1.493033100000000000e+08
1.406593500000000000e+08
1.492193760000000000e+08
1.253304190000000000e+08
1.304312280000000000e+08
1.500628830000000000e+08
1.436153050000000000e+08
1.410281640000000000e+08
1.411546380000000000e+08
1.491027280000000000e+08
1.503919970000000000e+08
1.491267960000000000e+08
1.502983260000000000e+08
1.414791740000000000e+08
1.421051050000000000e+08
1.502714200000000000e+08
1.502312720000000000e+08
1.419759260000000000e+08
1.421051680000000000e+08
1.491202760000000000e+08
1.499309480000000000e+08
1.405121260000000000e+08
1.500990790000000000e+08
1.503579350000000000e+08
1.398163990000000000e+08
1.491210860000000000e+08
1.469450200000000000e+07
1.408915970000000000e+08
1.030202810000000000e+08
1.405985420000000000e+08
1.501407230000000000e+08
1.409685430000000000e+08
1.330106380000000000e+08
1.416853430000000000e+08
1.502309180000000000e+08
1.359483710000000000e+08
1.241655800000000000e+08
1.226453630000000000e+08
1.503204560000000000e+08
1.415436200000000000e+08
1.408280090000000000e+08
1.409388020000000000e+08
1.501507340000000000e+08
1.408985750000000000e+08
1.503581700000000000e+08
1.502497280000000000e+08
1.500316240000000000e+08
1.419777950000000000e+08
1.410289660000000000e+08
1.406591720000000000e+08
1.494755590000000000e+08
1.405986290000000000e+08
1.300663130000000000e+08
1.210433110000000000e+08
1.346965050000000000e+08
1.221123290000000000e+08
1.491759360000000000e+08
1.499306560000000000e+08
1.419129030000000000e+08
1.271668030000000000e+08
1.493913350000000000e+08
1.416218850000000000e+08
1.505131940000000000e+08
1.414715220000000000e+08
1.416251590000000000e+08
1.215248510000000000e+08
1.412109490000000000e+08
1.208174120000000000e+08
1.414112010000000000e+08
1.385109990000000000e+08
1.051932480000000000e+08
1.411230490000000000e+08
1.297007560000000000e+08
1.500295020000000000e+08
1.442559450000000000e+08
1.503246560000000000e+08
1.502496790000000000e+08
1.330100630000000000e+08
1.411870820000000000e+08
1.419419860000000000e+08
1.503206100000000000e+08
1.414072010000000000e+08
1.405993770000000000e+08
1.493516790000000000e+08
1.356419170000000000e+08
1.500666310000000000e+08
1.414107890000000000e+08
1.393694360000000000e+08
1.502746320000000000e+08
1.481406930000000000e+08
1.413345550000000000e+08
1.421087460000000000e+08
1.503912260000000000e+08
1.491217280000000000e+08
1.497718780000000000e+08
1.514927760000000000e+08
1.420868130000000000e+08
1.412686900000000000e+08
1.418093590000000000e+08
1.418226250000000000e+08
1.417083370000000000e+08
1.541900680000000000e+08
1.499309460000000000e+08
1.408316710000000000e+08
1.194622630000000000e+08
1.406914630000000000e+08
1.416868040000000000e+08
1.492523050000000000e+08
1.503215120000000000e+08
1.412788100000000000e+08
1.503199030000000000e+08
1.491014110000000000e+08
1.461595850000000000e+08
1.502746490000000000e+08
1.499705990000000000e+08
1.410964920000000000e+08
1.529894640000000000e+08
1.013341670000000000e+08
1.464453100000000000e+08
1.411529270000000000e+08
1.503919880000000000e+08
1.418086750000000000e+08
1.503937960000000000e+08
1.411275430000000000e+08
1.206965590000000000e+08
1.473860150000000000e+08
1.406310500000000000e+08
1.469252560000000000e+08
1.420175090000000000e+08
1.247292590000000000e+08
1.418652010000000000e+08
1.501418130000000000e+08
1.407977860000000000e+08
1.229409810000000000e+08
1.406896530000000000e+08
1.381874500000000000e+08
1.493464180000000000e+08
1.421089490000000000e+08
1.419124690000000000e+08
1.499881040000000000e+08
1.503574240000000000e+08
1.420843060000000000e+08
1.520420790000000000e+08
1.406629080000000000e+08
1.496301600000000000e+08
1.505215050000000000e+08
1.417694340000000000e+08
1.503617680000000000e+08
1.416112760000000000e+08
1.503950610000000000e+08
1.296917670000000000e+08
1.494220960000000000e+08
1.412788880000000000e+08
1.409964210000000000e+08
1.493484200000000000e+08
1.504422640000000000e+08
1.500288060000000000e+08
1.416114890000000000e+08
1.416100500000000000e+08
1.032616280000000000e+08
1.405291990000000000e+08
1.297006490000000000e+08
1.410281980000000000e+08
1.514384040000000000e+08
1.499316030000000000e+08
1.415437440000000000e+08
1.494788460000000000e+08
1.419439410000000000e+08
1.414132190000000000e+08
1.022471670000000000e+08
1.405295550000000000e+08
1.248047470000000000e+08
1.405980470000000000e+08
1.504408600000000000e+08
1.255418480000000000e+08
1.416211580000000000e+08
1.491260600000000000e+08
1.521189820000000000e+08
1.421077590000000000e+08
1.518089280000000000e+08
1.417680400000000000e+08
1.494234330000000000e+08
1.501912580000000000e+08
1.537901310000000000e+08
1.018578130000000000e+08
1.503897600000000000e+08
1.220178310000000000e+08
1.411210800000000000e+08
1.501056130000000000e+08
1.499337760000000000e+08
1.494242640000000000e+08
1.491800880000000000e+08
1.005836340000000000e+08
1.503936230000000000e+08
1.502698560000000000e+08
1.405284110000000000e+08
1.501667210000000000e+08
1.492165510000000000e+08
1.493028250000000000e+08
1.414236340000000000e+08
1.504287030000000000e+08
1.418100800000000000e+08
1.254548760000000000e+08
1.500625270000000000e+08
1.033927050000000000e+08
1.414233710000000000e+08
1.504418000000000000e+08
1.469288430000000000e+08
1.493918780000000000e+08
1.495761480000000000e+08
1.494201490000000000e+08
1.414794120000000000e+08
1.414246430000000000e+08
1.003143340000000000e+08
1.412839210000000000e+08
1.304315010000000000e+08
1.052955800000000000e+08
1.416829210000000000e+08
1.504318390000000000e+08
1.491020060000000000e+08
1.487487880000000000e+08
1.494231030000000000e+08
1.414084450000000000e+08
1.504300440000000000e+08
1.481410420000000000e+08
1.498101990000000000e+08
1.504306160000000000e+08
1.416079720000000000e+08
1.537814780000000000e+08
1.420824670000000000e+08
1.405795370000000000e+08
1.053067300000000000e+08
1.257692220000000000e+08
1.491268060000000000e+08
1.503618030000000000e+08
1.490373740000000000e+08
1.499763950000000000e+08
1.494729150000000000e+08
1.408018980000000000e+08
1.493910100000000000e+08
1.420860910000000000e+08
1.491207060000000000e+08
1.501880970000000000e+08
1.420186970000000000e+08
1.411877190000000000e+08
1.001908180000000000e+08
1.411233490000000000e+08
1.496282160000000000e+08
1.260654800000000000e+08
1.497706320000000000e+08
1.503944390000000000e+08
1.211610140000000000e+08
1.420484470000000000e+08
1.492180720000000000e+08
1.417094360000000000e+08
1.405803360000000000e+08
1.495758100000000000e+08
1.495986760000000000e+08
1.491770490000000000e+08
1.492713030000000000e+08
1.415318100000000000e+08
1.409723680000000000e+08
1.525453280000000000e+08
1.504407550000000000e+08
1.491073600000000000e+08
1.500985420000000000e+08
1.493894190000000000e+08
1.258107990000000000e+08
1.421426020000000000e+08
1.508775700000000000e+07
1.503201780000000000e+08
1.496400560000000000e+08
1.278714230000000000e+08
1.244794080000000000e+08
1.415464810000000000e+08
1.493905650000000000e+08
1.417572300000000000e+08
1.337023730000000000e+08
1.237138040000000000e+08
1.503236430000000000e+08
1.481407040000000000e+08
1.407990350000000000e+08
1.343620490000000000e+08
1.491561800000000000e+08
1.230592770000000000e+08
1.214546310000000000e+08
1.501401660000000000e+08
1.417714830000000000e+08
1.215251180000000000e+08
1.000532060000000000e+08
1.058310380000000000e+08
1.502505280000000000e+08
1.494975430000000000e+08
1.415478300000000000e+08
1.500625020000000000e+08
1.511415600000000000e+08
1.491012260000000000e+08
1.413335910000000000e+08
1.419417080000000000e+08
1.409411530000000000e+08
1.436233580000000000e+08
1.501657350000000000e+08
1.420817110000000000e+08
1.420826040000000000e+08
1.416094300000000000e+08
1.372230140000000000e+08
1.406912260000000000e+08
1.409382470000000000e+08
1.495900700000000000e+08
1.503199680000000000e+08
1.481131500000000000e+07
1.216898500000000000e+08
1.356421590000000000e+08
1.260712270000000000e+08
1.391827440000000000e+08
1.502721310000000000e+08
1.420854910000000000e+08
1.315308680000000000e+08
1.419770860000000000e+08
1.501449410000000000e+08
1.410970270000000000e+08
1.417556000000000000e+08
1.028854940000000000e+08
1.410250900000000000e+08
1.414801760000000000e+08
1.490374520000000000e+08
1.502753090000000000e+08
1.490225980000000000e+08
1.470687260000000000e+08
1.417722920000000000e+08
1.495405250000000000e+08
1.375236170000000000e+08
1.493466750000000000e+08
1.499708750000000000e+08
1.495857390000000000e+08
1.493043130000000000e+08
1.407575900000000000e+08
1.015950360000000000e+08
1.412128810000000000e+08
1.406083260000000000e+08
1.417091010000000000e+08
1.343621640000000000e+08
1.534152130000000000e+08
1.417572940000000000e+08
1.499705890000000000e+08
1.015996780000000000e+08
1.420183280000000000e+08
1.500643910000000000e+08
1.501022270000000000e+08
1.429893740000000000e+08
1.499025390000000000e+08
1.497711580000000000e+08
1.414804340000000000e+08
1.409978180000000000e+08
1.501657400000000000e+08
1.504320790000000000e+08
1.494733940000000000e+08
1.410301680000000000e+08
1.412125480000000000e+08
1.419092810000000000e+08
1.490378120000000000e+08
1.406904280000000000e+08
1.415280600000000000e+08
1.420290260000000000e+08
1.526754100000000000e+07
1.493476290000000000e+08
1.408932380000000000e+08
1.417091340000000000e+08
1.405806340000000000e+08
1.413357870000000000e+08
1.415264390000000000e+08
1.492489690000000000e+08
1.406306350000000000e+08
1.493081750000000000e+08
1.418705890000000000e+08
1.493882650000000000e+08
1.326127920000000000e+08
1.490595840000000000e+08
1.493920920000000000e+08
1.231729790000000000e+08
1.491039410000000000e+08
1.499343050000000000e+08
1.372316960000000000e+08
1.416854650000000000e+08
1.421460510000000000e+08
1.419765980000000000e+08
1.411553520000000000e+08
1.501014760000000000e+08
1.495764130000000000e+08
1.254261930000000000e+08
1.406082300000000000e+08
1.414117130000000000e+08
1.416834000000000000e+08
1.405807170000000000e+08
1.412104480000000000e+08
1.417658360000000000e+08
1.031386890000000000e+08
1.406335680000000000e+08
1.417577320000000000e+08
1.494731710000000000e+08
1.501056030000000000e+08
1.414727770000000000e+08
1.418238820000000000e+08
1.416218030000000000e+08
1.494238510000000000e+08
1.500303230000000000e+08
1.405108620000000000e+08
1.500652440000000000e+08
1.405999720000000000e+08
1.031480340000000000e+08
1.405046900000000000e+07
1.491610750000000000e+08
1.440281010000000000e+08
1.517478950000000000e+08
1.419115190000000000e+08
1.418114320000000000e+08
1.056837120000000000e+08
1.490373630000000000e+08
1.494800820000000000e+08
1.408977320000000000e+08
1.000602910000000000e+08
1.502744870000000000e+08
1.477230870000000000e+08
1.413342740000000000e+08
1.249160680000000000e+08
1.527577780000000000e+08
1.421445940000000000e+08
1.412814950000000000e+08
1.261169980000000000e+08
1.531403520000000000e+08
1.401145690000000000e+08
1.501075390000000000e+08
1.495014850000000000e+08
1.504418100000000000e+08
1.409715450000000000e+08
1.495398940000000000e+08
1.034013040000000000e+08
1.418262290000000000e+08
1.408947030000000000e+08
1.406889410000000000e+08
1.505230060000000000e+08
1.500329830000000000e+08
1.493517760000000000e+08
1.503599820000000000e+08
1.406612890000000000e+08
1.503233340000000000e+08
1.502497710000000000e+08
1.494992920000000000e+08
1.492204450000000000e+08
1.419759030000000000e+08
1.258677330000000000e+08
1.264052760000000000e+08
1.500989790000000000e+08
1.406874460000000000e+08
1.417573260000000000e+08
1.492183500000000000e+08
1.495427090000000000e+08
1.493925740000000000e+08
1.501660910000000000e+08
1.411217930000000000e+08
1.420860810000000000e+08
1.491763050000000000e+08
1.411241440000000000e+08
1.023500350000000000e+08
1.418688360000000000e+08
1.492531730000000000e+08
1.516903420000000000e+08
1.502722770000000000e+08
1.541198400000000000e+07
1.420180150000000000e+08
1.245847030000000000e+08
1.417574410000000000e+08
1.492179370000000000e+08
1.414713920000000000e+08
1.415268280000000000e+08
1.455158040000000000e+08
1.467419080000000000e+08
1.481004100000000000e+07
1.406615950000000000e+08
1.491796070000000000e+08
1.534219940000000000e+08
1.278804860000000000e+08
1.382016360000000000e+08
1.419153670000000000e+08
1.417568210000000000e+08
1.505235840000000000e+08
1.412151410000000000e+08
1.412817420000000000e+08
1.426481030000000000e+08
1.501069480000000000e+08
1.413358860000000000e+08
1.417701210000000000e+08
1.499317540000000000e+08
1.417092960000000000e+08
1.492190920000000000e+08
1.409999290000000000e+08
1.415279650000000000e+08
1.418117340000000000e+08
1.501887360000000000e+08
1.503557640000000000e+08
1.411213350000000000e+08
1.264692520000000000e+08
1.416231740000000000e+08
1.409431850000000000e+08
1.421077560000000000e+08
1.228475830000000000e+08
1.499717540000000000e+08
1.494743870000000000e+08
1.410919230000000000e+08
1.544383570000000000e+08
1.407968540000000000e+08
1.421078330000000000e+08
1.420517860000000000e+08
1.405966220000000000e+08
1.405809490000000000e+08
1.414845090000000000e+08
1.429897360000000000e+08
1.492487930000000000e+08
1.504298070000000000e+08
1.478306410000000000e+08
1.501873730000000000e+08
1.501479850000000000e+08
1.408929380000000000e+08
1.416108930000000000e+08
1.496307340000000000e+08
1.508081330000000000e+08
1.470638770000000000e+08
1.496258120000000000e+08
1.502965600000000000e+08
1.405761740000000000e+08
1.406630570000000000e+08
1.503925840000000000e+08
1.418229080000000000e+08
1.416252740000000000e+08
1.495029500000000000e+08
1.520499580000000000e+08
1.411860750000000000e+08
1.500295380000000000e+08
1.414711050000000000e+08
1.417141910000000000e+08
1.256579270000000000e+08
1.494459280000000000e+08
1.530917210000000000e+08
1.420293270000000000e+08
1.410262670000000000e+08
1.451872770000000000e+08
1.499345900000000000e+08
1.412119660000000000e+08
1.493478050000000000e+08
1.420528760000000000e+08
1.251004470000000000e+08
1.417126540000000000e+08
1.420819730000000000e+08
1.353321220000000000e+08
1.271671670000000000e+08
1.405783040000000000e+08
1.507359100000000000e+08
1.409683570000000000e+08
1.411852700000000000e+08
1.229754110000000000e+08
1.492181000000000000e+08
1.414071590000000000e+08
1.412710780000000000e+08
1.243735520000000000e+08
1.393716000000000000e+08
1.408024790000000000e+08
1.493025070000000000e+08
1.499879400000000000e+08
1.501053500000000000e+08
1.511424240000000000e+08
1.538058440000000000e+08
1.501641240000000000e+08
1.531361220000000000e+08
1.492152620000000000e+08
1.421423160000000000e+08
1.406873820000000000e+08
1.003074100000000000e+08
1.407195260000000000e+08
1.369163870000000000e+08
1.511983400000000000e+08
1.414793100000000000e+08
1.523770560000000000e+08
1.406868390000000000e+08
1.420829420000000000e+08
1.405992840000000000e+08
1.491545770000000000e+08
1.412802550000000000e+08
1.414861050000000000e+08
1.232881310000000000e+08
1.046295840000000000e+08
1.499756760000000000e+08
1.494980990000000000e+08
1.501072620000000000e+08
1.409718420000000000e+08
1.494810100000000000e+08
1.494223640000000000e+08
1.414125320000000000e+08
1.494498880000000000e+08
1.359393830000000000e+08
1.457983020000000000e+08
1.496266500000000000e+08
1.017489940000000000e+08
1.492514430000000000e+08
1.503615130000000000e+08
1.491548210000000000e+08
1.418105290000000000e+08
1.439293390000000000e+08
1.502733010000000000e+08
1.540475430000000000e+08
1.414357580000000000e+08
1.500633210000000000e+08
1.420167670000000000e+08
1.502726560000000000e+08
1.418115400000000000e+08
1.493306430000000000e+08
1.504319200000000000e+08
1.501048080000000000e+08
1.503905430000000000e+08
1.491587240000000000e+08
1.254339360000000000e+08
1.491792260000000000e+08
1.420535000000000000e+08
1.408937220000000000e+08
1.420520860000000000e+08
1.410247990000000000e+08
1.503927530000000000e+08
1.413345850000000000e+08
1.411209400000000000e+08
1.420868120000000000e+08
1.501469730000000000e+08
1.393705370000000000e+08
1.511168980000000000e+08
1.503593250000000000e+08
1.491587890000000000e+08
1.501647950000000000e+08
1.411863250000000000e+08
1.494493850000000000e+08
1.409388040000000000e+08
1.501500950000000000e+08
1.375286180000000000e+08
1.417718310000000000e+08
1.493083170000000000e+08
1.421079220000000000e+08
1.495745420000000000e+08
1.353390560000000000e+08
1.261794440000000000e+08
1.412677910000000000e+08
1.052989650000000000e+08
1.225870120000000000e+08
1.504992250000000000e+08
1.414736170000000000e+08
1.495909890000000000e+08
1.494833510000000000e+08
1.457248200000000000e+07
1.416215030000000000e+08
1.416112370000000000e+08
1.493037660000000000e+08
1.500292750000000000e+08
1.419412200000000000e+08
1.415479790000000000e+08
1.251150880000000000e+08
1.229412070000000000e+08
1.393717180000000000e+08
1.250815390000000000e+08
1.393693330000000000e+08
1.499721020000000000e+08
1.421094300000000000e+08
1.497307000000000000e+08
1.405986530000000000e+08
1.410948610000000000e+08
1.420819990000000000e+08
1.054505140000000000e+08
1.502734020000000000e+08
1.500292720000000000e+08
1.495703800000000000e+08
1.501887780000000000e+08
1.421093900000000000e+08
1.405786060000000000e+08
1.418678950000000000e+08
1.503008700000000000e+08
1.419090980000000000e+08
1.417528830000000000e+08
1.544382900000000000e+08
1.502995760000000000e+08
1.393691070000000000e+08
1.525514620000000000e+08
1.502447200000000000e+08
1.414820690000000000e+08
1.448731080000000000e+08
1.496280340000000000e+08
1.487569030000000000e+08
1.499885230000000000e+08
1.420490250000000000e+08
1.407604340000000000e+08
1.420169530000000000e+08
1.414220960000000000e+08
1.417705920000000000e+08
1.416254860000000000e+08
1.494445450000000000e+08
1.520499290000000000e+08
1.491744940000000000e+08
1.499021760000000000e+08
1.495417800000000000e+08
1.420513490000000000e+08
1.418230200000000000e+08
1.406599800000000000e+08
1.405805950000000000e+08
1.414727170000000000e+08
1.496301170000000000e+08
1.491758590000000000e+08
1.513004970000000000e+08
1.543857280000000000e+08
1.419779350000000000e+08
1.416123140000000000e+08
1.237232900000000000e+08
1.492188900000000000e+08
1.503891420000000000e+08
1.501016880000000000e+08
1.408565060000000000e+08
1.419101780000000000e+08
1.416221190000000000e+08
1.494495300000000000e+08
1.419112010000000000e+08
1.413777120000000000e+08
1.491766840000000000e+08
1.406301240000000000e+08
1.539082140000000000e+08
1.369168240000000000e+08
1.455161060000000000e+08
1.419779320000000000e+08
1.517041570000000000e+08
1.413336770000000000e+08
1.527753600000000000e+07
1.406878260000000000e+08
1.421052990000000000e+08
1.408615480000000000e+08
1.511314260000000000e+08
1.421054660000000000e+08
1.503914360000000000e+08
1.494976740000000000e+08
1.411263970000000000e+08
1.239093460000000000e+08
1.407151800000000000e+08
1.499713310000000000e+08
1.504424970000000000e+08
1.504302750000000000e+08
1.490606530000000000e+08
1.416059820000000000e+08
1.491607780000000000e+08
1.239197300000000000e+08
1.535660090000000000e+08
1.416081980000000000e+08
1.504308290000000000e+08
1.410966350000000000e+08
1.501855740000000000e+08
1.411519530000000000e+08
1.503581470000000000e+08
1.493926710000000000e+08
1.529099700000000000e+08
1.285875150000000000e+08
1.259580420000000000e+08
1.394855460000000000e+08
1.495418410000000000e+08
1.416856430000000000e+08
1.503906190000000000e+08
1.408900280000000000e+08
1.495988620000000000e+08
1.492184970000000000e+08
1.490376410000000000e+08
1.217578570000000000e+08
1.414257020000000000e+08
1.414142170000000000e+08
1.503206200000000000e+08
1.407619480000000000e+08
1.393712650000000000e+08
1.501886630000000000e+08
1.417554140000000000e+08
1.251155240000000000e+08
1.442547210000000000e+08
1.243503600000000000e+08
1.494231740000000000e+08
1.499706130000000000e+08
1.492526700000000000e+08
1.412163980000000000e+08
1.406320800000000000e+08
1.000605870000000000e+08
1.537891170000000000e+08
1.494793520000000000e+08
1.499880590000000000e+08
1.503903270000000000e+08
1.416825890000000000e+08
1.411552640000000000e+08
1.501422070000000000e+08
1.504428410000000000e+08
1.418699670000000000e+08
1.493484880000000000e+08
1.491551980000000000e+08
1.035313290000000000e+08
1.503943610000000000e+08
1.359443280000000000e+08
1.337016830000000000e+08
1.502716800000000000e+08
1.499759220000000000e+08
1.500642380000000000e+08
1.504315180000000000e+08
1.420825480000000000e+08
1.420847620000000000e+08
1.420178260000000000e+08
1.418253690000000000e+08
1.439435920000000000e+08
1.508074160000000000e+08
1.414729110000000000e+08
1.494208960000000000e+08
1.501001060000000000e+08
1.415307000000000000e+08
1.421066240000000000e+08
1.493471030000000000e+08
1.493077800000000000e+08
1.499917930000000000e+08
1.405773630000000000e+08
1.503221960000000000e+08
1.005739800000000000e+08
1.501431370000000000e+08
1.469289220000000000e+08
1.494497950000000000e+08
1.027476910000000000e+08
1.501426530000000000e+08
1.499301500000000000e+08
1.492519110000000000e+08
1.538109120000000000e+08
1.260794970000000000e+08
1.275166190000000000e+08
1.412720040000000000e+08
1.018501640000000000e+08
1.491603590000000000e+08
1.518118630000000000e+08
1.064549180000000000e+08
1.490393720000000000e+08
1.417560710000000000e+08
1.415484740000000000e+08
1.415448610000000000e+08
1.409433230000000000e+08
1.417083350000000000e+08
1.417699830000000000e+08
1.504322110000000000e+08
1.412127200000000000e+08
1.516954240000000000e+08
1.513046730000000000e+08
1.416278460000000000e+08
1.502383690000000000e+08
1.499346670000000000e+08
1.501071760000000000e+08
1.406584840000000000e+08
1.492489320000000000e+08
1.406356460000000000e+08
1.417551630000000000e+08
1.251150820000000000e+08
1.417680700000000000e+08
1.026382410000000000e+08
1.503011890000000000e+08
1.503572900000000000e+08
1.405975180000000000e+08
1.054513250000000000e+08
1.009616430000000000e+08
1.412820970000000000e+08
1.502753600000000000e+08
1.033894860000000000e+08
1.508005930000000000e+08
1.491245360000000000e+08
1.493036480000000000e+08
1.411275410000000000e+08
1.502711690000000000e+08
1.375331630000000000e+08
1.393694330000000000e+08
1.416806810000000000e+08
1.491007640000000000e+08
1.499915780000000000e+08
1.214413220000000000e+08
1.416100120000000000e+08
1.416104730000000000e+08
1.492160240000000000e+08
1.220085640000000000e+08
1.416069860000000000e+08
1.499722110000000000e+08
1.247285780000000000e+08
1.503213300000000000e+08
1.416060600000000000e+08
1.419429110000000000e+08
1.046439010000000000e+08
1.509384040000000000e+08
1.420827960000000000e+08
1.405984640000000000e+08
1.492531540000000000e+08
1.503617510000000000e+08
1.544467010000000000e+08
1.501667110000000000e+08
1.416114610000000000e+08
1.244818770000000000e+08
1.416272680000000000e+08
1.499898640000000000e+08
1.496305950000000000e+08
1.501880710000000000e+08
1.502381530000000000e+08
1.493461630000000000e+08
1.419444880000000000e+08
1.405275540000000000e+08
1.526599550000000000e+08
1.501673190000000000e+08
1.411226770000000000e+08
1.493015750000000000e+08
1.381885600000000000e+08
1.420526080000000000e+08
1.416816450000000000e+08
1.501072140000000000e+08
1.475421590000000000e+08
1.501017990000000000e+08
1.417110080000000000e+08
1.499895350000000000e+08
1.419094810000000000e+08
1.494236940000000000e+08
1.414828020000000000e+08
1.411561050000000000e+08
1.503611040000000000e+08
1.214559540000000000e+08
1.405994710000000000e+08
1.235193270000000000e+08
1.491254180000000000e+08
1.501855860000000000e+08
1.502720640000000000e+08
1.408998250000000000e+08
1.406579310000000000e+08
1.410923690000000000e+08
1.504316590000000000e+08
1.406088540000000000e+08
1.500304110000000000e+08
1.499350430000000000e+08
1.417133800000000000e+08
1.408264380000000000e+08
1.405991250000000000e+08
1.503216630000000000e+08
1.501918810000000000e+08
1.413342930000000000e+08
1.259587650000000000e+08
1.410936930000000000e+08
1.414223390000000000e+08
1.503226520000000000e+08
1.504304040000000000e+08
1.405961730000000000e+08
1.411272530000000000e+08
1.508017070000000000e+08
1.502454300000000000e+08
1.421065810000000000e+08
1.420855690000000000e+08
1.502509590000000000e+08
1.499722070000000000e+08
1.418708310000000000e+08
1.411212360000000000e+08
1.408598220000000000e+08
1.407601640000000000e+08
1.491213850000000000e+08
1.408943540000000000e+08
1.416220650000000000e+08
1.418658750000000000e+08
1.499023660000000000e+08
1.405798470000000000e+08
1.416267830000000000e+08
1.541171210000000000e+08
1.037702050000000000e+08
1.406334730000000000e+08
1.405766500000000000e+08
1.493025520000000000e+08
1.502709770000000000e+08
1.492744220000000000e+08
1.406361620000000000e+08
1.228569790000000000e+08
1.414139320000000000e+08
1.501855810000000000e+08
1.414253490000000000e+08
1.410962700000000000e+08
1.501087110000000000e+08
1.095424300000000000e+07
1.264689640000000000e+08
1.464541470000000000e+08
1.419102300000000000e+08
1.408016830000000000e+08
1.258024130000000000e+08
1.409462370000000000e+08
1.229414400000000000e+08
1.504419050000000000e+08
1.537891970000000000e+08
1.418241500000000000e+08
1.411875700000000000e+08
1.391574610000000000e+08
1.017475010000000000e+08
1.026374850000000000e+08
1.492173420000000000e+08
1.501664650000000000e+08
1.337016710000000000e+08
1.224321330000000000e+08
1.502709790000000000e+08
1.405796740000000000e+08
1.541414700000000000e+07
1.418241220000000000e+08
1.491600580000000000e+08
1.529958090000000000e+08
1.418264950000000000e+08
1.504401760000000000e+08
1.418062920000000000e+08
1.413355530000000000e+08
1.258115630000000000e+08
1.503616160000000000e+08
1.408030800000000000e+08
1.263032060000000000e+08
1.031375540000000000e+08
1.406089050000000000e+08
1.003100360000000000e+08
1.501873820000000000e+08
1.544401840000000000e+08
1.501418980000000000e+08
1.491800760000000000e+08
1.495381230000000000e+08
1.501879080000000000e+08
1.408301010000000000e+08
1.504421520000000000e+08
1.494443410000000000e+08
1.502469250000000000e+08
1.414290300000000000e+08
1.493467520000000000e+08
1.449351790000000000e+08
1.414137060000000000e+08
1.415442810000000000e+08
1.500317660000000000e+08
1.223202460000000000e+08
1.491027230000000000e+08
1.502717800000000000e+08
1.503231380000000000e+08
1.013341730000000000e+08
1.001857480000000000e+08
1.501866030000000000e+08
1.378728670000000000e+08
1.500327860000000000e+08
1.416255590000000000e+08
1.504426580000000000e+08
1.492534090000000000e+08
1.501676430000000000e+08
1.503570640000000000e+08
1.416075530000000000e+08
1.229417220000000000e+08
1.409978600000000000e+08
1.492507530000000000e+08
1.207116880000000000e+08
1.501015640000000000e+08
1.491760800000000000e+08
1.469820900000000000e+07
1.503223650000000000e+08
1.255323190000000000e+08
1.501036500000000000e+08
1.413351000000000000e+08
1.526590340000000000e+08
1.501436650000000000e+08
1.494738390000000000e+08
1.407589530000000000e+08
1.300670420000000000e+08
1.410953590000000000e+08
1.409389750000000000e+08
1.492197290000000000e+08
1.417693560000000000e+08
1.063185780000000000e+08
1.516121200000000000e+07
1.408581400000000000e+08
1.410946720000000000e+08
1.418238810000000000e+08
1.414809530000000000e+08
1.412168200000000000e+08
1.415456160000000000e+08
1.501391820000000000e+08
1.493479480000000000e+08
1.421053080000000000e+08
1.499897810000000000e+08
1.493020860000000000e+08
1.248028850000000000e+08
1.415420330000000000e+08
1.502491550000000000e+08
1.503950090000000000e+08
1.503211830000000000e+08
1.503207120000000000e+08
1.541946210000000000e+08
1.233014130000000000e+08
1.419762470000000000e+08
1.469214640000000000e+08
1.405294190000000000e+08
1.053074280000000000e+08
1.500627720000000000e+08
1.499345540000000000e+08
1.491242180000000000e+08
1.418092200000000000e+08
1.495031440000000000e+08
1.493477720000000000e+08
1.496255800000000000e+08
1.504435130000000000e+08
1.491759650000000000e+08
1.216751740000000000e+08
1.494504280000000000e+08
1.491786750000000000e+08
1.385183660000000000e+08
1.055727770000000000e+08
1.501014720000000000e+08
1.500314430000000000e+08
1.541939340000000000e+08
1.227561510000000000e+08
1.460692980000000000e+08
1.491073890000000000e+08
1.421492420000000000e+08
1.475532140000000000e+08
1.252178710000000000e+08
1.417562130000000000e+08
1.501065530000000000e+08
1.416104860000000000e+08
1.300757090000000000e+08
1.416249790000000000e+08
1.333830290000000000e+08
1.056906140000000000e+08
1.227558250000000000e+08
1.405981790000000000e+08
1.410454360000000000e+08
1.541167280000000000e+08
1.501445700000000000e+08
1.046440650000000000e+08
1.499711130000000000e+08
1.502463940000000000e+08
1.252244700000000000e+08
1.405110690000000000e+08
1.495991890000000000e+08
1.494205960000000000e+08
1.416122210000000000e+08
1.500349480000000000e+08
1.503011090000000000e+08
1.503569060000000000e+08
1.410269030000000000e+08
1.415444940000000000e+08
1.207073290000000000e+08
1.499903670000000000e+08
1.005824060000000000e+08
1.416851800000000000e+08
1.501434240000000000e+08
1.293112590000000000e+08
1.258024210000000000e+08
1.493475340000000000e+08
1.501887580000000000e+08
1.421078210000000000e+08
1.419436940000000000e+08
1.494976620000000000e+08
1.415275790000000000e+08
1.503902600000000000e+08
1.504304310000000000e+08
1.494506120000000000e+08
1.493067690000000000e+08
1.496307540000000000e+08
1.410960710000000000e+08
1.369158780000000000e+08
1.007013850000000000e+08
1.407548470000000000e+08
1.494977630000000000e+08
1.498058710000000000e+08
1.501886590000000000e+08
1.469273270000000000e+08
1.416915380000000000e+08
1.412682800000000000e+08
1.343626740000000000e+08
1.410289620000000000e+08
1.282312820000000000e+08
1.490378410000000000e+08
1.501879160000000000e+08
1.319368850000000000e+08
1.502732550000000000e+08
1.499146970000000000e+08
1.417094220000000000e+08
1.410459930000000000e+08
1.375333890000000000e+08
1.249952370000000000e+08
1.499892420000000000e+08
1.530865370000000000e+08
1.517396590000000000e+08
1.207069420000000000e+08
1.417722590000000000e+08
1.405804820000000000e+08
1.414718700000000000e+08
1.406093840000000000e+08
1.503595000000000000e+08
1.527727400000000000e+07
1.500309500000000000e+08
1.263087310000000000e+08
1.491561390000000000e+08
1.496331150000000000e+08
1.494232220000000000e+08
1.494976910000000000e+08
1.499922420000000000e+08
1.481414150000000000e+08
1.495431130000000000e+08
1.415303150000000000e+08
1.504332700000000000e+08
1.495439000000000000e+08
1.493050700000000000e+08
1.505071100000000000e+08
1.418054930000000000e+08
1.503619110000000000e+08
1.055599580000000000e+08
1.501015010000000000e+08
1.417121670000000000e+08
1.439384410000000000e+08
1.502991150000000000e+08
1.421424880000000000e+08
1.418676070000000000e+08
1.534224150000000000e+08
1.499908410000000000e+08
1.501016160000000000e+08
1.491248130000000000e+08
1.502456140000000000e+08
1.494734670000000000e+08
1.442553130000000000e+08
1.502502360000000000e+08
1.406352850000000000e+08
1.516102560000000000e+08
1.258648900000000000e+08
1.417579200000000000e+08
1.421091020000000000e+08
1.502991670000000000e+08
1.225786580000000000e+08
1.405780240000000000e+08
1.409981160000000000e+08
1.499309940000000000e+08
1.421056130000000000e+08
1.063218010000000000e+08
1.416069580000000000e+08
1.406892040000000000e+08
1.409706130000000000e+08
1.414109610000000000e+08
1.243690490000000000e+08
1.393707010000000000e+08
1.491590390000000000e+08
1.506370400000000000e+08
1.415265470000000000e+08
1.411247930000000000e+08
1.415425850000000000e+08
1.494796240000000000e+08
1.490393080000000000e+08
1.491253770000000000e+08
1.036364230000000000e+08
1.417700470000000000e+08
1.409397040000000000e+08
1.282407340000000000e+08
1.529049440000000000e+08
1.421424500000000000e+08
1.534154550000000000e+08
1.500651090000000000e+08
1.442552420000000000e+08
1.414122900000000000e+08
1.492522250000000000e+08
1.319290080000000000e+08
1.499730440000000000e+08
1.494975220000000000e+08
1.337090150000000000e+08
1.499023030000000000e+08
1.491075850000000000e+08
1.492725060000000000e+08
1.523550100000000000e+08
1.369158820000000000e+08
1.410902700000000000e+08
1.317344900000000000e+07
1.502496060000000000e+08
1.504432960000000000e+08
1.058333110000000000e+08
1.500624470000000000e+08
1.215073400000000000e+08
1.493476080000000000e+08
1.407971480000000000e+08
1.499300090000000000e+08
1.531356840000000000e+08
1.451960430000000000e+08
1.414717550000000000e+08
1.517476640000000000e+08
1.011981850000000000e+08
1.494813370000000000e+08
1.493911420000000000e+08
1.503576130000000000e+08
1.502995480000000000e+08
1.496399440000000000e+08
1.237229580000000000e+08
1.056966140000000000e+08
1.372324870000000000e+08
1.405990560000000000e+08
1.500296510000000000e+08
1.516057100000000000e+08
1.408275880000000000e+08
1.496654620000000000e+08
1.415427550000000000e+08
1.411571800000000000e+08
1.414795470000000000e+08
1.503223400000000000e+08
1.416107590000000000e+08
1.415420230000000000e+08
1.502754590000000000e+08
1.411218900000000000e+08
1.405107140000000000e+08
1.417092370000000000e+08
1.495757260000000000e+08
1.415307480000000000e+08
1.238083530000000000e+08
1.419106060000000000e+08
1.407568240000000000e+08
1.493044950000000000e+08
1.026330560000000000e+08
1.249126660000000000e+08
1.498111860000000000e+08
1.531403990000000000e+08
1.501647740000000000e+08
1.442553540000000000e+08
1.408286630000000000e+08
1.213680380000000000e+08
1.419770760000000000e+08
1.239934510000000000e+08
1.492752350000000000e+08
1.319361230000000000e+08
1.535527740000000000e+08
1.036401740000000000e+08
1.495764070000000000e+08
1.414724080000000000e+08
1.253354180000000000e+08
1.211550440000000000e+08
1.504430460000000000e+08
1.494985480000000000e+08
1.229670340000000000e+08
1.503941260000000000e+08
1.411838940000000000e+08
1.417081470000000000e+08
1.236089750000000000e+08
1.311700900000000000e+08
1.504400790000000000e+08
1.501674200000000000e+08
1.500310400000000000e+08
1.411541150000000000e+08
1.503955290000000000e+08
1.537893500000000000e+08
1.492529610000000000e+08
1.411870100000000000e+08
1.491741060000000000e+08
1.499937200000000000e+08
1.501667590000000000e+08
1.418263650000000000e+08
1.499028470000000000e+08
1.500979910000000000e+08
1.414286200000000000e+08
1.207122590000000000e+08
1.494455800000000000e+08
1.417716910000000000e+08
1.407585950000000000e+08
1.508028710000000000e+08
1.207903590000000000e+08
1.420202470000000000e+08
1.421092830000000000e+08
1.500324100000000000e+08
1.502990780000000000e+08
1.493027440000000000e+08
1.406613680000000000e+08
1.501454560000000000e+08
1.447546700000000000e+07
1.417099970000000000e+08
1.326127590000000000e+08
1.494376200000000000e+08
1.503923770000000000e+08
1.414362150000000000e+08
1.503231130000000000e+08
1.412705890000000000e+08
1.412686050000000000e+08
1.413821810000000000e+08
1.472272560000000000e+08
1.416082890000000000e+08
1.265312150000000000e+08
1.416059290000000000e+08
1.405122000000000000e+08
1.063239460000000000e+08
1.417702990000000000e+08
1.416215340000000000e+08
1.420538130000000000e+08
1.502477210000000000e+08
1.046426450000000000e+08
1.503202350000000000e+08
1.408018310000000000e+08
1.492732990000000000e+08
1.494737820000000000e+08
1.493937810000000000e+08
1.501648750000000000e+08
1.491567480000000000e+08
1.499353600000000000e+08
1.061740370000000000e+08
1.406918430000000000e+08
1.411274350000000000e+08
1.491759110000000000e+08
1.518973830000000000e+08
1.503237500000000000e+08
1.523852650000000000e+08
1.491547170000000000e+08
1.501887590000000000e+08
1.501006270000000000e+08
1.215240190000000000e+08
1.501645230000000000e+08
1.419780950000000000e+08
1.415450370000000000e+08
1.490391160000000000e+08
1.417661910000000000e+08
1.492743670000000000e+08
1.503911180000000000e+08
1.460699390000000000e+08
1.406589820000000000e+08
1.408959830000000000e+08
1.408971620000000000e+08
1.490599500000000000e+08
1.414713570000000000e+08
1.523320640000000000e+08
1.406096480000000000e+08
1.502481330000000000e+08
1.503930640000000000e+08
1.421046860000000000e+08
1.492526150000000000e+08
1.285800390000000000e+08
1.421468350000000000e+08
1.416271260000000000e+08
1.502454030000000000e+08
1.406325710000000000e+08
1.491745760000000000e+08
1.411287730000000000e+08
1.503607660000000000e+08
1.491766420000000000e+08
1.419107900000000000e+08
1.259569530000000000e+08
1.412699640000000000e+08
1.406361560000000000e+08
1.495425380000000000e+08
1.491027620000000000e+08
1.409388880000000000e+08
1.315298720000000000e+08
1.417701980000000000e+08
1.410297120000000000e+08
1.220088170000000000e+08
1.494729070000000000e+08
1.408941850000000000e+08
1.414235360000000000e+08
1.497232420000000000e+08
1.501636950000000000e+08
1.503931910000000000e+08
1.508280890000000000e+08
1.496252540000000000e+08
1.421091850000000000e+08
1.499908650000000000e+08
1.495020010000000000e+08
1.410281200000000000e+08
1.418114450000000000e+08
1.411210440000000000e+08
1.421425860000000000e+08
1.419750440000000000e+08
1.418078390000000000e+08
1.009433290000000000e+08
1.415275710000000000e+08
1.407616410000000000e+08
1.416800550000000000e+08
1.407575710000000000e+08
1.415428260000000000e+08
1.500294740000000000e+08
1.414357050000000000e+08
1.418051800000000000e+08
1.421427180000000000e+08
1.504392890000000000e+08
1.406361890000000000e+08
1.491213690000000000e+08
1.499712770000000000e+08
1.500659450000000000e+08
1.504317910000000000e+08
1.502507880000000000e+08
1.449422140000000000e+08
1.502743860000000000e+08
1.221995420000000000e+08
1.372225730000000000e+08
1.409682600000000000e+08
1.207905680000000000e+08
1.417135930000000000e+08
1.500645250000000000e+08
1.504308370000000000e+08
1.415282800000000000e+08
1.503891270000000000e+08
1.411538360000000000e+08
1.405987580000000000e+08
1.492743120000000000e+08
1.493915350000000000e+08
1.414238120000000000e+08
1.504318590000000000e+08
1.499339860000000000e+08
1.401135120000000000e+08
1.516003990000000000e+08
1.500670870000000000e+08
1.502493670000000000e+08
1.490999600000000000e+07
1.494795100000000000e+08
1.495719300000000000e+08
1.500302050000000000e+08
1.501897450000000000e+08
1.420199560000000000e+08
1.503931980000000000e+08
1.513003520000000000e+08
1.508077240000000000e+08
1.504427480000000000e+08
1.408287510000000000e+08
1.408576610000000000e+08
1.492477070000000000e+08
1.407600060000000000e+08
1.405809850000000000e+08
1.417131890000000000e+08
1.500992180000000000e+08
1.503904900000000000e+08
1.405968020000000000e+08
1.411235880000000000e+08
1.499022030000000000e+08
1.504305660000000000e+08
1.502496220000000000e+08
1.411533490000000000e+08
1.500651510000000000e+08
1.491051070000000000e+08
1.420522770000000000e+08
1.496266440000000000e+08
1.504311200000000000e+08
1.322413210000000000e+08
1.502457540000000000e+08
1.494771000000000000e+08
1.503592120000000000e+08
1.501472760000000000e+08
1.412809390000000000e+08
1.408984360000000000e+08
1.501444150000000000e+08
1.407617570000000000e+08
1.495421190000000000e+08
1.414230330000000000e+08
1.408993830000000000e+08
1.406884520000000000e+08
1.527940600000000000e+07
1.503574040000000000e+08
1.419449110000000000e+08
1.417719080000000000e+08
1.491772710000000000e+08
1.412712160000000000e+08
1.494977000000000000e+08
1.407552160000000000e+08
1.391822040000000000e+08
1.418109340000000000e+08
1.502454380000000000e+08
1.492699650000000000e+08
1.036420860000000000e+08
1.502478690000000000e+08
1.503015290000000000e+08
1.304312880000000000e+08
1.414697400000000000e+08
1.500297560000000000e+08
1.478290160000000000e+08
1.417527870000000000e+08
1.421096650000000000e+08
1.503009350000000000e+08
1.502721480000000000e+08
1.407547970000000000e+08
1.493474800000000000e+08
1.502493840000000000e+08
1.491749920000000000e+08
1.499922210000000000e+08
1.260779920000000000e+08
1.414265250000000000e+08
1.490371120000000000e+08
1.412684670000000000e+08
1.501650340000000000e+08
1.493915000000000000e+08
1.492691780000000000e+08
1.493886410000000000e+08
1.419416840000000000e+08
1.499938610000000000e+08
1.501687390000000000e+08
1.499024110000000000e+08
1.494236520000000000e+08
1.239146380000000000e+08
1.429893040000000000e+08
1.407606140000000000e+08
1.237220420000000000e+08
1.406342570000000000e+08
1.504315990000000000e+08
1.501899950000000000e+08
1.405810310000000000e+08
1.409698690000000000e+08
1.417579310000000000e+08
1.414131200000000000e+08
1.492203780000000000e+08
1.501458000000000000e+08
1.418099620000000000e+08
1.492516110000000000e+08
1.420828320000000000e+08
1.235134380000000000e+08
1.501090080000000000e+08
1.448824720000000000e+08
1.511307010000000000e+08
1.491207260000000000e+08
1.501004210000000000e+08
1.541985170000000000e+08
1.500683810000000000e+08
1.493942570000000000e+08
1.408303900000000000e+08
1.216920990000000000e+08
1.407588310000000000e+08
1.460771300000000000e+08
1.405973530000000000e+08
1.405965130000000000e+08
1.503933900000000000e+08
1.501103910000000000e+08
1.503592600000000000e+08
1.470783200000000000e+08
1.420858420000000000e+08
1.337010570000000000e+08
1.540484500000000000e+08
1.499344310000000000e+08
1.412119980000000000e+08
1.491206020000000000e+08
